FrameNumber,249
FirstFrame,2987
PointFrequency,100
AnalogFrequency,1000

Left_Foot_Strike,30.05,31.11,32.13
Right_Foot_Off,30.15,31.21,32.24
Right_Foot_Strike,30.58,31.62
Left_Foot_Off,30.69,31.72
General_Left_FP,31.23,31.23
General_General_Left_FP,31.23

Time,PELVISO,,,PELVISA,,,PELVISL,,,PELVISP,,,LFEMURO,,,LFEMURA,,,LFEMURL,,,LFEMURP,,,LTIBIAO,,,LTIBIAA,,,LTIBIAL,,,LTIBIAP,,,LFOOTO,,,LFOOTA,,,LFOOTL,,,LFOOTP,,,LTOESO,,,LTOESA,,,LTOESL,,,LTOESP,,,RFEMURO,,,RFEMURA,,,RFEMURL,,,RFEMURP,,,RTIBIAO,,,RTIBIAA,,,RTIBIAL,,,RTIBIAP,,,RFOOTO,,,RFOOTA,,,RFOOTL,,,RFOOTP,,,RTOESO,,,RTOESA,,,RTOESL,,,RTOESP,,,THORAXO,,,THORAXA,,,THORAXL,,,THORAXP,,,LUPPERARMO,,,LUPPERARMA,,,LUPPERARML,,,LUPPERARMP,,,LFOREARMO,,,LFOREARMA,,,LFOREARML,,,LFOREARMP,,,LHANDO,,,LHANDA,,,LHANDL,,,LHANDP,,,RUPPERARMO,,,RUPPERARMA,,,RUPPERARML,,,RUPPERARMP,,,RFOREARMO,,,RFOREARMA,,,RFOREARML,,,RFOREARMP,,,RHANDO,,,RHANDA,,,RHANDL,,,RHANDP,,,HEADO,,,HEADA,,,HEADL,,,HEADP,,,LFHD,,,RFHD,,,LBHD,,,RBHD,,,LMAS,,,RMAS,,,GLAB,,,C7,,,T2,,,T10,,,CLAV,,,STRN,,,RBAK,,,LSHO,,,LUPA,,,LELB,,,LFRM,,,LWRA,,,LWRB,,,LFIN,,,RSHO,,,RUPA,,,RELB,,,RFRM,,,RWRA,,,RWRB,,,RFIN,,,LASI,,,RASI,,,LPSI,,,RPSI,,,LTHI,,,LTHAP,,,LTHAD,,,LKNE,,,LTIB,,,LTIAP,,,LTIAD,,,LANK,,,LHEE,,,LTOE,,,LFMH,,,LVMH,,,LFootOff,,,RTHI,,,RTHAP,,,RTHAD,,,RKNE,,,RTIB,,,RTIAP,,,RTIAD,,,RANK,,,RHEE,,,RTOE,,,RFMH,,,RVMH,,,RFootOff,,,TrunkIMUO,,,TrunkIMUP,,,TrunkIMUL,,,PelvisIMUO,,,PelvisIMUP,,,PelvisIMUL,,,LFemurIMUO,,,LFemurIMUP,,,LFemurIMUL,,,LTibiaIMUO,,,LTibiaIMUP,,,LTibiaIMUL,,,RFemurIMUO,,,RFemurIMUP,,,RFemurIMUL,,,RTibiaIMUO,,,RTibiaIMUP,,,RTibiaIMUL,,,LHJC,,,RHJC,,,LKJC,,,RKJC,,,LAJC,,,RAJC,,,LFJC,,,RFJC,,,LSJC,,,RSJC,,,LEJC,,,REJC,,,LHO,,,RHO,,,CentreOfMass,,,LeftMidFoot,,,LHipAngles,,,LKneeAngles,,,LAnkleAngles,,,LForeFootAngles,,,RHipAngles,,,RKneeAngles,,,RAnkleAngles,,,RForeFootAngles,,,LSpineAngles,,,RSpineAngles,,,LShoulderAngles,,,LElbowAngles,,,LWristAngles,,,LNeckAngles,,,RShoulderAngles,,,RElbowAngles,,,RWristAngles,,,RNeckAngles,,,LFootProgressAngles,,,RFootProgressAngles,,,LPelvisAngles,,,RPelvisAngles,,,LThoraxAngles,,,RThoraxAngles,,,LHeadAngles,,,RHeadAngles,,,LGroundReactionForce,,,RGroundReactionForce,,,LHipForce,,,LKneeForce,,,LAnkleForce,,,RHipForce,,,RKneeForce,,,RAnkleForce,,,LGroundReactionMoment,,,RGroundReactionMoment,,,LHipMoment,,,LKneeMoment,,,LAnkleMoment,,,RHipMoment,,,RKneeMoment,,,RAnkleMoment,,,LHipPower,,,LKneePower,,,LAnklePower,,,RHipPower,,,RKneePower,,,RAnklePower,,
s,mm,mm,mm,mm,mm,mm,mm,mm,mm,mm,mm,mm,mm,mm,mm,mm,mm,mm,mm,mm,mm,mm,mm,mm,mm,mm,mm,mm,mm,mm,mm,mm,mm,mm,mm,mm,mm,mm,mm,mm,mm,mm,mm,mm,mm,mm,mm,mm,mm,mm,mm,mm,mm,mm,mm,mm,mm,mm,mm,mm,mm,mm,mm,mm,mm,mm,mm,mm,mm,mm,mm,mm,mm,mm,mm,mm,mm,mm,mm,mm,mm,mm,mm,mm,mm,mm,mm,mm,mm,mm,mm,mm,mm,mm,mm,mm,mm,mm,mm,mm,mm,mm,mm,mm,mm,mm,mm,mm,mm,mm,mm,mm,mm,mm,mm,mm,mm,mm,mm,mm,mm,mm,mm,mm,mm,mm,mm,mm,mm,mm,mm,mm,mm,mm,mm,mm,mm,mm,mm,mm,mm,mm,mm,mm,mm,mm,mm,mm,mm,mm,mm,mm,mm,mm,mm,mm,mm,mm,mm,mm,mm,mm,mm,mm,mm,mm,mm,mm,mm,mm,mm,mm,mm,mm,mm,mm,mm,mm,mm,mm,mm,mm,mm,mm,mm,mm,mm,mm,mm,mm,mm,mm,mm,mm,mm,mm,mm,mm,mm,mm,mm,mm,mm,mm,mm,mm,mm,mm,mm,mm,mm,mm,mm,mm,mm,mm,mm,mm,mm,mm,mm,mm,mm,mm,mm,mm,mm,mm,mm,mm,mm,mm,mm,mm,mm,mm,mm,mm,mm,mm,mm,mm,mm,mm,mm,mm,mm,mm,mm,mm,mm,mm,mm,mm,mm,mm,mm,mm,mm,mm,mm,mm,mm,mm,mm,mm,mm,mm,mm,mm,mm,mm,mm,mm,mm,mm,mm,mm,mm,mm,mm,mm,mm,mm,mm,mm,mm,mm,mm,mm,mm,mm,mm,mm,mm,mm,mm,mm,mm,mm,mm,mm,mm,mm,mm,mm,mm,mm,mm,mm,mm,mm,mm,mm,mm,mm,mm,mm,mm,mm,mm,mm,mm,mm,mm,mm,mm,mm,mm,mm,mm,mm,mm,mm,mm,mm,mm,mm,mm,mm,mm,mm,mm,mm,mm,mm,mm,mm,mm,mm,mm,mm,mm,mm,mm,mm,mm,mm,mm,mm,mm,mm,mm,mm,mm,mm,mm,mm,mm,mm,mm,mm,mm,mm,mm,mm,mm,mm,mm,mm,mm,mm,mm,mm,mm,mm,mm,mm,mm,mm,mm,mm,mm,mm,mm,mm,mm,mm,mm,mm,mm,mm,mm,mm,mm,mm,mm,mm,mm,mm,mm,mm,mm,mm,mm,mm,mm,mm,mm,mm,mm,mm,mm,mm,mm,mm,mm,mm,mm,mm,mm,mm,mm,mm,mm,mm,mm,mm,mm,mm,mm,mm,mm,mm,mm,mm,mm,mm,mm,mm,mm,mm,mm,mm,mm,mm,mm,mm,mm,mm,mm,mm,mm,mm,mm,mm,mm,mm,mm,mm,mm,mm,mm,mm,mm,mm,mm,deg,deg,deg,deg,deg,deg,deg,deg,deg,deg,deg,deg,deg,deg,deg,deg,deg,deg,deg,deg,deg,deg,deg,deg,deg,deg,deg,deg,deg,deg,deg,deg,deg,deg,deg,deg,deg,deg,deg,deg,deg,deg,deg,deg,deg,deg,deg,deg,deg,deg,deg,deg,deg,deg,deg,deg,deg,deg,deg,deg,deg,deg,deg,deg,deg,deg,deg,deg,deg,deg,deg,deg,deg,deg,deg,deg,deg,deg,N,N,N,N,N,N,N,N,N,N,N,N,N,N,N,N,N,N,N,N,N,N,N,N,Nmm,Nmm,Nmm,Nmm,Nmm,Nmm,Nmm,Nmm,Nmm,Nmm,Nmm,Nmm,Nmm,Nmm,Nmm,Nmm,Nmm,Nmm,Nmm,Nmm,Nmm,Nmm,Nmm,Nmm,W,W,W,W,W,W,W,W,W,W,W,W,W,W,W,W,W,W
,X,Y,Z,X,Y,Z,X,Y,Z,X,Y,Z,X,Y,Z,X,Y,Z,X,Y,Z,X,Y,Z,X,Y,Z,X,Y,Z,X,Y,Z,X,Y,Z,X,Y,Z,X,Y,Z,X,Y,Z,X,Y,Z,X,Y,Z,X,Y,Z,X,Y,Z,X,Y,Z,X,Y,Z,X,Y,Z,X,Y,Z,X,Y,Z,X,Y,Z,X,Y,Z,X,Y,Z,X,Y,Z,X,Y,Z,X,Y,Z,X,Y,Z,X,Y,Z,X,Y,Z,X,Y,Z,X,Y,Z,X,Y,Z,X,Y,Z,X,Y,Z,X,Y,Z,X,Y,Z,X,Y,Z,X,Y,Z,X,Y,Z,X,Y,Z,X,Y,Z,X,Y,Z,X,Y,Z,X,Y,Z,X,Y,Z,X,Y,Z,X,Y,Z,X,Y,Z,X,Y,Z,X,Y,Z,X,Y,Z,X,Y,Z,X,Y,Z,X,Y,Z,X,Y,Z,X,Y,Z,X,Y,Z,X,Y,Z,X,Y,Z,X,Y,Z,X,Y,Z,X,Y,Z,X,Y,Z,X,Y,Z,X,Y,Z,X,Y,Z,X,Y,Z,X,Y,Z,X,Y,Z,X,Y,Z,X,Y,Z,X,Y,Z,X,Y,Z,X,Y,Z,X,Y,Z,X,Y,Z,X,Y,Z,X,Y,Z,X,Y,Z,X,Y,Z,X,Y,Z,X,Y,Z,X,Y,Z,X,Y,Z,X,Y,Z,X,Y,Z,X,Y,Z,X,Y,Z,X,Y,Z,X,Y,Z,X,Y,Z,X,Y,Z,X,Y,Z,X,Y,Z,X,Y,Z,X,Y,Z,X,Y,Z,X,Y,Z,X,Y,Z,X,Y,Z,X,Y,Z,X,Y,Z,X,Y,Z,X,Y,Z,X,Y,Z,X,Y,Z,X,Y,Z,X,Y,Z,X,Y,Z,X,Y,Z,X,Y,Z,X,Y,Z,X,Y,Z,X,Y,Z,X,Y,Z,X,Y,Z,X,Y,Z,X,Y,Z,X,Y,Z,X,Y,Z,X,Y,Z,X,Y,Z,X,Y,Z,X,Y,Z,X,Y,Z,X,Y,Z,X,Y,Z,X,Y,Z,X,Y,Z,X,Y,Z,X,Y,Z,X,Y,Z,X,Y,Z,X,Y,Z,X,Y,Z,X,Y,Z,X,Y,Z,X,Y,Z,X,Y,Z,X,Y,Z,X,Y,Z,X,Y,Z,X,Y,Z,X,Y,Z,X,Y,Z,X,Y,Z,X,Y,Z,X,Y,Z,X,Y,Z,X,Y,Z,X,Y,Z,X,Y,Z,X,Y,Z,X,Y,Z,X,Y,Z,X,Y,Z,X,Y,Z,X,Y,Z,X,Y,Z,X,Y,Z,X,Y,Z,X,Y,Z,X,Y,Z,X,Y,Z,X,Y,Z,X,Y,Z,X,Y,Z,X,Y,Z,X,Y,Z,X,Y,Z,X,Y,Z,X,Y,Z,X,Y,Z,X,Y,Z,X,Y,Z,X,Y,Z,X,Y,Z,X,Y,Z,X,Y,Z,X,Y,Z,X,Y,Z,X,Y,Z,X,Y,Z,X,Y,Z,X,Y,Z,X,Y,Z,X,Y,Z,X,Y,Z,X,Y,Z,X,Y,Z,X,Y,Z,X,Y,Z,X,Y,Z,X,Y,Z,X,Y,Z,X,Y,Z,X,Y,Z,X,Y,Z,X,Y,Z,X,Y,Z,X,Y,Z,X,Y,Z,X,Y,Z
29.86,266.746,-2250.37,987.956,275.206,-2072.625,942.328,83.243,-2241.85,987.125,268.058,-2204.753,1165.9,159.61,-2040.12,565.904,166.447,-1637.767,755.426,-284.255,-2045.932,594.254,187.731,-2229.677,967.315,200.497,-2113.46,136.929,21.669,-1713.438,50.318,-207.142,-2296.018,135.431,163.755,-2035.014,575.102,194.467,-2043.25,109.358,173.186,-2009.618,325.494,-18.391,-2096.445,96.677,244.841,-2253.816,147.083,194.467,-2043.25,109.358,185.594,-1995.114,158.985,125.356,-2050.815,104.34,196.387,-2093.094,158.047,352.221,-2316.34,539.803,375.427,-1871.304,476.882,-97.234,-2292.993,539.165,354.855,-2253.471,985.443,327.762,-2413.03,110.661,465.414,-2008.824,9.478,-87.803,-2272.074,108.406,358.186,-2316.503,537.656,322.435,-2339.06,93.7,330.177,-2333.018,315.351,101.226,-2323.614,101.006,307.203,-2560.307,100.263,322.435,-2339.06,93.7,321.254,-2297.668,151.174,251.722,-2343.018,95.098,326.463,-2396.409,135.085,278.417,-2181.97,1497.48,290.851,-2017.021,1467.1,446.137,-2194.037,1500.605,279.302,-2212.497,1332.093,1.088,-2314.59,1201.58,-200.695,-2499.755,1322.014,196.563,-2540.243,1182.154,103.948,-2249.003,1474.756,7.596,-2282.64,895.935,-209.397,-2468.542,871.883,194.949,-2498.917,877.316,1.525,-2312.445,1181.064,-3.501,-2272.01,853.985,-60.013,-2217.492,882.748,-61.536,-2332.219,854.082,17.27,-2291.906,932.508,551.532,-2224.13,1173.09,730.969,-2485.414,1224.959,787.329,-2039.24,1288.731,427.598,-2250.656,1468.207,530.594,-2059.14,951.991,713.05,-2210.418,821.824,729.113,-1903.479,1049.35,551.058,-2220.396,1168.085,536.518,-2018.98,918.3,616.409,-1990.217,966.629,481.358,-1962.529,975.886,525.547,-2093.354,980.699,287.856,-2041.6,1756.42,289.142,-2068.23,1764.974,315.622,-2041.419,1752.809,284.477,-2050.248,1730.004,216.688,-2110.724,1756.16,356.244,-2113.347,1741.51,208.499,-2246.194,1734.139,346.74,-2261.988,1712.797,198.487,-2210.325,1668.01,354.237,-2203.94,1651.478,287.923,-2066.557,1755.679,267.668,-2310.924,1579.111,266.345,-2338.03,1542.763,267.787,-2387.746,1273.396,278.934,-2175.096,1496.224,266.943,-2134.486,1303.542,375.048,-2386.926,1432.081,101.771,-2243.147,1540.827,14.805,-2269.201,1441.953,-10.783,-2269.563,1195.237,-10.199,-2250.456,992.907,38.11,-2220.487,899.855,-53.622,-2315.193,897.481,-14.989,-2260.926,859.832,437.136,-2247.896,1527.756,533.416,-2259.466,1423.979,576.007,-2187.006,1186.704,561.405,-2077.007,1031.544,512.107,-2004.549,991.642,586.965,-2093.405,928.705,550.419,-2013.984,926.709,154.949,-2167.987,1055.955,386.389,-2178.287,1055.962,231.978,-2385.233,1110.637,292.91,-2394.067,1112.302,79.112,-2119.5,772.578,144.842,-2095.457,915.577,148.063,-2013.177,754.989,110.138,-2048.738,579.313,112.462,-2082.5,390.792,158.719,-2007.175,460.134,179.497,-2029.366,358.73,164.281,-2132.881,126.046,223.424,-2186.602,111.51,182.99,-2022.125,110.95,212.679,-1972.975,68.472,137.248,-2014.524,51.469,186.348,-1933.522,60.714,445.74,-2278.702,773.816,404.783,-2159.774,879.761,367.282,-2195.256,665.702,410.36,-2317.943,541.997,415.47,-2365.777,358.125,358.725,-2285.412,419.769,350.067,-2308.158,337.436,364.19,-2428.641,100.724,315.17,-2485.835,76.3,329.387,-2317.697,98.671,295.237,-2266.729,57.837,382.844,-2299.215,51.2,318.249,-2219.003,53.511,303.033,-2124.91,1404.7,307.166,-2128.287,1444.103,254.803,-2118.09,1410.85,225.791,-2414.94,1041.759,227.515,-2411.88,1080.385,274.606,-2419.825,1039.622,63.492,-2094.086,703.236,56.357,-2117.761,734.042,63.339,-2055.036,732.091,105.977,-2108.634,306.573,96.002,-2105.284,344.98,108.372,-2060.368,304.381,451.02,-2308.267,680.048,458.414,-2308.472,718.862,448.607,-2259.742,679.631,416.577,-2415.835,261.571,423.83,-2406.099,298.773,417.038,-2368.422,248.789,174.978,-2246.52,987.241,358.513,-2254.23,988.671,159.61,-2040.12,565.904,352.221,-2316.34,539.803,200.497,-2113.46,136.929,327.762,-2413.03,110.661,194.467,-2043.25,109.358,322.435,-2339.06,93.7,107.516,-2246.73,1484.23,426.029,-2250.99,1471.94,1.088,-2314.59,1201.58,551.532,-2224.13,1173.09,-3.501,-2272.01,853.985,536.518,-2018.98,918.3,262.083,-2223.13,1081.93,203.207,-2104.364,111.23,39.493,-4.991,-1.419,35.557,8.182,-22.292,1.092,-1.313,10.477,-35.319,4.901,6.09,6.345,0.22,-0.287,4.887,3.394,-15.404,11.656,-1.745,14.8,-34.478,4.841,5.383,-3.962,0.419,-1.611,-3.962,-0.419,1.611,-4.329,20.187,42.973,28.613,-0,0,-6.73,16.306,84.648,7.39,-7.52,5.96,15.992,22.109,35.178,41.032,0,-0,2.555,16.9,82.171,7.39,7.52,-5.96,-79.843,5.709,-13.251,-88.301,2.005,-3.937,14.382,-0.259,2.658,14.382,0.259,-2.658,10.458,-0.302,4.24,10.458,0.302,-4.24,-18.127,6.932,-2.652,-18.127,-6.932,2.652,0,0,0,0,0,0,0.498,-0.005,1.558,-0.188,0.048,0.591,-0.144,0.01,-0.041,-0.338,-0.019,1.556,-0.15,-0.002,0.573,-0.142,0.001,-0.004,0,0,0,0,0,0,-1872.64,147.681,85.177,1732.83,148.846,-41.363,-236.959,-1.258,-40.268,1328.88,-102.31,-6.058,-256.372,-28.621,7.037,10.643,-1.688,6.777,0,0,0,0,0,0,0,0,0,0,0,0,0,0,0,0,0,0
29.87,266.783,-2242.21,986.342,275.513,-2064.5,940.627,83.294,-2233.374,985.65,268.312,-2196.515,1164.265,160.5,-2032.11,564.422,168.803,-1629.728,753.823,-283.39,-2036.242,592.661,187.805,-2221.648,965.898,199.847,-2089.65,133.329,22.703,-1685.772,62.605,-208.664,-2270.106,126.019,164.663,-2027.865,574.287,194.036,-2018.24,108.978,174.125,-1994.26,326.527,-19.166,-2069.741,95.141,243.507,-2230.54,136.907,194.036,-2018.24,108.978,185.29,-1972.124,160.509,124.911,-2025.568,103.805,196.031,-2069.992,155.63,352.239,-2313.6,539.529,374.828,-1869.216,471.948,-97.243,-2290.787,539.301,355.439,-2246.095,984.487,327.345,-2412.58,110.813,466.149,-2009.33,7.414,-87.813,-2270.443,107.824,358.09,-2313.813,537.273,322.117,-2338.66,93.625,329.755,-2331.956,315.26,100.924,-2322.918,100.772,306.608,-2559.867,100.85,322.117,-2338.66,93.625,320.928,-2297.173,151.03,251.395,-2342.49,94.928,325.984,-2395.949,135.109,278.109,-2173.89,1496,290.599,-2008.952,1465.584,445.825,-2186,1499.204,279.061,-2204.459,1330.621,0.704,-2308.47,1200.2,-202.543,-2491.094,1322.043,194.644,-2535.64,1183.219,103.587,-2241.022,1472.914,7.333,-2279.95,894.333,-210.92,-2464.633,872.382,193.213,-2497.683,878.058,1.147,-2306.567,1179.775,-3.8,-2269.95,852.289,-60.142,-2214.873,880.311,-61.968,-2330.02,853.4,17.061,-2288.693,931.072,551.617,-2213.75,1172.35,731.789,-2474.828,1222.684,786.664,-2028.933,1289.621,427.327,-2242.699,1467.089,529.326,-2046.42,953.324,712.312,-2195.2,821.038,727.214,-1890.821,1052.056,551.124,-2210.043,1167.5,534.863,-2005.76,920.269,614.645,-1977.124,968.852,479.411,-1950.602,978.819,524.596,-2081.146,981.564,287.176,-2033.52,1754.98,288.458,-2060.147,1763.544,314.949,-2033.327,1751.424,283.853,-2042.177,1728.56,216.052,-2102.681,1754.644,355.611,-2105.262,1740.23,207.87,-2238.176,1732.641,346.186,-2253.925,1711.511,197.997,-2202.284,1666.478,353.908,-2195.905,1650.178,287.256,-2058.476,1754.248,267.224,-2302.888,1577.703,265.974,-2329.955,1541.337,267.525,-2379.736,1272.026,278.629,-2167.028,1494.734,266.997,-2126.428,1301.972,374.708,-2379.044,1430.767,101.339,-2235.058,1539.038,14.39,-2261.498,1440.018,-10.691,-2263.387,1193.354,-10.266,-2246.564,990.917,37.992,-2217.835,897.407,-53.949,-2312.31,896.391,-15.254,-2258.751,857.985,436.857,-2239.942,1526.486,533.148,-2251.294,1422.787,576.076,-2176.737,1186.298,560.447,-2065.059,1032.586,510.546,-1992.538,993.712,585.87,-2079.909,929.498,548.745,-2000.778,928.722,155.165,-2159.487,1054.354,386.606,-2170.202,1054.198,231.996,-2377.025,1109.15,292.692,-2386.042,1110.75,79.603,-2111.239,771.279,145.473,-2087.244,914.146,148.952,-2005.152,753.416,111.058,-2040.413,577.685,112.618,-2068.079,388.37,159.508,-1995.753,459.844,179.828,-2014.049,358.262,163.503,-2108.223,122.515,222.491,-2161.242,105.916,182.709,-1997.308,111.622,212.226,-1946.701,71.232,136.901,-1987.428,52.809,185.986,-1907.102,65.031,446.135,-2273.388,772.927,405.003,-2153.49,877.781,367.408,-2191.051,664.212,410.329,-2315.239,541.64,415.152,-2364.17,358.005,358.734,-2283.406,419.2,350.002,-2306.551,337.016,363.731,-2428.351,100.971,314.714,-2485.649,76.557,329.09,-2317.483,98.559,295.112,-2266.553,57.621,382.681,-2299.171,51.116,318.176,-2218.795,53.07,302.798,-2116.86,1403.172,306.789,-2120.167,1442.531,254.618,-2110.029,1409.225,225.721,-2406.833,1040.406,227.417,-2403.744,1079.028,274.516,-2411.798,1038.309,64.365,-2086.156,701.74,57.203,-2109.789,732.552,64.275,-2047.068,730.534,105.806,-2090.656,303.519,95.846,-2088.799,341.949,108.39,-2042.52,303.257,451.173,-2304.007,679.525,458.682,-2303.82,718.297,448.67,-2255.513,678.598,416.34,-2414.68,261.662,423.667,-2404.784,298.872,416.775,-2367.358,248.63,175.022,-2238.2,985.697,358.544,-2246.23,986.988,160.5,-2032.11,564.422,352.239,-2313.6,539.529,199.847,-2089.65,133.329,327.345,-2412.58,110.813,194.036,-2018.24,108.978,322.117,-2338.66,93.625,107.187,-2238.66,1482.46,425.824,-2243.05,1470.65,0.704,-2308.47,1200.2,551.617,-2213.75,1172.35,-3.8,-2269.95,852.289,534.863,-2005.76,920.269,261.953,-2215.11,1080.49,202.6,-2079.275,108.769,39.51,-4.888,-1.338,33.329,8.048,-22.401,1.509,-1.316,10.505,-35.597,4.606,5.974,5.774,0.207,-0.119,4.586,3.386,-15.645,11.802,-1.754,14.894,-34.395,4.862,5.333,-3.98,0.507,-1.548,-3.98,-0.507,1.548,-4.691,20.195,43.517,28.472,0,-0,-7.035,16.166,84.396,7.396,-7.426,5.985,16.445,22.171,35.185,41.393,0,0,2.787,16.968,82.29,7.396,7.426,-5.985,-82.506,5.335,-13.009,-88.129,1.978,-4.008,14.41,-0.216,2.757,14.41,0.216,-2.757,10.472,-0.324,4.259,10.472,0.324,-4.259,-18.143,6.815,-2.642,-18.143,-6.815,2.642,0,0,0,0,0,0,0.938,0.003,1.306,0.005,0.041,0.679,-0.195,-0.021,0.011,-0.004,-0.028,1.562,-0.081,-0.011,0.602,-0.148,-0.002,-0.001,0,0,0,0,0,0,-1080.02,74.577,55.222,817.575,54.704,-20.077,-109.169,-2.611,-19.482,580.277,-32.901,-2.878,-125.572,-15.58,3.384,2.452,-1.607,3.491,0,0,-0.016,0,0,3.698,0,0,0.087,0,0,0.672,0,0,-0.073,0,0,-0.001
29.88,266.826,-2231.48,984.16,275.907,-2053.811,938.354,83.356,-2222.237,983.641,268.629,-2185.707,1162.06,161.658,-2021.86,562.229,171.435,-1619.36,751.309,-282.263,-2024.209,590.184,187.952,-2211.178,963.876,198.961,-2058.51,129.304,23.764,-1650.662,79.659,-210.564,-2236.204,114.712,165.887,-2018.716,572.95,193.522,-1985.77,109.16,175.272,-1974.261,327.868,-20.151,-2034.864,93.913,241.58,-2199.677,124.427,193.522,-1985.77,109.16,185.001,-1942.382,163.044,124.37,-1992.705,103.809,195.552,-2039.881,153.052,352.304,-2309.91,539.167,374.227,-1866.461,465.494,-97.206,-2287.65,539.388,356.166,-2236.338,983.157,326.83,-2411.98,111.041,467.215,-2010.058,4.651,-87.766,-2268.237,107.005,357.983,-2310.173,536.756,321.743,-2338.12,93.539,329.224,-2330.497,315.15,100.572,-2321.968,100.449,305.847,-2559.268,101.682,321.743,-2338.12,93.539,320.574,-2296.501,150.849,251.011,-2341.782,94.756,325.421,-2395.325,135.156,277.7,-2163.27,1493.96,290.291,-1998.349,1463.499,445.408,-2175.459,1497.285,278.753,-2193.894,1328.592,0.175,-2300.4,1198.34,-204.951,-2479.688,1321.976,192.104,-2529.486,1184.568,103.099,-2230.527,1470.427,7.02,-2276.26,892.211,-212.85,-2459.308,872.861,190.977,-2495.827,879.011,0.63,-2298.795,1178,-4.144,-2267.07,850.061,-60.29,-2211.306,877.102,-62.47,-2326.95,852.442,16.806,-2284.332,929.158,551.681,-2200.18,1171.31,732.732,-2461.027,1219.647,785.814,-2015.55,1290.686,426.943,-2232.236,1465.538,527.675,-2029.87,954.994,711.282,-2175.433,820.016,724.794,-1874.428,1055.498,551.164,-2196.508,1166.651,532.754,-1988.57,922.765,612.385,-1960.157,971.725,476.937,-1935.084,982.508,523.325,-2065.234,982.591,286.277,-2022.92,1753.03,287.552,-2049.544,1761.605,314.058,-2022.713,1749.541,283.023,-2031.587,1726.605,215.199,-2092.121,1752.594,354.772,-2094.654,1738.488,207.032,-2227.646,1730.599,345.433,-2243.336,1709.746,197.338,-2191.723,1664.399,353.41,-2185.342,1648.41,286.372,-2047.876,1752.312,266.624,-2292.313,1575.776,265.458,-2319.333,1539.386,267.172,-2369.192,1270.148,278.224,-2156.407,1492.695,267.085,-2115.828,1299.824,374.216,-2368.681,1428.957,100.76,-2224.43,1536.615,13.851,-2251.365,1437.426,-10.621,-2255.283,1190.835,-10.351,-2241.373,988.284,37.855,-2214.224,894.218,-54.34,-2308.388,894.901,-15.558,-2255.734,855.558,436.461,-2229.477,1524.744,532.757,-2240.592,1421.127,576.125,-2163.329,1185.688,559.181,-2049.515,1033.866,508.522,-1976.927,996.32,584.437,-2062.363,930.491,546.61,-1983.631,931.284,155.398,-2148.314,1052.191,386.891,-2159.599,1051.846,232.03,-2366.241,1107.101,292.41,-2375.481,1108.64,80.28,-2100.703,769.321,146.189,-2076.503,912.015,150.058,-1994.863,750.999,112.244,-2029.711,575.413,112.821,-2049.374,385.402,160.535,-1980.989,459.493,180.224,-1994.221,357.865,162.477,-2076.073,118.552,221.208,-2128.131,99.247,182.413,-1965.184,113.129,211.779,-1912.817,75.51,136.553,-1952.322,55.297,185.7,-1873.067,71.359,446.662,-2266.393,771.738,405.287,-2145.173,875.149,367.646,-2185.506,662.23,410.31,-2311.588,541.177,414.773,-2362.006,357.867,358.765,-2280.689,418.457,349.954,-2304.379,336.454,363.155,-2427.969,101.316,314.145,-2485.39,76.944,328.743,-2317.195,98.423,294.963,-2266.314,57.355,382.474,-2299.119,51.003,318.107,-2218.518,52.507,302.502,-2106.275,1401.094,306.319,-2109.497,1440.404,254.372,-2099.426,1407.023,225.656,-2396.175,1038.564,227.313,-2393.037,1077.18,274.437,-2401.225,1036.524,65.504,-2076.115,699.526,58.302,-2099.654,730.388,65.452,-2036.937,728.183,105.559,-2067.287,299.889,95.635,-2067.359,338.294,108.401,-2019.401,302.108,451.365,-2298.393,678.835,459.012,-2297.696,717.551,448.812,-2249.943,677.24,416.013,-2413.137,261.832,423.428,-2403.017,299.036,416.467,-2365.938,248.466,175.073,-2227.26,983.602,358.579,-2235.69,984.719,161.658,-2021.86,562.229,352.304,-2309.91,539.167,198.961,-2058.51,129.304,326.83,-2411.98,111.041,193.522,-1985.77,109.16,321.743,-2338.12,93.539,106.738,-2228.06,1480.05,425.524,-2232.6,1468.89,0.175,-2300.4,1198.34,551.681,-2200.18,1171.31,-4.144,-2267.07,850.061,532.754,-1988.57,922.765,261.78,-2204.59,1078.55,201.811,-2046.657,106.188,39.499,-4.761,-1.287,30.392,7.808,-22.533,1.977,-1.329,10.629,-35.916,4.255,5.82,5.018,0.179,0.08,4.208,3.38,-15.951,11.995,-1.767,15.019,-34.28,4.864,5.293,-3.996,0.623,-1.474,-3.996,-0.623,1.474,-5.167,20.213,44.214,28.31,-0,0,-7.42,15.976,84.056,7.397,-7.319,6.024,17.029,22.243,35.185,41.856,-0,-0,3.071,17.087,82.455,7.397,7.319,-6.024,-85.918,4.882,-12.631,-87.891,1.937,-4.109,14.439,-0.162,2.884,14.439,0.162,-2.884,10.492,-0.359,4.293,10.492,0.359,-4.293,-18.158,6.674,-2.628,-18.158,-6.674,2.628,0,0,0,0,0,0,1.3,0.007,1.094,0.171,0.035,0.74,-0.233,-0.048,0.057,0.276,-0.033,1.576,-0.024,-0.018,0.629,-0.153,-0.005,0.002,0,0,0,0,0,0,-706.17,38.646,38.717,345.886,4.171,-8.88,-40.118,-3.695,-8.722,155.525,8.059,-1.112,-54.092,-7.005,1.518,-1.769,-1.514,1.815,0,0,-0.05,0,0,1.962,0,0,0.034,0,0,0.228,0,0,-0.037,0,0,0
29.89,266.877,-2218.45,981.434,276.371,-2040.825,935.541,83.432,-2208.729,981.105,268.987,-2172.604,1159.312,163.036,-2009.74,559.262,174.002,-1607.004,747.773,-280.923,-2010.497,586.705,188.204,-2198.568,961.212,197.849,-2021,125.45,24.548,-1610.033,101.526,-212.686,-2195.454,102.523,167.41,-2007.906,570.872,192.978,-1947.02,110.283,176.476,-1950.081,329.411,-21.277,-1992.98,93.506,239.038,-2161.909,110.75,192.978,-1947.02,110.283,184.766,-1907.062,166.804,123.788,-1953.413,104.75,194.99,-2003.775,150.699,352.432,-2305.3,538.727,373.893,-1863.105,457.747,-97.094,-2283.372,539.331,356.971,-2224.445,981.442,326.251,-2411.22,111.363,468.579,-2010.989,1.243,-87.645,-2265.519,105.962,357.887,-2305.604,536.113,321.344,-2337.45,93.454,328.618,-2328.639,315.028,100.202,-2320.775,100.051,304.954,-2558.515,102.782,321.344,-2337.45,93.454,320.226,-2295.658,150.639,250.601,-2340.917,94.605,324.822,-2394.541,135.244,277.195,-2150.37,1491.39,289.928,-1985.469,1460.876,444.891,-2162.673,1494.881,278.385,-2181.06,1326.035,-0.487,-2290.62,1196.01,-207.779,-2465.928,1321.725,189.075,-2521.867,1186.11,102.484,-2217.825,1467.312,6.68,-2271.62,889.621,-215.061,-2452.688,873.209,188.367,-2493.259,880.133,-0.013,-2289.356,1175.741,-4.502,-2263.35,847.358,-60.433,-2206.817,873.222,-63.01,-2322.978,851.167,16.515,-2278.898,926.792,551.691,-2183.84,1169.97,733.674,-2444.472,1215.908,784.831,-1999.575,1291.827,426.451,-2219.539,1463.565,525.697,-2010.05,956.906,709.936,-2151.82,818.791,721.98,-1854.916,1059.499,551.147,-2180.207,1165.515,530.284,-1968.01,925.669,609.725,-1939.933,975.129,474.052,-1916.503,986.747,521.761,-2046.139,983.709,285.181,-2010.09,1750.62,286.444,-2036.712,1759.204,312.971,-2009.872,1747.208,282.004,-2018.764,1724.188,214.14,-2079.332,1750.037,353.742,-2081.817,1736.3,206,-2214.885,1728.033,344.488,-2230.511,1707.512,196.516,-2178.927,1661.794,352.722,-2172.533,1646.19,285.289,-2035.049,1749.898,265.872,-2279.475,1573.342,264.798,-2306.44,1536.925,266.734,-2356.387,1267.777,277.725,-2143.509,1490.125,267.21,-2102.963,1297.115,373.557,-2356.11,1426.659,100.044,-2211.546,1533.589,13.204,-2239.068,1434.224,-10.601,-2245.471,1187.729,-10.45,-2234.975,985.071,37.714,-2209.675,890.392,-54.767,-2303.46,893.022,-15.872,-2251.861,852.616,435.943,-2216.777,1522.54,532.233,-2227.659,1418.997,576.131,-2147.192,1184.849,557.641,-2030.882,1035.301,506.107,-1958.233,999.329,582.713,-2041.351,931.627,544.107,-1963.121,934.275,155.622,-2134.767,1049.495,387.244,-2146.778,1048.954,232.078,-2353.17,1104.501,292.069,-2362.657,1105.995,81.136,-2088.346,766.625,146.911,-2063.545,909.106,151.32,-1982.726,747.624,113.643,-2017.03,572.502,113.062,-2027.033,382.091,161.755,-1963.409,459.118,180.656,-1970.59,357.663,161.242,-2037.5,114.631,219.597,-2088.344,92.059,182.153,-1926.946,115.749,211.43,-1872.649,81.517,136.274,-1910.491,59.236,185.599,-1832.768,79.851,447.306,-2257.897,770.278,405.644,-2135.014,871.929,368.045,-2178.745,659.805,410.315,-2307.03,540.627,414.36,-2359.304,357.727,358.832,-2277.285,417.561,349.945,-2301.659,335.762,362.496,-2427.5,101.766,313.5,-2485.057,77.488,328.378,-2316.832,98.276,294.806,-2266.017,57.053,382.235,-2299.064,50.864,318.057,-2218.183,51.845,302.156,-2093.431,1398.487,305.78,-2096.56,1437.749,254.069,-2086.556,1404.273,225.607,-2383.247,1036.255,227.217,-2380.038,1074.863,274.383,-2388.377,1034.285,66.852,-2064.423,696.533,59.599,-2087.798,727.507,66.802,-2025.086,724.948,105.238,-2039.332,295.992,95.381,-2041.69,334.292,108.398,-1991.85,301.135,451.586,-2291.562,677.998,459.377,-2290.254,716.649,449.058,-2243.167,675.601,415.605,-2411.226,262.107,423.115,-2400.812,299.281,416.143,-2364.184,248.324,175.135,-2214,980.971,358.619,-2222.91,981.898,163.036,-2009.74,559.262,352.432,-2305.3,538.727,197.849,-2021,125.45,326.251,-2411.22,111.363,192.978,-1947.02,110.283,321.344,-2337.45,93.454,106.177,-2215.21,1477.04,425.128,-2219.92,1466.66,-0.487,-2290.62,1196.01,551.691,-2183.84,1169.97,-4.502,-2263.35,847.358,530.284,-1968.01,925.669,261.57,-2191.85,1076.17,200.875,-2007.646,103.904,39.447,-4.622,-1.295,26.827,7.44,-22.684,2.383,-1.358,10.904,-36.167,3.856,5.616,4.101,0.133,0.269,3.776,3.381,-16.281,12.229,-1.783,15.169,-34.136,4.843,5.277,-4.008,0.761,-1.397,-4.008,-0.761,1.397,-5.745,20.239,45.027,28.145,0,0,-7.841,15.755,83.658,7.39,-7.204,6.069,17.719,22.316,35.167,42.401,-0,0,3.386,17.261,82.669,7.39,7.204,-6.069,-89.875,4.404,-12.098,-87.584,1.884,-4.237,14.467,-0.103,3.033,14.467,0.103,-3.033,10.514,-0.405,4.342,10.514,0.405,-4.342,-18.167,6.515,-2.602,-18.167,-6.515,2.602,0,0,0,0,0,0,1.552,0.007,0.944,0.288,0.028,0.768,-0.255,-0.065,0.088,0.485,-0.034,1.601,0.019,-0.024,0.653,-0.157,-0.008,0.003,0,0,0,0,0,0,-722.883,27.43,41.143,297.725,-8.873,-7.077,-28.479,-4.39,-7.062,53.263,22.868,-0.85,-41.479,-3.443,1.308,-2.09,-1.413,1.61,0,0,-0.105,0,0,1.965,0,0,0.021,0,0,0.094,0,0,-0.031,0,0,0
29.9,266.941,-2203.61,978.255,276.913,-2026.027,932.303,83.525,-2193.349,978.108,269.366,-2157.721,1156.118,164.553,-1996.33,555.507,176.212,-1593.207,743.147,-279.452,-1995.913,582.2,188.569,-2184.332,957.915,196.573,-1978.78,122.419,24.799,-1566.512,127.637,-214.816,-2149.784,90.552,169.157,-1995.842,567.903,192.474,-1903.85,112.683,177.59,-1922.58,331.147,-22.436,-1946.029,94.425,235.958,-2118.72,97.224,192.474,-1903.85,112.683,184.65,-1867.902,171.888,123.236,-1909.544,106.991,194.375,-1963.297,149.03,352.64,-2299.83,538.227,374.126,-1859.217,449.045,-96.878,-2277.75,539.016,357.788,-2210.793,979.363,325.658,-2410.33,111.789,470.309,-2012.16,-2.687,-87.392,-2262.32,104.667,357.807,-2300.23,535.36,320.962,-2336.66,93.387,327.965,-2326.404,314.907,99.854,-2319.382,99.577,303.998,-2557.616,104.153,320.962,-2336.66,93.387,319.956,-2294.649,150.413,250.208,-2339.895,94.522,324.239,-2393.603,135.395,276.604,-2135.66,1488.35,289.529,-1970.782,1457.79,444.284,-2148.118,1492.052,277.969,-2166.413,1323.008,-1.258,-2279.45,1193.25,-210.844,-2450.359,1321.197,185.746,-2512.915,1187.718,101.746,-2203.35,1463.631,6.344,-2266.09,886.655,-217.369,-2444.971,873.317,185.581,-2489.853,881.353,-0.757,-2278.564,1173.043,-4.833,-2258.82,844.288,-60.559,-2201.499,868.827,-63.527,-2318.15,849.59,16.211,-2272.51,924.056,551.618,-2165.4,1168.33,734.497,-2425.863,1211.589,783.765,-1981.71,1292.921,425.84,-2205.074,1461.183,523.482,-1987.81,958.938,708.305,-2125.4,817.416,718.929,-1833.16,1063.832,551.048,-2161.797,1164.091,527.575,-1944.95,928.814,606.795,-1917.329,978.881,470.903,-1895.639,991.281,519.966,-2024.643,984.82,283.922,-1995.51,1747.79,285.167,-2022.13,1756.381,311.722,-1995.284,1744.46,280.826,-2004.188,1721.349,212.903,-2064.786,1747.043,352.553,-2067.229,1733.719,204.801,-2200.366,1725.004,343.367,-2215.927,1704.854,195.546,-2164.366,1658.731,351.838,-2157.948,1643.571,284.039,-2020.474,1747.075,264.98,-2264.835,1570.456,263.999,-2291.742,1534.01,266.22,-2341.78,1264.967,277.142,-2128.797,1487.083,267.367,-2088.294,1293.914,372.728,-2341.788,1423.921,99.206,-2196.877,1530.042,12.469,-2225.056,1430.511,-10.659,-2234.309,1184.134,-10.554,-2227.548,981.394,37.582,-2204.273,886.097,-55.197,-2297.622,890.796,-16.162,-2247.17,849.276,435.301,-2202.298,1519.922,531.575,-2212.979,1416.438,576.07,-2128.979,1183.77,555.886,-2009.949,1036.781,503.412,-1937.25,1002.559,580.772,-2017.78,932.829,541.359,-1940.139,937.526,155.821,-2119.339,1046.338,387.661,-2132.228,1045.617,232.132,-2338.29,1101.407,291.681,-2348.034,1102.885,82.137,-2074.792,763.165,147.554,-2048.868,905.384,152.661,-1969.333,743.245,115.163,-2002.928,569.02,113.328,-2002.049,378.693,163.084,-1943.788,458.765,181.084,-1944.232,357.774,159.881,-1994.249,111.267,217.733,-2043.654,85.019,181.984,-1884.437,119.686,211.278,-1828.207,89.322,136.132,-1863.945,64.823,185.788,-1788.243,90.467,448.031,-2248.198,768.602,406.096,-2123.359,868.234,368.669,-2170.971,657.033,410.355,-2301.66,540.018,413.943,-2356.114,357.607,358.953,-2273.257,416.548,349.995,-2298.445,334.965,361.805,-2426.95,102.335,312.826,-2484.652,78.218,328.033,-2316.4,98.137,294.662,-2265.671,56.735,381.98,-2299.01,50.705,318.038,-2217.807,51.121,301.769,-2078.788,1395.423,305.203,-2081.831,1434.641,253.715,-2071.884,1401.052,225.576,-2368.516,1033.543,227.132,-2365.21,1072.141,274.358,-2373.715,1031.655,68.303,-2051.683,692.769,60.995,-2074.807,723.931,68.218,-2012.103,720.818,104.863,-2008.06,292.187,95.104,-2012.942,330.279,108.377,-1961.154,300.538,451.818,-2283.739,677.059,459.747,-2281.751,715.633,449.422,-2235.413,673.753,415.141,-2408.982,262.509,422.743,-2398.211,299.627,415.837,-2362.127,248.238,175.213,-2198.88,977.883,358.67,-2208.34,978.628,164.553,-1996.33,555.507,352.64,-2299.83,538.227,196.573,-1978.78,122.419,325.658,-2410.33,111.789,192.474,-1903.85,112.683,320.962,-2336.66,93.387,105.509,-2200.57,1473.51,424.624,-2205.45,1464.02,-1.258,-2279.45,1193.25,551.618,-2165.4,1168.33,-4.833,-2258.82,844.288,527.575,-1944.95,928.814,261.331,-2177.37,1073.42,199.859,-1964.045,102.352,39.338,-4.487,-1.386,22.791,6.955,-22.849,2.628,-1.408,11.367,-36.284,3.442,5.376,3.057,0.066,0.411,3.323,3.392,-16.6,12.495,-1.802,15.35,-33.97,4.77,5.288,-4.013,0.915,-1.318,-4.013,-0.915,1.318,-6.408,20.272,45.898,27.99,-0,0,-8.268,15.51,83.22,7.378,-7.094,6.121,18.474,22.386,35.127,43.002,-0,-0,3.715,17.483,82.929,7.378,7.094,-6.121,-94.115,3.962,-11.412,-87.211,1.814,-4.385,14.486,-0.046,3.202,14.486,0.046,-3.202,10.536,-0.465,4.408,10.536,0.465,-4.408,-18.17,6.349,-2.564,-18.17,-6.349,2.564,0,0,0,0,0,0,1.664,0.001,0.874,0.332,0.019,0.768,-0.261,-0.072,0.091,0.609,-0.029,1.635,0.047,-0.028,0.674,-0.16,-0.012,0.003,0,0,0,0,0,0,-657.733,8.338,38.7,209.128,-26.268,-4.17,-14.993,-4.65,-4.258,-31.823,34.545,-1.052,-32.17,0.312,0.877,-2.322,-1.306,1.17,0,0,-0.147,0,0,1.495,0,0,0.008,0,0,-0.055,0,0,-0.025,0,0,0.001
29.91,267.026,-2187.49,974.707,277.54,-2009.949,928.712,83.644,-2176.629,974.714,269.752,-2141.576,1152.559,166.103,-1982.18,551.017,177.892,-1578.53,737.513,-277.956,-1981.11,576.773,189.027,-2169.045,954.017,195.235,-1933.84,120.736,24.386,-1522.736,156.835,-216.739,-2101.447,79.693,171.005,-1982.836,564.032,192.08,-1858.35,116.526,178.503,-1892.794,333.155,-23.506,-1896.293,96.981,232.544,-2072.062,85.082,192.08,-1858.35,116.526,184.676,-1826.829,178.254,122.79,-1863.219,110.701,193.758,-1920.329,148.376,352.93,-2293.57,537.683,375.246,-1854.857,439.768,-96.542,-2270.567,538.309,358.544,-2195.814,976.963,325.104,-2409.3,112.34,472.384,-2013.536,-7.022,-86.977,-2258.726,103.127,357.751,-2294.12,534.52,320.638,-2335.76,93.361,327.299,-2323.809,314.807,99.568,-2317.84,99.044,303.058,-2556.58,105.807,320.638,-2335.76,93.361,319.797,-2293.468,150.181,249.873,-2338.744,94.535,323.732,-2392.508,135.646,275.94,-2119.65,1484.93,289.109,-1954.799,1454.333,443.599,-2132.308,1488.893,277.522,-2150.462,1319.601,-2.119,-2267.27,1190.19,-214.021,-2433.543,1320.411,182.247,-2502.887,1189.349,100.905,-2187.618,1459.538,6.034,-2259.8,883.426,-219.665,-2436.372,873.125,182.742,-2485.626,882.62,-1.582,-2266.782,1169.987,-5.109,-2253.53,840.961,-60.648,-2195.455,864.11,-63.991,-2312.527,847.701,15.903,-2265.354,921.035,551.439,-2145.56,1166.44,735.099,-2405.93,1206.854,782.674,-1962.671,1293.874,425.12,-2189.334,1458.475,521.127,-1964.06,960.961,706.427,-2097.295,815.94,715.805,-1810.084,1068.249,550.842,-2141.989,1162.399,524.751,-1920.36,932.025,603.736,-1893.308,982.771,467.641,-1873.356,995.858,518.012,-2001.627,985.837,282.534,-1979.72,1744.65,283.755,-2006.342,1753.239,310.344,-1979.492,1741.403,279.517,-1988.392,1718.198,211.518,-2049.006,1743.704,351.237,-2051.418,1730.822,203.465,-2184.607,1721.598,342.091,-2200.113,1701.84,194.444,-2148.561,1655.3,350.766,-2142.112,1640.624,282.655,-2004.68,1743.934,263.963,-2248.912,1567.195,263.071,-2275.759,1530.726,265.644,-2325.882,1261.797,276.488,-2112.789,1483.661,267.538,-2072.336,1290.323,371.73,-2326.221,1420.815,98.263,-2180.945,1526.083,11.665,-2209.83,1426.415,-10.818,-2222.185,1180.177,-10.657,-2219.294,977.388,37.473,-2198.118,881.518,-55.599,-2291.002,888.287,-16.399,-2241.718,845.667,434.54,-2186.551,1516.963,530.791,-2197.074,1413.519,575.922,-2109.406,1182.455,553.988,-1987.577,1038.199,500.56,-1914.843,1005.819,578.699,-1992.642,934.017,538.494,-1915.648,940.855,155.994,-2102.58,1042.814,388.141,-2116.488,1041.949,232.168,-2322.133,1097.914,291.252,-2332.13,1099.407,83.222,-2060.662,758.974,148.05,-2033.007,900.862,154.009,-1955.286,737.901,116.694,-1987.958,565.095,113.605,-1975.51,375.452,164.419,-1922.943,458.482,181.47,-1916.313,358.274,158.508,-1948.328,108.885,215.749,-1996.105,78.737,181.951,-1839.715,124.996,211.396,-1781.704,98.817,136.185,-1814.945,72.076,186.329,-1741.738,102.966,448.791,-2237.624,766.782,406.674,-2110.602,864.207,369.569,-2162.391,654.029,410.437,-2295.589,539.379,413.548,-2352.485,357.531,359.139,-2268.677,415.454,350.117,-2294.795,334.099,361.139,-2426.323,103.04,312.179,-2484.181,79.171,327.744,-2315.899,98.029,294.556,-2265.288,56.416,381.73,-2298.958,50.532,318.055,-2217.413,50.372,301.35,-2062.855,1392.001,304.613,-2065.834,1431.183,253.314,-2055.923,1397.465,225.547,-2352.499,1030.518,227.049,-2349.069,1069.105,274.35,-2357.755,1028.718,69.721,-2038.455,688.313,62.361,-2061.239,719.742,69.574,-1998.547,715.866,104.469,-1974.895,288.789,94.838,-1982.4,326.556,108.34,-1928.737,300.455,452.047,-2275.164,676.068,460.086,-2272.456,714.557,449.906,-2226.92,671.783,414.659,-2406.437,263.058,422.344,-2395.25,300.094,415.58,-2359.797,248.239,175.313,-2182.46,974.412,358.739,-2192.52,975.002,166.103,-1982.18,551.017,352.93,-2293.57,537.683,195.235,-1933.84,120.736,325.104,-2409.3,112.34,192.08,-1858.35,116.526,320.638,-2335.76,93.361,104.743,-2184.65,1469.57,424.015,-2189.71,1461.03,-2.119,-2267.27,1190.19,551.439,-2145.56,1166.44,-5.109,-2253.53,840.961,524.751,-1920.36,932.025,261.075,-2161.68,1070.39,198.85,-1917.91,101.866,39.179,-4.373,-1.564,18.488,6.394,-23.028,2.656,-1.477,12.018,-36.202,3.029,5.121,1.934,-0.024,0.466,2.885,3.414,-16.857,12.783,-1.824,15.562,-33.804,4.643,5.333,-4.016,1.077,-1.237,-4.016,-1.077,1.237,-7.131,20.313,46.787,27.861,0,0,-8.651,15.278,82.765,7.348,-6.998,6.181,19.257,22.442,35.063,43.63,0,0,4.045,17.744,83.226,7.348,6.998,-6.181,-98.37,3.604,-10.61,-86.774,1.726,-4.545,14.5,0.002,3.39,14.5,-0.002,-3.39,10.557,-0.539,4.491,10.557,0.539,-4.491,-18.153,6.186,-2.515,-18.153,-6.186,2.515,0,0,0,0,0,0,1.633,-0.014,0.885,0.296,0.006,0.753,-0.255,-0.065,0.064,0.65,-0.02,1.676,0.059,-0.029,0.691,-0.163,-0.015,0.002,0,0,0,0,0,0,-522.368,-19.418,32.013,92.946,-46.665,-0.445,-2.111,-4.545,-0.517,-92.369,40.879,-1.574,-26.741,3.86,0.318,-2.368,-1.198,0.585,0,0,-0.149,0,0,0.655,0,0,0.001,0,0,-0.176,0,0,-0.019,0,0,0.001
29.92,267.124,-2170.56,970.905,278.241,-1993.061,924.89,83.782,-2159.042,971.039,270.139,-2124.643,1148.751,167.574,-1967.73,545.903,179.038,-1563.44,731.029,-276.543,-1966.465,570.641,189.532,-2153.207,949.598,193.972,-1888.15,120.661,23.301,-1480.849,187.568,-218.244,-2052.626,70.415,172.791,-1969.098,559.406,191.852,-1812.52,121.764,179.147,-1861.864,335.546,-24.364,-1846.068,101.171,229.109,-2024.035,75.158,191.852,-1812.52,121.764,184.849,-1785.642,185.695,122.513,-1816.472,115.83,193.189,-1876.712,148.898,353.294,-2286.6,537.092,377.501,-1850.066,430.287,-96.077,-2261.688,537.068,359.183,-2179.958,974.296,324.637,-2408.15,113.046,474.726,-2015.099,-11.665,-86.395,-2254.904,101.355,357.717,-2287.34,533.616,320.404,-2334.78,93.402,326.649,-2320.87,314.745,99.371,-2316.231,98.473,302.217,-2555.433,107.782,320.404,-2334.78,93.402,319.788,-2292.135,149.961,249.63,-2337.493,94.676,323.337,-2391.277,136.033,275.207,-2102.81,1481.23,288.668,-1937.989,1450.599,442.84,-2115.706,1485.505,277.048,-2133.683,1315.915,-3.025,-2254.45,1186.88,-217.085,-2416.16,1319.3,178.85,-2491.964,1190.836,99.964,-2171.119,1455.126,5.772,-2252.82,880.042,-221.757,-2427.174,872.595,180.091,-2480.465,883.834,-2.446,-2254.339,1166.667,-5.307,-2247.5,837.491,-60.698,-2188.751,859.254,-64.361,-2306.16,845.536,15.611,-2257.54,917.833,551.141,-2124.98,1164.34,735.443,-2385.328,1201.875,781.574,-1943.074,1294.602,424.293,-2172.798,1455.51,518.723,-1939.63,962.864,704.385,-2068.521,814.42,712.727,-1786.482,1072.533,550.521,-2121.431,1160.49,521.919,-1895.1,935.141,600.669,-1868.717,986.598,464.398,-1850.428,1000.266,515.978,-1977.888,986.681,281.05,-1963.18,1741.31,282.241,-1989.807,1749.89,308.87,-1962.956,1738.146,278.109,-1971.839,1714.845,210.015,-2032.458,1740.12,349.817,-2034.859,1727.693,202.015,-2168.074,1717.913,340.678,-2183.543,1698.55,193.225,-2131.977,1651.602,349.524,-2125.498,1637.432,281.168,-1988.136,1740.576,262.833,-2232.168,1563.65,262.023,-2258.956,1527.164,265.017,-2309.159,1258.362,275.767,-2095.954,1479.96,267.699,-2055.55,1286.462,370.569,-2309.862,1417.426,97.23,-2164.212,1521.83,10.801,-2193.845,1422.063,-11.087,-2209.439,1175.987,-10.753,-2210.396,973.186,37.393,-2191.3,876.829,-55.951,-2283.719,885.567,-16.567,-2235.564,841.915,433.666,-2169.997,1513.749,529.891,-2180.407,1410.328,575.672,-2089.121,1180.92,552.02,-1964.536,1039.466,497.665,-1891.781,1008.944,576.571,-1966.833,935.117,535.621,-1890.515,944.095,156.153,-2084.985,1039.021,388.674,-2100.035,1038.063,232.16,-2305.178,1094.134,290.784,-2315.413,1095.673,84.3,-2046.432,754.149,148.365,-2016.429,895.605,155.312,-1941.068,731.732,118.123,-1972.547,560.887,113.878,-1948.402,372.543,165.645,-1901.581,458.301,181.784,-1887.89,359.17,157.261,-1901.68,107.721,213.821,-1947.686,73.645,182.082,-1794.714,131.551,211.816,-1735.19,109.699,136.467,-1765.637,80.79,187.226,-1695.324,116.903,449.537,-2226.453,764.886,407.408,-2097.106,859.982,370.76,-2153.173,650.899,410.565,-2288.907,538.736,413.191,-2348.448,357.52,359.393,-2263.604,414.315,350.313,-2290.759,333.201,360.556,-2425.616,103.91,311.61,-2483.649,80.391,327.539,-2315.328,97.978,294.507,-2264.882,56.113,381.506,-2298.908,50.357,318.108,-2217.024,49.629,300.908,-2046.096,1388.332,304.026,-2049.042,1427.485,252.871,-2039.137,1393.625,225.49,-2335.658,1027.281,226.943,-2332.082,1065.856,274.326,-2340.97,1025.568,70.955,-2025.126,683.312,63.552,-2047.49,715.074,70.743,-1984.821,710.252,104.103,-1941.176,286,94.619,-1951.271,323.323,108.289,-1895.915,300.919,452.26,-2266.029,675.073,460.371,-2262.592,713.467,450.494,-2217.884,669.771,414.211,-2403.604,263.772,421.962,-2391.949,300.705,415.399,-2357.204,248.351,175.429,-2165.21,970.673,358.818,-2175.92,971.136,167.574,-1967.73,545.903,353.294,-2286.6,537.092,193.972,-1888.15,120.661,324.637,-2408.15,113.046,191.852,-1812.52,121.764,320.404,-2334.78,93.402,103.888,-2167.94,1465.34,423.301,-2173.17,1457.79,-3.025,-2254.45,1186.88,551.141,-2124.98,1164.34,-5.307,-2247.5,837.491,521.919,-1895.1,935.141,260.81,-2145.26,1067.19,197.952,-1871.2,102.598,38.977,-4.287,-1.814,14.131,5.823,-23.234,2.464,-1.563,12.816,-35.907,2.644,4.889,0.779,-0.144,0.399,2.506,3.444,-17.004,13.086,-1.849,15.798,-33.643,4.45,5.404,-4.012,1.249,-1.154,-4.012,-1.249,1.154,-7.887,20.355,47.626,27.762,0,0,-8.962,15.075,82.331,7.301,-6.921,6.243,20.037,22.478,34.981,44.257,0,0,4.376,18.035,83.545,7.301,6.921,-6.243,-102.426,3.363,-9.76,-86.271,1.618,-4.702,14.506,0.042,3.595,14.506,-0.042,-3.595,10.578,-0.627,4.591,10.578,0.627,-4.591,-18.117,6.028,-2.451,-18.117,-6.028,2.451,0,0,0,0,0,0,1.475,-0.034,0.969,0.188,-0.009,0.741,-0.246,-0.046,0.004,0.618,-0.008,1.72,0.059,-0.029,0.704,-0.164,-0.019,0.001,0,0,0,0,0,0,-334.98,-55.768,21.668,-37.963,-67.22,3.585,8.781,-4.207,3.728,-124.119,40.744,-2.238,-25.035,6.876,-0.244,-2.199,-1.097,-0.016,0,0,-0.106,0,0,-0.346,0,0,-0.001,0,0,-0.24,0,0,-0.015,0,0,0.001
29.93,267.237,-2153.23,966.951,279.03,-1975.782,920.908,83.942,-2140.993,967.165,270.511,-2107.303,1144.79,168.866,-1953.26,540.338,179.919,-1548.28,723.975,-275.302,-1951.927,564.132,189.979,-2137.225,944.769,192.931,-1843.44,122.127,21.559,-1442.279,218.046,-219.12,-2005.269,62.761,174.364,-1954.705,554.301,191.83,-1768.01,128.111,179.525,-1830.862,338.342,-24.915,-1797.337,106.657,226.02,-1976.549,67.766,191.83,-1768.01,128.111,185.14,-1745.784,193.837,122.453,-1771.007,122.063,192.727,-1834.008,150.52,353.71,-2278.95,536.454,380.906,-1844.829,420.895,-95.489,-2251.134,535.235,359.676,-2163.538,971.425,324.3,-2406.88,113.925,477.254,-2016.797,-16.492,-85.649,-2250.999,99.381,357.699,-2279.976,532.671,320.285,-2333.7,93.531,326.043,-2317.568,314.737,99.285,-2314.587,97.89,301.546,-2554.154,110.096,320.285,-2333.7,93.531,319.944,-2290.61,149.754,249.504,-2336.135,94.968,323.092,-2389.871,136.599,274.407,-2085.52,1477.36,288.2,-1920.73,1446.706,442.01,-2098.686,1481.999,276.553,-2116.449,1312.059,-3.956,-2241.21,1183.41,-219.954,-2398.576,1317.9,175.666,-2480.305,1192.128,98.94,-2154.169,1450.512,5.566,-2245.24,876.602,-223.577,-2417.559,871.757,177.723,-2474.403,884.958,-3.328,-2241.471,1163.186,-5.418,-2240.81,833.975,-60.708,-2181.486,854.39,-64.622,-2299.15,843.163,15.343,-2249.188,914.548,550.698,-2104.18,1162.07,735.404,-2364.635,1196.768,780.539,-1923.473,1295.019,423.363,-2155.806,1452.376,516.341,-1915.17,964.57,702.184,-2039.925,812.855,709.846,-1763.031,1076.501,550.06,-2100.667,1158.407,519.156,-1869.88,938.04,597.688,-1844.217,990.19,461.269,-1827.456,1004.333,513.924,-1954.065,987.345,279.488,-1946.24,1737.85,280.642,-1972.873,1746.413,307.317,-1946.026,1734.766,276.62,-1954.878,1711.371,208.419,-2015.502,1736.389,348.309,-2017.913,1724.417,200.463,-2151.126,1714.045,339.146,-2166.58,1695.069,191.895,-2114.971,1647.732,348.14,-2108.47,1634.075,279.597,-1971.204,1737.097,261.596,-2214.965,1559.91,260.863,-2241.695,1523.42,264.351,-2291.969,1254.755,274.981,-2078.658,1476.082,267.822,-2038.288,1282.452,369.254,-2293.061,1413.845,96.115,-2147.033,1517.395,9.876,-2177.452,1417.576,-11.467,-2196.318,1171.68,-10.844,-2200.987,968.906,37.34,-2183.878,872.172,-56.234,-2275.868,882.71,-16.658,-2228.755,838.125,432.687,-2152.99,1510.371,528.888,-2163.321,1406.967,575.305,-2068.632,1179.19,550.044,-1941.427,1040.515,494.823,-1868.657,1011.81,574.449,-1941.055,936.073,532.821,-1865.408,947.114,156.318,-2066.936,1035.049,389.248,-2083.228,1034.055,232.071,-2287.795,1090.188,290.275,-2298.246,1091.794,85.257,-2032.359,748.858,148.507,-1999.479,889.739,156.545,-1926.972,724.982,119.36,-1956.945,556.576,114.144,-1921.509,370.043,166.661,-1880.223,458.218,182.006,-1859.796,360.387,156.285,-1855.986,107.773,212.158,-1900.123,69.937,182.381,-1751.037,139.027,212.52,-1690.326,121.482,136.979,-1717.825,90.538,188.416,-1650.68,131.654,450.224,-2214.875,762.969,408.305,-2083.151,855.675,372.2,-2143.423,647.726,410.736,-2281.662,538.104,412.887,-2344.005,357.597,359.706,-2258.066,413.16,350.574,-2286.363,332.309,360.105,-2424.818,104.975,311.166,-2483.057,81.927,327.439,-2314.678,98.006,294.528,-2264.458,55.832,381.328,-2298.852,50.187,318.194,-2216.657,48.916,300.446,-2028.869,1384.524,303.443,-2031.818,1423.652,252.386,-2021.884,1389.638,225.359,-2318.351,1023.93,226.775,-2314.608,1062.494,274.235,-2323.73,1022.298,71.874,-2011.848,677.967,64.437,-2033.735,710.105,71.612,-1971.103,704.218,103.821,-1908.014,283.872,94.488,-1920.547,320.645,108.232,-1863.752,301.845,452.451,-2256.449,674.104,460.588,-2252.293,712.397,451.158,-2208.419,667.777,413.851,-2400.473,264.669,421.644,-2388.305,301.477,415.313,-2354.336,248.594,175.564,-2147.51,966.759,358.91,-2158.95,967.142,168.866,-1953.26,540.338,353.71,-2278.95,536.454,192.931,-1843.44,122.127,324.3,-2406.88,113.925,191.83,-1768.01,128.111,320.285,-2333.7,93.531,102.951,-2150.77,1460.93,422.486,-2156.16,1454.38,-3.956,-2241.21,1183.41,550.698,-2104.18,1162.07,-5.418,-2240.81,833.975,519.156,-1869.88,938.04,260.542,-2128.5,1063.9,197.269,-1825.58,104.482,38.759,-4.235,-2.088,9.925,5.309,-23.517,2.11,-1.659,13.696,-35.42,2.297,4.719,-0.362,-0.285,0.21,2.212,3.479,-17.018,13.389,-1.876,16.053,-33.51,4.194,5.5,-4.014,1.426,-1.064,-4.014,-1.426,1.064,-8.659,20.4,48.387,27.695,0,-0,-9.197,14.904,81.929,7.24,-6.866,6.308,20.779,22.485,34.869,44.866,-0,0,4.688,18.314,83.881,7.24,6.866,-6.308,-106.139,3.249,-8.95,-85.703,1.492,-4.845,14.515,0.067,3.82,14.515,-0.067,-3.82,10.598,-0.731,4.705,10.598,0.731,-4.705,-18.067,5.88,-2.375,-18.067,-5.88,2.375,0,0,0,0,0,0,1.223,-0.059,1.108,0.025,-0.025,0.743,-0.236,-0.017,-0.08,0.534,0.008,1.764,0.051,-0.027,0.715,-0.166,-0.022,-0.002,0,0,0,0,0,0,-117.704,-96.57,8.594,-171.177,-84.759,7.355,17.341,-3.774,7.952,-130.717,34.924,-3.002,-27.54,9.147,-0.741,-1.715,-1.012,-0.568,0,0,-0.033,0,0,-1.27,0,0,0,0,0,-0.247,0,0,-0.012,0,0,0.001
29.94,267.362,-2135.72,962.935,279.904,-1958.336,916.842,84.121,-2122.702,963.173,270.858,-2089.759,1140.761,169.901,-1938.84,534.548,181.023,-1533.197,716.71,-274.302,-1937.034,557.647,190.227,-2121.333,939.686,192.245,-1801.03,124.786,19.265,-1407.649,246.556,-219.216,-1960.803,56.439,175.608,-1939.675,549.05,192.022,-1726.06,135.086,179.671,-1800.725,341.414,-25.11,-1751.684,112.816,223.644,-1931.163,62.757,192.022,-1726.06,135.086,185.481,-1708.299,202.171,122.627,-1728.125,128.867,192.425,-1793.432,152.962,354.151,-2270.64,535.766,385.231,-1839.106,411.802,-94.797,-2239.144,532.847,360.027,-2146.781,968.408,324.12,-2405.5,115.022,479.789,-2018.584,-21.476,-84.791,-2247.245,97.268,357.692,-2272.01,531.701,320.297,-2332.55,93.778,325.511,-2313.889,314.798,99.323,-2312.978,97.339,301.099,-2552.764,112.824,320.297,-2332.55,93.778,320.282,-2288.907,149.575,249.512,-2334.705,95.445,323.021,-2388.305,137.389,273.536,-2068,1473.4,287.692,-1903.245,1442.728,441.104,-2081.456,1478.456,276.035,-2098.985,1308.115,-4.882,-2227.71,1179.88,-222.53,-2381.117,1316.27,172.839,-2468.011,1193.201,97.837,-2136.999,1445.826,5.421,-2237.1,873.185,-225.051,-2407.688,870.661,175.756,-2467.419,885.953,-4.202,-2228.337,1159.637,-5.442,-2233.48,830.492,-60.687,-2173.686,849.619,-64.761,-2291.54,840.662,15.109,-2240.33,911.263,550.1,-2083.52,1159.69,734.953,-2344.22,1191.661,779.586,-1904.194,1295.098,422.34,-2138.61,1449.172,514.031,-1891.12,966.017,699.869,-2012.074,811.248,707.237,-1740.144,1080.018,549.45,-2080.052,1156.199,516.516,-1845.11,940.631,594.867,-1820.217,993.422,458.333,-1804.811,1007.983,511.902,-1930.561,987.773,277.855,-1929.16,1734.36,278.971,-1955.804,1742.896,305.692,-1928.958,1731.351,275.053,-1937.767,1707.863,206.742,-1998.373,1732.598,346.714,-2000.82,1721.077,198.81,-2133.997,1710.084,337.506,-2149.462,1691.481,190.462,-2097.778,1643.781,346.64,-2091.271,1630.635,277.952,-1954.119,1733.583,260.257,-2197.537,1556.06,259.598,-2224.213,1519.581,263.659,-2274.553,1251.064,274.125,-2061.144,1472.124,267.88,-2020.779,1278.406,367.8,-2276.045,1410.16,94.918,-2129.633,1512.875,8.889,-2160.875,1413.053,-11.946,-2182.97,1167.354,-10.934,-2191.147,964.643,37.307,-2175.879,867.651,-56.44,-2267.504,879.783,-16.673,-2221.316,834.38,431.61,-2135.772,1506.922,527.795,-2146.032,1403.535,574.812,-2048.285,1177.298,548.109,-1918.655,1041.311,492.107,-1845.871,1014.333,572.368,-1915.791,936.839,530.149,-1840.783,949.817,156.512,-2048.693,1030.976,389.843,-2066.294,1030.001,231.871,-2270.23,1086.193,289.716,-2280.871,1087.877,85.967,-2018.459,743.326,148.528,-1982.368,883.45,157.702,-1913.076,717.995,120.348,-1941.226,552.336,114.415,-1895.39,367.924,167.397,-1859.192,458.185,182.132,-1832.608,361.778,155.712,-1812.578,108.814,210.973,-1854.789,67.557,182.828,-1709.885,146.932,213.442,-1648.311,133.532,137.692,-1672.881,100.698,189.773,-1609.01,146.454,450.822,-2202.982,761.067,409.336,-2068.914,851.374,373.796,-2133.184,644.562,410.943,-2273.855,537.487,412.651,-2339.132,357.781,360.058,-2252.064,412.006,350.887,-2281.609,331.455,359.825,-2423.908,106.275,310.885,-2482.399,83.833,327.459,-2313.928,98.135,294.622,-2264.017,55.577,381.214,-2298.775,50.029,318.305,-2216.325,48.245,299.968,-2011.418,1380.67,302.853,-2014.401,1419.78,251.856,-2004.399,1385.598,225.1,-2300.809,1020.552,226.498,-2296.888,1059.106,274.016,-2306.289,1018.988,72.388,-1998.535,672.519,64.922,-2019.927,705.039,72.11,-1957.345,698.059,103.688,-1876.239,282.317,94.495,-1890.969,318.456,108.19,-1833.017,303.035,452.622,-2246.455,673.171,460.738,-2241.604,711.358,451.859,-2198.555,665.836,413.63,-2397.017,265.77,421.433,-2384.289,302.429,415.333,-2351.167,248.985,175.714,-2129.62,962.755,359.009,-2141.83,963.114,169.901,-1938.84,534.548,354.151,-2270.64,535.766,192.245,-1801.03,124.786,324.12,-2405.5,115.022,192.022,-1726.06,135.086,320.297,-2332.55,93.778,101.931,-2133.39,1456.43,421.576,-2138.94,1450.9,-4.882,-2227.71,1179.88,550.1,-2083.52,1159.69,-5.442,-2233.48,830.492,516.516,-1845.11,940.631,260.277,-2111.62,1060.59,196.9,-1782.337,107.245,38.554,-4.213,-2.311,6.049,4.891,-23.952,1.674,-1.755,14.575,-34.799,1.985,4.645,-1.457,-0.443,-0.074,2.034,3.508,-16.899,13.683,-1.903,16.307,-33.411,3.872,5.616,-4.024,1.607,-0.962,-4.024,-1.607,0.962,-9.428,20.443,49.039,27.656,-0,0,-9.362,14.761,81.574,7.158,-6.838,6.38,21.462,22.457,34.73,45.441,0,0,4.999,18.581,84.222,7.158,6.838,-6.38,-109.425,3.256,-8.273,-85.057,1.352,-4.964,14.531,0.074,4.064,14.531,-0.074,-4.064,10.618,-0.852,4.829,10.618,0.852,-4.829,-17.995,5.743,-2.295,-17.995,-5.743,2.295,0,0,0,0,0,0,0.919,-0.084,1.281,-0.164,-0.041,0.766,-0.231,0.019,-0.18,0.421,0.023,1.807,0.04,-0.025,0.723,-0.166,-0.024,-0.004,0,0,0,0,0,0,108.379,-135.681,-6.189,-296.933,-96.663,10.126,23.642,-3.339,11.382,-121.183,25.325,-3.74,-32.294,10.699,-1.135,-0.939,-0.956,-1.027,0,0,0.036,0,0,-1.935,0,0,0.001,0,0,-0.218,0,0,-0.006,0,0,0.001
29.95,267.481,-2118.21,958.928,280.84,-1940.914,912.728,84.302,-2104.351,959.145,271.176,-2072.157,1136.727,170.647,-1924.38,528.799,182.839,-1518.18,709.647,-273.565,-1921.19,551.579,190.153,-2105.611,934.543,192.019,-1761.85,128.079,16.493,-1377.011,271.567,-218.406,-1920.297,50.975,176.487,-1924,543.97,192.419,-1687.49,142.08,179.674,-1772.181,344.475,-24.939,-1710.216,118.884,222.287,-1889.009,59.637,192.419,-1687.49,142.08,185.812,-1673.828,210.112,123.029,-1688.704,135.585,192.331,-1755.832,155.795,354.584,-2261.66,535.014,390.093,-1832.808,403.181,-94.038,-2226.049,530.023,360.259,-2129.854,965.305,324.122,-2403.98,116.368,482.217,-2020.386,-26.564,-83.858,-2243.769,95.075,357.692,-2263.423,530.717,320.447,-2331.31,94.165,325.079,-2309.777,314.937,99.488,-2311.427,96.862,300.924,-2551.234,116.025,320.447,-2331.31,94.165,320.809,-2286.986,149.42,249.662,-2333.185,96.133,323.14,-2386.534,138.448,272.584,-2050.41,1469.45,287.116,-1885.688,1438.771,440.113,-2064.16,1474.978,275.49,-2081.448,1304.181,-5.78,-2214.04,1176.37,-224.756,-2363.974,1314.486,170.462,-2455.147,1194.055,96.665,-2119.732,1441.168,5.338,-2228.4,869.848,-226.139,-2397.64,869.378,174.26,-2459.488,886.799,-5.045,-2214.993,1156.093,-5.385,-2225.49,827.092,-60.65,-2165.353,845.048,-64.772,-2283.337,838.045,14.913,-2231.003,908.029,549.343,-2063.21,1157.24,734.092,-2324.287,1186.634,778.718,-1885.404,1294.823,421.234,-2121.358,1445.968,511.824,-1867.74,967.178,697.478,-1985.315,809.61,704.937,-1718.043,1083.01,548.689,-2059.797,1153.924,514.032,-1821.11,942.862,592.253,-1796.999,996.206,455.635,-1782.742,1011.149,509.935,-1907.666,987.992,276.154,-1912.05,1730.92,277.226,-1938.707,1739.421,303.999,-1911.865,1727.987,273.418,-1920.617,1704.404,204.989,-1981.198,1728.826,345.026,-1983.708,1717.75,197.054,-2116.816,1706.108,335.766,-2132.316,1687.867,188.927,-2080.523,1639.827,345.05,-2074.032,1627.183,276.234,-1937.008,1730.108,258.817,-2180.018,1552.181,258.234,-2206.641,1515.727,262.955,-2257.045,1247.37,273.189,-2043.549,1468.172,267.854,-2003.15,1274.423,366.222,-2258.936,1406.453,93.64,-2112.129,1508.353,7.837,-2144.229,1408.574,-12.508,-2169.457,1163.088,-11.033,-2180.911,960.473,37.283,-2167.304,863.333,-56.562,-2258.652,876.848,-16.62,-2213.258,830.742,430.44,-2118.478,1503.49,526.617,-2128.655,1400.132,574.186,-2028.287,1175.285,546.249,-1896.457,1041.838,489.572,-1823.649,1016.465,570.346,-1891.334,937.382,527.642,-1816.907,952.144,156.752,-2030.404,1026.868,390.436,-2049.346,1025.965,231.535,-2252.615,1082.254,289.104,-2263.418,1084.016,86.318,-2004.54,737.828,148.513,-1965.193,876.991,158.791,-1899.26,711.187,121.084,-1925.332,548.31,114.732,-1870.401,366.078,167.837,-1838.635,458.109,182.185,-1806.677,363.133,155.646,-1772.433,110.44,210.449,-1812.712,66.247,183.391,-1672.067,154.661,214.486,-1609.909,145.118,138.56,-1631.757,110.534,191.144,-1571.065,160.465,451.318,-2190.776,759.193,410.443,-2054.479,847.143,375.417,-2122.451,641.436,411.17,-2265.449,536.875,412.501,-2333.783,358.09,360.423,-2245.571,410.865,351.238,-2276.476,330.663,359.743,-2422.859,107.847,310.796,-2481.657,86.165,327.605,-2313.051,98.379,294.785,-2263.553,55.341,381.176,-2298.657,49.886,318.43,-2216.033,47.622,299.465,-1993.883,1376.849,302.232,-1996.915,1415.948,251.272,-1986.815,1381.584,224.665,-2283.16,1017.216,226.063,-2279.058,1055.761,273.612,-2288.788,1015.704,72.476,-1984.917,667.225,64.967,-2005.839,700.089,72.222,-1943.321,692.1,103.772,-1846.417,281.135,94.697,-1863.035,316.593,108.2,-1804.202,304.216,452.779,-2236.007,672.258,460.836,-2230.493,710.337,452.554,-2188.249,663.955,413.585,-2393.194,267.101,421.362,-2379.857,303.572,415.466,-2347.655,249.538,175.862,-2111.68,958.739,359.1,-2124.74,959.118,170.647,-1924.38,528.799,354.584,-2261.66,535.014,192.019,-1761.85,128.079,324.122,-2403.98,116.368,192.419,-1687.49,142.08,320.447,-2331.31,94.165,100.83,-2115.9,1451.93,420.578,-2121.65,1447.44,-5.78,-2214.04,1176.37,549.343,-2063.21,1157.24,-5.385,-2225.49,827.092,514.032,-1821.11,942.862,260.012,-2094.78,1057.31,196.92,-1742.39,110.454,38.398,-4.209,-2.416,2.651,4.578,-24.609,1.256,-1.843,15.377,-34.124,1.698,4.696,-2.471,-0.61,-0.409,1.99,3.519,-16.671,13.957,-1.929,16.551,-33.362,3.484,5.747,-4.057,1.797,-0.844,-4.057,-1.797,0.844,-10.187,20.483,49.57,27.64,0,0,-9.437,14.675,81.268,7.058,-6.83,6.448,22.072,22.388,34.565,45.969,-0,-0,5.289,18.816,84.547,7.058,6.83,-6.448,-112.25,3.356,-7.811,-84.324,1.201,-5.048,14.566,0.068,4.327,14.566,-0.068,-4.327,10.637,-0.991,4.958,10.637,0.991,-4.958,-17.904,5.608,-2.206,-17.904,-5.608,2.206,0,0,0,0,0,0,0.607,-0.105,1.467,-0.351,-0.057,0.804,-0.229,0.058,-0.283,0.305,0.037,1.847,0.03,-0.023,0.73,-0.168,-0.025,-0.005,0,0,0,0,0,0,322.247,-167.228,-21.236,-406.718,-101.935,11.183,28.021,-2.925,13.204,-102.22,13.886,-4.316,-37.806,11.355,-1.355,0.158,-0.939,-1.322,0,0,0.067,0,0,-2.231,0,0,0.001,0,0,-0.171,0,0,0.003,0,0,0.001
29.96,267.592,-2100.74,955.004,281.82,-1923.558,908.625,84.481,-2085.999,955.143,271.447,-2054.521,1132.756,171.115,-1909.68,523.381,185.847,-1503.116,703.22,-273.062,-1903.718,546.289,189.643,-2090.022,929.566,192.306,-1726.5,131.359,13.244,-1350.086,291.822,-216.599,-1884.579,45.879,177.059,-1907.671,539.334,192.999,-1652.78,148.443,179.687,-1745.763,347.128,-24.426,-1673.613,124.126,222.121,-1850.818,57.714,192.999,-1652.78,148.443,186.102,-1642.707,217.07,123.639,-1653.286,141.547,192.501,-1721.751,158.516,354.982,-2252.01,534.205,394.979,-1825.857,395.105,-93.265,-2212.298,526.979,360.414,-2112.828,962.17,324.316,-2402.3,118.006,484.419,-2022.159,-31.754,-82.895,-2240.696,92.877,357.699,-2254.161,529.72,320.74,-2329.97,94.712,324.785,-2305.146,315.149,99.786,-2309.937,96.51,301.037,-2549.533,119.799,320.74,-2329.97,94.712,321.5,-2284.819,149.289,249.959,-2331.588,97.035,323.468,-2384.529,139.809,271.543,-2032.78,1465.59,286.451,-1868.093,1434.908,439.03,-2046.812,1471.651,274.918,-2063.872,1300.34,-6.648,-2200.19,1172.9,-226.664,-2347.136,1312.567,168.514,-2441.748,1194.684,95.42,-2102.397,1436.577,5.311,-2219.13,866.639,-226.881,-2387.382,867.981,173.198,-2450.651,887.518,-5.857,-2201.438,1152.622,-5.257,-2216.85,823.823,-60.604,-2156.476,840.701,-64.666,-2274.552,835.412,14.756,-2221.171,904.903,548.416,-2043.34,1154.76,732.781,-2304.945,1181.767,777.953,-1867.181,1294.18,420.044,-2104.069,1442.84,509.737,-1845.15,968.033,695.013,-1959.847,807.92,702.987,-1696.841,1085.412,547.765,-2040.003,1151.622,511.722,-1797.97,944.702,589.881,-1774.662,998.493,453.214,-1761.325,1013.836,508.039,-1885.488,987.975,274.375,-1894.96,1727.6,275.401,-1921.632,1736.059,302.228,-1894.794,1724.744,271.705,-1903.479,1701.062,203.156,-1964.027,1725.143,343.237,-1966.621,1714.506,195.189,-2099.628,1702.189,333.931,-2115.188,1684.305,187.29,-2063.253,1635.941,343.385,-2056.801,1623.79,274.436,-1919.916,1726.736,257.28,-2162.459,1548.345,256.776,-2189.029,1511.927,262.254,-2239.494,1243.741,272.163,-2025.927,1464.305,267.727,-1985.451,1270.578,364.542,-2241.776,1402.8,92.276,-2094.561,1503.9,6.716,-2127.543,1404.2,-13.137,-2155.777,1158.943,-11.15,-2170.27,956.454,37.258,-2158.133,859.258,-56.601,-2249.303,873.961,-16.509,-2204.575,827.254,429.178,-2101.162,1500.158,525.361,-2111.227,1396.845,573.422,-2008.738,1173.198,544.488,-1874.945,1042.101,487.256,-1802.094,1018.19,568.387,-1867.829,937.683,525.322,-1793.906,954.062,157.045,-2012.135,1022.784,391.009,-2032.412,1021.997,231.054,-2235.002,1078.459,288.438,-2245.929,1080.292,86.24,-1990.261,732.657,148.563,-1947.972,870.674,159.816,-1885.261,705.003,121.615,-1909.124,544.597,115.159,-1846.737,364.35,168.029,-1818.574,457.868,182.218,-1782.171,364.213,156.147,-1736.212,112.157,210.708,-1774.61,65.618,184.04,-1638.057,161.579,215.555,-1575.519,155.487,139.529,-1595.035,119.283,192.38,-1537.221,172.844,451.716,-2178.197,757.347,411.547,-2039.85,843.025,376.929,-2111.185,638.367,411.404,-2256.375,536.25,412.457,-2327.899,358.538,360.779,-2238.543,409.738,351.617,-2270.925,329.953,359.874,-2421.632,109.734,310.918,-2480.8,88.98,327.883,-2312.005,98.747,295.01,-2263.052,55.111,381.221,-2298.475,49.754,318.556,-2215.785,47.05,298.924,-1976.322,1373.126,301.548,-1979.403,1412.227,250.617,-1969.183,1377.664,224.015,-2265.445,1013.973,225.435,-2261.174,1052.513,272.978,-2271.283,1012.494,72.191,-1970.617,662.33,64.603,-1991.143,695.452,72.008,-1928.695,686.656,104.147,-1818.881,280.078,95.158,-1837.034,314.857,108.324,-1777.565,305.087,452.926,-2225.016,671.336,460.897,-2218.877,709.309,453.201,-2177.408,662.125,413.733,-2388.955,268.686,421.45,-2374.954,304.922,415.717,-2343.752,250.27,176.005,-2093.77,954.776,359.178,-2107.7,955.233,171.115,-1909.68,523.381,354.982,-2252.01,534.205,192.306,-1726.5,131.359,324.316,-2402.3,118.006,192.999,-1652.78,148.443,320.74,-2329.97,94.712,99.65,-2098.34,1447.51,419.493,-2104.33,1444.08,-6.648,-2200.19,1172.9,548.416,-2043.34,1154.76,-5.257,-2216.85,823.823,511.722,-1797.97,944.702,259.747,-2078.01,1054.11,197.374,-1706.333,113.598,38.319,-4.207,-2.335,-0.148,4.341,-25.555,0.96,-1.919,16.059,-33.485,1.423,4.869,-3.39,-0.774,-0.736,2.092,3.5,-16.379,14.192,-1.952,16.769,-33.365,3.061,5.897,-4.115,1.993,-0.713,-4.115,-1.993,0.713,-10.926,20.524,49.987,27.641,0,0,-9.454,14.621,81.006,6.942,-6.839,6.511,22.594,22.273,34.372,46.448,0,-0,5.577,19.025,84.847,6.942,6.839,-6.511,-114.615,3.504,-7.615,-83.482,1.049,-5.095,14.624,0.043,4.602,14.624,-0.043,-4.602,10.656,-1.15,5.086,10.656,1.15,-5.086,-17.798,5.473,-2.11,-17.798,-5.473,2.11,0.001,-0.022,-0.343,0,0,0,0.484,-0.116,1.953,-0.354,-0.053,1.151,-0.532,0.026,-0.214,0.207,0.048,1.887,0.026,-0.022,0.737,-0.169,-0.025,-0.006,3.644,0.618,3.453,0,0,0,-331.946,-131.183,3.228,273.448,-85.919,-12.3,-604.762,-97.9,-5.74,-85.007,3.215,-4.674,-42.596,11.353,-1.411,1.583,-0.972,-1.464,0,0,-0.016,0,0,1.118,0,0,-0.189,0,0,-0.13,0,0,0.015,0,0,-0
29.97,267.67,-2083.3,951.217,282.807,-1906.265,904.568,84.636,-2067.64,951.256,271.684,-2036.824,1128.898,171.365,-1894.47,518.566,190.27,-1487.81,697.797,-272.703,-1884.169,542.033,188.668,-2074.401,924.988,193.124,-1695.25,134,9.778,-1326.304,306.516,-213.861,-1853.929,40.819,177.442,-1890.695,535.316,193.75,-1622.15,153.566,179.891,-1721.795,348.957,-23.599,-1642.179,127.935,223.179,-1817.005,56.281,193.75,-1622.15,153.566,186.373,-1615.021,222.511,124.441,-1622.142,146.15,192.983,-1691.489,160.654,355.318,-2241.65,533.348,399.359,-1818.121,387.614,-92.553,-2198.302,523.978,360.537,-2095.708,959.058,324.708,-2400.45,119.982,486.243,-2023.862,-37.041,-81.967,-2238.18,90.793,357.723,-2244.187,528.712,321.177,-2328.52,95.437,324.68,-2299.902,315.423,100.215,-2308.508,96.352,301.452,-2547.623,124.254,321.177,-2328.52,95.437,322.369,-2282.362,149.157,250.407,-2329.902,98.194,324.022,-2382.236,141.528,270.402,-2015.13,1461.87,285.664,-1850.474,1431.194,437.846,-2029.411,1468.521,274.309,-2046.275,1296.642,-7.488,-2186.12,1169.56,-228.298,-2330.532,1310.61,166.951,-2427.827,1195.17,94.105,-2084.978,1432.155,5.335,-2209.28,863.592,-227.319,-2376.873,866.529,172.526,-2440.945,888.138,-6.638,-2187.652,1149.271,-5.071,-2207.55,820.714,-60.561,-2147.045,836.626,-64.449,-2265.183,832.797,14.637,-2210.831,901.917,547.327,-2023.96,1152.34,731.053,-2286.228,1177.184,777.275,-1849.527,1293.246,418.774,-2086.776,1439.891,507.777,-1823.39,968.59,692.51,-1935.735,806.197,701.372,-1676.534,1087.22,546.685,-2020.699,1149.35,509.596,-1775.74,946.142,587.772,-1753.238,1000.249,451.093,-1740.578,1016.046,506.223,-1864.074,987.751,272.509,-1877.88,1724.42,273.488,-1904.569,1732.832,300.371,-1877.733,1721.643,269.906,-1886.347,1697.858,201.229,-1946.86,1721.608,341.337,-1949.553,1711.408,193.213,-2082.432,1698.387,332.004,-2098.073,1680.864,185.551,-2045.963,1632.185,341.655,-2039.572,1620.519,272.551,-1902.837,1723.521,255.647,-2144.865,1544.62,255.233,-2171.382,1508.243,261.571,-2221.898,1240.235,271.037,-2008.279,1460.588,267.484,-1967.686,1266.93,362.786,-2224.556,1399.272,90.824,-2076.923,1499.575,5.523,-2110.791,1399.977,-13.818,-2141.891,1154.967,-11.293,-2159.194,952.631,37.225,-2148.336,855.447,-56.56,-2239.43,871.169,-16.352,-2195.251,823.949,427.823,-2083.828,1497.001,524.025,-2093.747,1393.753,572.523,-1989.67,1171.087,542.836,-1854.151,1042.113,485.187,-1781.226,1019.508,566.487,-1845.327,937.728,523.199,-1771.817,955.557,157.381,-1993.894,1018.785,391.543,-2015.467,1018.142,230.439,-2217.383,1074.878,287.723,-2228.391,1076.773,85.736,-1975.225,728.086,148.773,-1930.667,864.851,160.776,-1870.737,699.839,122.025,-1892.438,541.245,115.773,-1824.466,362.583,168.083,-1798.945,457.328,182.324,-1759.135,364.784,157.219,-1704.301,113.476,211.784,-1740.937,65.249,184.767,-1608.06,167.099,216.575,-1545.269,163.93,140.552,-1562.997,126.256,193.381,-1507.56,182.823,452.025,-2165.149,755.516,412.566,-2024.978,839.053,378.208,-2099.327,635.373,411.629,-2246.546,535.59,412.534,-2321.416,359.14,361.113,-2230.927,408.623,352.018,-2264.903,329.337,360.229,-2420.177,111.98,311.264,-2479.777,92.339,328.296,-2310.746,99.239,295.285,-2262.5,54.865,381.35,-2298.203,49.625,318.669,-2215.583,46.534,298.318,-1958.735,1369.559,300.766,-1961.85,1408.676,249.871,-1951.508,1373.898,223.135,-2247.655,1010.859,224.596,-2243.236,1049.398,272.091,-2253.763,1009.391,71.656,-1955.256,658.037,63.925,-1975.5,691.297,71.594,-1913.121,681.993,104.877,-1793.771,278.902,95.938,-1813.087,313.059,108.65,-1753.18,305.37,453.064,-2213.375,670.367,460.94,-2206.653,708.242,453.765,-2165.917,660.325,414.072,-2384.242,270.551,421.701,-2369.517,306.495,416.087,-2339.407,251.206,176.12,-2075.87,950.939,359.22,-2090.73,951.495,171.365,-1894.47,518.566,355.318,-2241.65,533.348,193.124,-1695.25,134,324.708,-2400.45,119.982,193.75,-1622.15,153.566,321.177,-2328.52,95.437,98.385,-2080.72,1443.21,418.327,-2086.99,1440.89,-7.488,-2186.12,1169.56,547.327,-2023.96,1152.34,-5.071,-2207.55,820.714,509.596,-1775.74,946.142,259.478,-2061.29,1051.02,198.275,-1674.499,116.174,38.339,-4.189,-2.05,-2.27,4.147,-26.776,0.865,-1.977,16.579,-32.978,1.151,5.145,-4.202,-0.933,-0.994,2.346,3.438,-16.064,14.367,-1.97,16.943,-33.44,2.602,6.068,-4.204,2.208,-0.564,-4.204,-2.208,0.564,-11.636,20.567,50.307,27.653,0,0,-9.418,14.61,80.773,6.815,-6.869,6.567,23.023,22.115,34.151,46.874,-0,0,5.852,19.202,85.101,6.815,6.869,-6.567,-116.531,3.648,-7.695,-82.507,0.908,-5.101,14.711,0.012,4.89,14.711,-0.012,-4.89,10.675,-1.331,5.208,10.675,1.331,-5.208,-17.681,5.335,-2.013,-17.681,-5.335,2.013,0,0,0,0,0,0,0.106,-0.121,1.816,-0.633,-0.087,0.887,-0.232,0.135,-0.45,0.144,0.053,1.928,0.032,-0.021,0.746,-0.173,-0.024,-0.006,0,0,0,0,0,0,646.739,-188.36,-45.537,-551.367,-99.622,6.856,32.954,-2.022,10.275,-79.028,-3.48,-4.783,-44.799,11.151,-1.365,3.327,-1.065,-1.517,0,0,-0.039,0,0,-1.71,0,0,-0.01,0,0,-0.107,0,0,0.029,0,0,-0
29.98,267.708,-2065.87,947.626,283.75,-1889.007,900.626,84.754,-2049.297,947.548,271.873,-2019.055,1125.215,171.487,-1878.5,514.582,196.019,-1472.073,693.658,-272.362,-1862.438,538.932,187.27,-2058.533,921.02,194.441,-1668.15,135.491,6.352,-1305.081,315.219,-210.336,-1828.437,35.679,177.805,-1873.06,532.019,194.678,-1595.59,156.966,180.499,-1700.376,349.626,-22.483,-1615.854,129.963,225.318,-1787.705,54.731,194.678,-1595.59,156.966,186.733,-1590.66,226.04,125.433,-1595.299,148.981,193.825,-1665.119,161.83,355.573,-2230.53,532.45,402.854,-1809.453,380.747,-91.969,-2184.317,521.236,360.658,-2078.498,956.025,325.299,-2398.33,122.332,487.719,-2025.437,-42.406,-81.067,-2236.11,88.878,357.77,-2233.396,527.684,321.756,-2326.92,96.34,324.814,-2293.887,315.714,100.777,-2307.083,96.433,302.156,-2545.417,129.514,321.756,-2326.92,96.34,323.408,-2279.56,148.991,251.004,-2328.089,99.612,324.813,-2379.584,143.616,269.154,-1997.43,1458.36,284.738,-1832.798,1427.718,436.553,-2011.917,1465.661,273.661,-2028.606,1293.153,-8.297,-2171.79,1166.36,-229.678,-2314.112,1308.635,165.75,-2413.378,1195.51,92.724,-2067.452,1427.923,5.406,-2198.79,860.727,-227.474,-2366.038,865.063,172.22,-2430.342,888.666,-7.388,-2173.577,1146.077,-4.84,-2197.57,817.796,-60.528,-2137.019,832.812,-64.13,-2255.201,830.304,14.566,-2199.887,899.105,546.079,-2005.06,1150,728.892,-2268.14,1172.927,776.7,-1832.426,1292.016,417.43,-2069.431,1437.164,505.95,-1802.43,968.853,689.961,-1912.984,804.424,700.112,-1657.088,1088.417,545.447,-2001.86,1147.141,507.658,-1754.41,947.181,585.94,-1732.7,1001.459,449.285,-1720.469,1017.793,504.492,-1843.417,987.347,270.543,-1860.78,1721.46,271.477,-1887.487,1729.82,298.412,-1860.65,1718.762,268.008,-1869.191,1694.874,199.194,-1929.669,1718.272,339.323,-1932.469,1708.511,191.126,-2065.196,1694.76,329.987,-2080.942,1677.609,183.707,-2028.623,1628.615,339.857,-2022.312,1617.428,270.567,-1885.738,1720.511,253.923,-2127.216,1541.065,253.61,-2153.678,1504.73,260.916,-2204.222,1236.899,269.803,-1990.581,1457.081,267.116,-1949.834,1263.523,360.981,-2207.238,1395.933,89.28,-2059.188,1495.43,4.252,-2093.92,1395.94,-14.541,-2127.74,1151.197,-11.465,-2147.631,949.035,37.181,-2137.876,851.908,-56.443,-2228.988,868.509,-16.161,-2185.265,820.849,426.374,-2066.448,1494.083,522.609,-2076.196,1390.923,571.495,-1971.075,1169.003,541.3,-1834.064,1041.891,483.383,-1761.025,1020.433,564.645,-1823.824,937.516,521.279,-1750.627,956.625,157.735,-1975.655,1014.938,392.025,-1998.458,1014.442,229.722,-2199.718,1071.562,286.973,-2210.753,1073.51,84.881,-1959.08,724.327,149.206,-1913.212,859.878,161.651,-1855.357,695.972,122.416,-1875.128,538.268,116.647,-1803.555,360.659,168.154,-1779.648,456.381,182.621,-1737.527,364.651,158.814,-1676.846,114.005,213.622,-1711.923,64.779,185.599,-1582.063,170.761,217.529,-1519.077,169.859,141.602,-1535.673,130.926,194.131,-1481.946,189.776,452.255,-2151.53,753.689,413.433,-2009.784,835.258,379.162,-2086.807,632.474,411.835,-2235.873,534.88,412.739,-2314.267,359.906,361.428,-2222.664,407.516,352.446,-2258.347,328.822,360.807,-2418.428,114.626,311.83,-2478.516,96.306,328.847,-2309.217,99.837,295.6,-2261.88,54.572,381.554,-2297.817,49.483,318.753,-2215.432,46.078,297.614,-1941.09,1366.201,299.853,-1944.219,1405.347,249.011,-1933.768,1370.342,222.035,-2229.748,1007.901,223.554,-2225.216,1046.439,270.963,-2236.178,1006.422,71.037,-1938.548,654.489,63.08,-1958.654,687.743,71.14,-1896.334,678.297,106.003,-1771.066,277.422,97.076,-1791.163,311.072,109.277,-1730.97,304.859,453.184,-2200.977,669.325,460.971,-2193.719,707.114,454.219,-2153.663,658.54,414.581,-2378.993,272.721,422.109,-2363.484,308.316,416.58,-2334.567,252.376,176.196,-2057.98,947.29,359.22,-2073.75,947.962,171.487,-1878.5,514.582,355.573,-2230.53,532.45,194.441,-1668.15,135.491,325.299,-2398.33,122.332,194.678,-1595.59,156.966,321.756,-2326.92,96.34,97.037,-2063,1439.09,417.084,-2069.6,1437.93,-8.297,-2171.79,1166.36,546.079,-2005.06,1150,-4.84,-2197.57,817.796,507.658,-1754.41,947.181,259.197,-2044.58,1048.09,199.611,-1646.993,117.77,38.461,-4.143,-1.57,-3.668,3.968,-28.21,1.027,-2.017,16.936,-32.686,0.901,5.48,-4.901,-1.078,-1.15,2.759,3.325,-15.777,14.452,-1.984,17.076,-33.58,2.125,6.267,-4.33,2.44,-0.408,-4.33,-2.44,0.408,-12.321,20.616,50.542,27.673,0,0,-9.373,14.602,80.566,6.687,-6.919,6.614,23.341,21.91,33.902,47.249,-0,0,6.11,19.339,85.301,6.687,6.919,-6.614,-118.02,3.736,-8.014,-81.367,0.793,-5.068,14.824,-0.024,5.176,14.824,0.024,-5.176,10.686,-1.535,5.319,10.686,1.535,-5.319,-17.556,5.194,-1.92,-17.556,-5.194,1.92,0,0,0,0,0,0,-0.035,-0.111,1.961,-0.701,-0.101,0.913,-0.233,0.165,-0.497,0.127,0.053,1.971,0.049,-0.022,0.759,-0.178,-0.021,-0.004,0,0,0,0,0,0,737.008,-174.584,-52.996,-579.656,-95.918,1.706,34.685,-1.472,5.583,-86.907,-3.709,-4.671,-44.036,10.641,-1.266,5.404,-1.22,-1.528,0,0,-0.148,0,0,-1.072,0,0,-0.02,0,0,-0.099,0,0,0.041,0,0,0
29.99,267.689,-2048.36,944.281,284.602,-1871.691,896.858,84.818,-2030.902,944.101,272.023,-2001.135,1121.757,171.588,-1861.54,511.575,202.609,-1455.683,690.939,-271.915,-1838.856,536.951,185.595,-2042.148,917.823,196.205,-1645.09,135.507,3.559,-1285.803,317.988,-206.369,-1807.69,30.653,178.291,-1854.787,529.468,195.824,-1572.94,158.324,181.687,-1681.384,348.951,-21.077,-1594.289,130.093,228.273,-1762.895,52.669,195.824,-1572.94,158.324,187.344,-1569.398,227.42,126.641,-1572.64,149.818,195.095,-1642.553,161.803,355.742,-2218.57,531.523,405.246,-1799.702,374.508,-91.56,-2170.439,518.896,360.782,-2061.129,953.117,326.089,-2395.87,125.086,488.977,-2026.896,-47.813,-80.147,-2234.312,87.143,357.84,-2221.728,526.626,322.473,-2325.1,97.411,325.233,-2286.891,315.947,101.465,-2305.589,96.792,303.148,-2542.781,135.715,322.473,-2325.1,97.411,324.599,-2276.329,148.741,251.748,-2326.089,101.28,325.853,-2376.464,146.076,267.798,-1979.65,1455.11,283.666,-1815.032,1424.536,435.151,-1994.295,1463.114,272.97,-2010.828,1289.923,-9.091,-2157.13,1163.34,-230.886,-2297.732,1306.675,164.813,-2398.404,1195.762,91.266,-2049.777,1423.937,5.517,-2187.62,858.065,-227.414,-2354.762,863.615,172.194,-2418.871,889.141,-8.121,-2159.151,1143.069,-4.577,-2186.9,815.09,-60.506,-2126.365,829.252,-63.734,-2244.578,828.007,14.542,-2188.279,896.489,544.689,-1986.63,1147.8,726.329,-2250.655,1169.123,776.214,-1815.82,1290.548,416.004,-2051.989,1434.724,504.261,-1782.27,968.845,687.399,-1891.597,802.631,699.184,-1638.463,1089.026,544.067,-1983.481,1145.05,505.905,-1733.94,947.824,584.381,-1712.992,1002.121,447.787,-1700.959,1019.099,502.858,-1823.489,986.776,268.473,-1843.63,1718.76,269.361,-1870.356,1727.064,296.35,-1843.516,1716.144,266.01,-1851.98,1692.148,197.042,-1912.418,1715.181,337.192,-1915.326,1705.863,188.929,-2047.884,1691.36,327.877,-2063.756,1674.596,181.755,-2011.198,1625.282,337.985,-2004.982,1614.572,268.48,-1868.577,1717.749,252.107,-2109.487,1537.736,251.909,-2135.895,1501.437,260.289,-2186.419,1233.774,268.458,-1972.797,1453.835,266.615,-1931.869,1260.389,359.158,-2189.778,1392.839,87.641,-2041.333,1491.51,2.899,-2076.877,1392.116,-15.299,-2113.261,1147.663,-11.666,-2135.523,945.69,37.128,-2126.72,848.645,-56.259,-2217.924,866.012,-15.947,-2174.587,817.969,424.825,-2048.98,1491.46,521.109,-2058.554,1388.407,570.353,-1952.925,1166.995,539.873,-1814.657,1041.455,481.847,-1741.453,1020.983,562.866,-1803.291,937.058,519.56,-1730.301,957.272,158.067,-1957.375,1011.328,392.44,-1981.316,1010.936,228.951,-2181.952,1068.548,286.211,-2192.95,1070.543,83.817,-1941.605,721.498,149.87,-1895.519,856.066,162.402,-1838.871,693.496,122.879,-1857.096,535.664,117.825,-1783.883,358.529,168.41,-1760.579,454.963,183.236,-1717.256,363.692,160.838,-1653.771,113.511,216.082,-1687.58,63.982,186.608,-1559.866,172.273,218.457,-1496.7,172.864,142.678,-1512.877,132.979,194.704,-1460.075,193.276,452.408,-2137.248,751.863,414.104,-1994.181,831.673,379.747,-2073.552,629.694,412.023,-2224.268,534.109,413.07,-2306.389,360.848,361.745,-2213.685,406.414,352.913,-2251.184,328.413,361.604,-2416.308,117.713,312.603,-2476.91,100.952,329.533,-2307.359,100.51,295.942,-2261.178,54.198,381.819,-2297.3,49.312,318.795,-2215.34,45.692,296.776,-1923.342,1363.106,298.783,-1926.467,1402.291,248.017,-1915.931,1367.05,220.752,-2211.677,1005.125,222.343,-2207.071,1043.662,269.632,-2218.461,1003.61,70.499,-1920.381,651.751,62.233,-1940.504,684.859,70.792,-1878.228,675.646,107.529,-1750.604,275.542,98.573,-1771.105,308.851,110.297,-1710.74,303.452,453.272,-2187.73,668.195,460.983,-2179.99,705.913,454.553,-2140.552,656.761,415.226,-2373.135,275.219,422.655,-2356.789,310.413,417.195,-2329.169,253.817,176.217,-2040.03,943.895,359.162,-2056.68,944.666,171.588,-1861.54,511.575,355.742,-2218.57,531.523,196.205,-1645.09,135.507,326.089,-2395.87,125.086,195.824,-1572.94,158.324,322.473,-2325.1,97.411,95.602,-2045.14,1435.2,415.758,-2052.11,1435.27,-9.091,-2157.13,1163.34,544.689,-1986.63,1147.8,-4.577,-2186.9,815.09,505.905,-1733.94,947.824,258.9,-2027.82,1045.36,201.345,-1623.723,118.128,38.677,-4.062,-0.97,-4.34,3.805,-29.701,1.449,-2.038,17.124,-32.651,0.703,5.793,-5.489,-1.214,-1.187,3.334,3.161,-15.566,14.406,-1.996,17.188,-33.777,1.651,6.5,-4.491,2.698,-0.253,-4.491,-2.698,0.253,-12.975,20.671,50.713,27.696,-0,0,-9.351,14.577,80.376,6.558,-6.985,6.647,23.539,21.665,33.632,47.579,0,-0,6.355,19.435,85.441,6.558,6.985,-6.647,-119.083,3.729,-8.491,-80.02,0.716,-4.997,14.96,-0.056,5.453,14.96,0.056,-5.453,10.688,-1.762,5.416,10.688,1.762,-5.416,-17.42,5.046,-1.824,-17.42,-5.046,1.824,0,0,0,0,0,0,-0.093,-0.087,2.082,-0.717,-0.11,0.924,-0.231,0.185,-0.515,0.157,0.047,2.019,0.079,-0.024,0.778,-0.185,-0.017,-0,0,0,0,0,0,0,774.853,-146.834,-56.929,-576.692,-91.32,-4.468,36.634,-0.883,-0.367,-112.261,4.321,-4.356,-39.931,9.578,-1.143,7.673,-1.439,-1.519,0,0,-0.249,0,0,-0.366,0,0,-0.033,0,0,-0.104,0,0,0.049,0,0,0.002
30,267.583,-2030.7,941.229,285.279,-1854.235,893.337,84.791,-2012.427,941.017,272.144,-1983.025,1118.579,171.76,-1843.51,509.594,209.373,-1438.492,689.592,-271.29,-1814.061,535.911,183.806,-2025.022,915.502,198.33,-1625.81,133.952,1.951,-1267.963,315.278,-202.371,-1791.064,26.115,179.021,-1835.894,527.641,197.248,-1553.9,157.516,183.513,-1664.445,346.963,-19.374,-1576.854,128.416,231.673,-1742.452,49.989,197.248,-1553.9,157.516,188.388,-1550.9,226.59,128.11,-1553.861,148.646,196.828,-1623.54,160.486,355.839,-2205.71,530.565,406.566,-1788.754,368.919,-91.326,-2156.584,516.956,360.876,-2043.57,950.375,327.067,-2392.97,128.275,490.206,-2028.254,-53.208,-79.136,-2232.52,85.579,357.938,-2209.106,525.527,323.319,-2323,98.631,325.995,-2278.687,316.012,102.275,-2303.931,97.465,304.403,-2539.56,143.009,323.319,-2323,98.631,325.941,-2272.603,148.342,252.634,-2323.825,103.195,327.146,-2372.773,148.888,266.331,-1961.75,1452.17,282.447,-1797.135,1421.713,433.636,-1976.509,1460.927,272.229,-1992.887,1287,-9.888,-2142.09,1160.55,-232.03,-2281.231,1304.772,163.996,-2382.951,1196.006,89.731,-2031.94,1420.261,5.662,-2175.75,855.618,-227.227,-2342.913,862.195,172.323,-2406.603,889.601,-8.854,-2144.327,1140.268,-4.297,-2175.48,812.6,-60.492,-2115.015,825.986,-63.284,-2233.246,825.895,14.563,-2175.989,894.069,543.184,-1968.62,1145.8,723.444,-2233.687,1165.884,775.782,-1799.596,1288.93,414.491,-2034.406,1432.623,502.713,-1762.86,968.584,684.873,-1871.496,800.849,698.539,-1620.557,1089.086,542.573,-1965.51,1143.121,504.337,-1714.32,948.081,583.084,-1694.071,1002.251,446.585,-1682.021,1019.963,501.327,-1804.277,986.083,266.294,-1826.36,1716.33,267.135,-1853.104,1724.578,294.179,-1826.264,1713.8,263.906,-1834.651,1689.692,194.77,-1895.071,1712.375,334.946,-1898.083,1703.504,186.629,-2030.462,1688.239,325.676,-2046.479,1671.876,179.692,-1993.655,1622.233,336.027,-1987.546,1612.001,266.284,-1851.312,1715.268,250.199,-2091.656,1534.681,250.127,-2118.012,1498.406,259.679,-2168.438,1230.894,267.002,-1954.897,1450.899,265.98,-1913.76,1257.559,357.343,-2172.138,1390.042,85.903,-2023.341,1487.86,1.463,-2059.617,1388.527,-16.082,-2098.392,1144.387,-11.895,-2122.813,942.612,37.069,-2114.836,845.66,-56.017,-2206.182,863.699,-15.721,-2163.188,815.321,423.171,-2031.381,1489.17,519.523,-2040.811,1386.245,569.115,-1935.189,1165.102,538.546,-1795.901,1040.818,480.573,-1722.474,1021.18,561.159,-1783.688,936.372,518.039,-1710.801,957.507,158.329,-1939.006,1008.047,392.769,-1963.965,1007.659,228.182,-2164.03,1065.865,285.462,-2174.921,1067.9,82.72,-1922.772,719.609,150.702,-1877.488,853.627,162.975,-1821.168,692.315,123.472,-1838.313,533.434,119.305,-1765.261,356.216,168.995,-1741.653,453.078,184.273,-1698.197,361.89,163.158,-1634.792,111.951,218.967,-1667.716,62.81,187.884,-1541.116,171.546,219.451,-1477.771,172.764,143.814,-1494.232,132.335,195.249,-1441.512,193.135,452.473,-2122.237,750.044,414.555,-1978.09,828.337,379.979,-2059.48,627.06,412.204,-2211.645,533.276,413.511,-2297.713,361.978,362.099,-2203.913,405.312,353.445,-2243.326,328.112,362.603,-2413.716,121.282,313.551,-2474.82,106.349,330.348,-2305.106,101.212,296.297,-2260.383,53.708,382.127,-2296.639,49.097,318.787,-2215.321,45.381,295.774,-1905.447,1360.326,297.542,-1908.557,1399.552,246.875,-1897.968,1364.076,219.345,-2193.4,1002.565,221.02,-2188.76,1041.097,268.164,-2200.541,1000.987,70.175,-1900.858,649.81,61.541,-1921.149,682.657,70.635,-1858.895,674.005,109.406,-1732.102,273.273,100.383,-1752.648,306.438,111.768,-1692.206,301.175,453.31,-2173.567,666.98,460.957,-2165.401,704.645,454.775,-2126.511,654.992,415.968,-2366.585,278.07,423.308,-2349.357,312.82,417.931,-2323.142,255.567,176.148,-2021.97,940.829,359.017,-2039.43,941.629,171.76,-1843.51,509.594,355.839,-2205.71,530.565,198.33,-1625.81,133.952,327.067,-2392.97,128.275,197.248,-1553.9,157.516,323.319,-2323,98.631,94.073,-2027.14,1431.58,414.347,-2034.48,1432.94,-9.888,-2142.09,1160.55,543.184,-1968.62,1145.8,-4.297,-2175.48,812.6,504.337,-1714.32,948.081,258.575,-2010.93,1042.86,203.426,-1604.416,117.178,38.959,-3.933,-0.343,-4.325,3.673,-31.068,2.068,-2.042,17.159,-32.863,0.6,6.007,-5.969,-1.354,-1.123,4.075,2.954,-15.456,14.181,-2.009,17.303,-34.011,1.188,6.773,-4.685,2.991,-0.117,-4.685,-2.991,0.117,-13.596,20.735,50.85,27.721,0,0,-9.352,14.562,80.185,6.447,-7.067,6.664,23.615,21.387,33.355,47.867,0,-0,6.571,19.483,85.512,6.447,7.067,-6.664,-119.695,3.628,-9.012,-78.419,0.694,-4.891,15.112,-0.066,5.709,15.112,0.066,-5.709,10.675,-2.01,5.502,10.675,2.01,-5.502,-17.288,4.893,-1.727,-17.288,-4.893,1.727,0,0,0,0,0,0,-0.078,-0.051,2.178,-0.686,-0.11,0.919,-0.227,0.194,-0.502,0.231,0.037,2.07,0.12,-0.027,0.803,-0.196,-0.011,0.005,0,0,0,0,0,0,760.052,-108.436,-57.254,-543.865,-84.926,-10.374,38.548,-0.33,-6.304,-154.821,20.768,-3.899,-33.377,7.639,-1.007,10.044,-1.716,-1.485,0,0,-0.303,0,0,0.262,0,0,-0.045,0,0,-0.109,0,0,0.051,0,0,0.006
30.01,267.359,-2012.82,938.529,285.696,-1836.551,890.156,84.639,-1993.845,938.406,272.237,-1964.694,1115.749,172.074,-1824.45,508.589,215.349,-1420.364,689.407,-270.509,-1789.086,535.483,182.13,-2006.98,914.095,200.707,-1609.9,130.966,2.169,-1251.071,307.949,-198.86,-1777.51,22.561,180.032,-1816.412,526.471,199.004,-1538.05,154.64,185.88,-1648.998,343.894,-17.38,-1562.72,125.172,235.125,-1726.148,46.875,199.004,-1538.05,154.64,189.988,-1534.746,223.68,129.885,-1538.523,145.636,199.045,-1607.674,157.977,355.906,-2191.81,529.551,407.128,-1776.444,364.015,-91.203,-2142.384,515.225,360.863,-2025.729,947.818,328.219,-2389.46,131.908,491.763,-2029.509,-58.504,-77.897,-2230.244,84.075,358.069,-2195.414,524.366,324.274,-2320.53,99.965,327.139,-2269.025,315.753,103.186,-2301.996,98.477,305.903,-2535.54,151.529,324.274,-2320.53,99.965,327.402,-2268.28,147.694,253.644,-2321.209,105.338,328.694,-2368.356,152.033,264.755,-1943.71,1449.58,281.085,-1779.08,1419.32,432.01,-1958.546,1459.127,271.431,-1974.73,1284.417,-10.697,-2126.62,1157.98,-233.156,-2264.524,1302.898,163.243,-2367.012,1196.233,88.114,-2013.922,1416.906,5.833,-2163.12,853.393,-226.959,-2330.382,860.807,172.547,-2393.525,890.057,-9.596,-2129.045,1137.69,-4.011,-2163.3,810.336,-60.483,-2102.938,823,-62.804,-2221.174,824.015,14.627,-2162.966,891.857,541.592,-1951.01,1144.01,720.283,-2217.197,1163.285,775.392,-1783.693,1287.188,412.888,-2016.637,1430.865,501.305,-1744.17,968.085,682.409,-1852.627,799.096,698.143,-1603.304,1088.628,540.99,-1947.917,1141.38,502.95,-1695.52,947.962,582.026,-1675.893,1001.881,445.651,-1663.628,1020.386,499.899,-1785.76,985.285,264.009,-1808.96,1714.22,264.802,-1835.722,1722.414,291.902,-1808.881,1711.776,261.696,-1817.192,1687.558,192.39,-1877.599,1709.889,332.59,-1880.712,1701.468,184.233,-2012.901,1685.446,323.38,-2029.079,1669.494,177.518,-1975.972,1619.511,333.971,-1969.979,1609.76,263.981,-1833.912,1713.101,248.193,-2073.71,1531.944,248.26,-2100.016,1495.676,259.068,-2150.24,1228.289,265.435,-1936.858,1448.318,265.211,-1895.48,1255.068,355.555,-2154.288,1387.589,84.065,-2005.213,1484.517,-0.052,-2042.114,1385.196,-16.884,-2083.079,1141.389,-12.151,-2109.446,939.81,37.01,-2102.196,842.952,-55.731,-2193.709,861.584,-15.491,-2151.033,812.91,421.409,-2013.618,1487.242,517.851,-2022.968,1384.463,567.805,-1917.834,1163.356,537.304,-1777.769,1039.993,479.54,-1704.061,1021.04,559.532,-1764.98,935.48,516.709,-1692.095,957.344,158.47,-1920.503,1005.197,392.985,-1946.331,1004.646,227.472,-2145.908,1063.535,284.755,-2156.615,1065.603,81.762,-1902.747,718.573,151.57,-1859.013,852.622,163.305,-1802.293,692.183,124.209,-1818.824,531.598,121.034,-1747.457,353.815,170.001,-1722.824,450.811,185.785,-1680.204,359.337,165.617,-1619.434,109.468,222.049,-1651.944,61.393,189.511,-1525.331,168.688,220.622,-1461.823,169.632,145.068,-1479.206,129.137,195.956,-1425.73,189.424,452.434,-2106.454,748.248,414.784,-1961.447,825.289,379.943,-2044.502,624.598,412.407,-2197.922,532.382,414.044,-2288.16,363.305,362.545,-2193.255,404.206,354.077,-2234.666,327.917,363.777,-2410.531,125.366,314.629,-2472.062,112.578,331.272,-2302.388,101.889,296.647,-2259.49,53.074,382.456,-2295.832,48.829,318.727,-2215.392,45.148,294.592,-1887.369,1357.917,296.126,-1890.468,1397.177,245.58,-1879.854,1361.475,217.887,-2174.892,1000.264,219.655,-2170.255,1038.786,266.642,-2182.362,998.592,70.135,-1880.28,648.589,61.121,-1900.862,681.103,70.673,-1838.599,673.239,111.536,-1715.189,270.723,102.41,-1735.451,303.947,113.683,-1675.024,298.178,453.282,-2158.439,665.699,460.868,-2149.909,703.328,454.905,-2111.491,653.245,416.765,-2359.241,281.298,424.03,-2341.099,315.565,418.785,-2316.395,257.661,175.959,-2003.73,938.174,358.76,-2021.9,938.884,172.074,-1824.45,508.589,355.906,-2191.81,529.551,200.707,-1609.9,130.966,328.219,-2389.46,131.908,199.004,-1538.05,154.64,324.274,-2320.53,99.965,92.449,-2008.97,1428.27,412.841,-2016.66,1430.97,-10.697,-2126.62,1157.98,541.592,-1951.01,1144.01,-4.011,-2163.3,810.336,502.95,-1695.52,947.962,258.214,-1993.87,1040.61,205.78,-1588.638,115.04,39.265,-3.755,0.184,-3.71,3.603,-32.083,2.763,-2.029,17.047,-33.263,0.62,6.034,-6.344,-1.52,-1.01,4.991,2.722,-15.465,13.725,-2.027,17.476,-34.283,0.756,7.095,-4.91,3.328,-0.018,-4.91,-3.328,0.018,-14.187,20.805,50.967,27.741,0,0,-9.398,14.537,79.991,6.364,-7.166,6.666,23.554,21.086,33.086,48.124,0,0,6.75,19.487,85.523,6.364,7.166,-6.666,-119.809,3.471,-9.46,-76.514,0.743,-4.75,15.267,-0.039,5.929,15.267,0.039,-5.929,10.637,-2.275,5.576,10.637,2.275,-5.576,-17.159,4.739,-1.629,-17.159,-4.739,1.629,0,0,0,0,0,0,-0.006,-0.006,2.252,-0.617,-0.099,0.907,-0.221,0.19,-0.462,0.34,0.026,2.124,0.168,-0.03,0.837,-0.209,-0.005,0.012,0,0,0,0,0,0,694.559,-63.889,-54.162,-485.383,-74.857,-14.73,39.693,0.099,-10.935,-211.971,43.052,-3.225,-24.907,4.478,-0.79,12.258,-2.044,-1.335,0,0,-0.298,0,0,0.705,0,0,-0.049,0,0,-0.104,0,0,0.046,0,0,0.013
30.02,266.988,-1994.66,936.222,285.773,-1818.567,887.386,84.325,-1975.137,936.355,272.305,-1946.114,1113.315,172.555,-1804.51,508.441,219.752,-1401.247,690.112,-269.666,-1764.858,535.309,180.718,-1987.976,913.567,203.204,-1596.89,126.883,4.733,-1234.753,297.074,-196.33,-1765.836,20.448,181.284,-1796.422,525.888,201.101,-1524.86,149.979,188.542,-1634.355,340.116,-15.137,-1550.953,120.669,238.279,-1713.616,43.735,201.101,-1524.86,149.979,192.166,-1520.447,218.967,131.974,-1526.025,141.1,201.692,-1594.415,154.505,355.999,-2176.77,528.436,407.47,-1762.671,359.832,-91.085,-2127.344,513.345,360.63,-2007.555,945.449,329.517,-2385.2,136.008,493.947,-2030.698,-63.64,-76.322,-2227.076,82.529,358.254,-2180.521,523.111,325.312,-2317.58,101.391,328.73,-2257.617,314.975,104.178,-2299.611,99.885,307.606,-2530.434,161.433,325.312,-2317.58,101.391,328.962,-2263.262,146.714,254.758,-2318.101,107.697,330.48,-2363.047,155.465,263.067,-1925.52,1447.38,279.585,-1760.859,1417.39,430.269,-1940.404,1457.749,270.565,-1956.354,1282.218,-11.539,-2110.67,1155.66,-234.381,-2247.448,1301.057,162.395,-2350.642,1196.492,86.417,-1995.726,1413.922,6.019,-2149.72,851.399,-226.715,-2317.035,859.44,172.724,-2379.724,890.536,-10.367,-2113.281,1135.349,-3.731,-2150.34,808.307,-60.476,-2090.091,820.279,-62.32,-2208.322,822.4,14.722,-2149.165,889.862,539.938,-1933.78,1142.44,716.888,-2201.151,1161.382,775.038,-1768.062,1285.348,411.199,-1998.648,1429.452,500.032,-1726.19,967.366,680.021,-1834.949,797.383,697.965,-1586.671,1087.681,539.345,-1930.701,1139.844,501.743,-1677.48,947.476,581.188,-1658.394,1001.046,444.963,-1645.72,1020.366,498.568,-1767.882,984.393,261.623,-1791.41,1712.45,262.368,-1818.189,1720.593,289.523,-1791.351,1710.091,259.384,-1799.587,1685.764,189.921,-1859.98,1707.757,330.134,-1863.198,1699.784,181.749,-1995.187,1683.03,320.989,-2011.536,1667.493,175.238,-1958.139,1617.162,331.807,-1952.273,1607.888,261.577,-1816.357,1711.278,246.088,-2055.646,1529.56,246.301,-2081.902,1493.283,258.435,-2131.799,1225.989,263.754,-1918.67,1446.134,264.309,-1877.007,1252.949,353.809,-2136.214,1385.514,82.127,-1986.96,1481.523,-1.637,-2024.359,1382.141,-17.696,-2067.282,1138.683,-12.435,-2095.375,937.293,36.955,-2088.78,840.524,-55.421,-2180.456,859.677,-15.267,-2138.088,810.741,419.537,-1995.666,1485.693,516.096,-2005.031,1383.076,566.446,-1900.832,1161.783,536.138,-1760.237,1038.992,478.721,-1686.199,1020.575,557.995,-1747.135,934.409,515.566,-1674.16,956.797,158.445,-1901.839,1002.87,393.054,-1928.35,1001.93,226.867,-2127.563,1061.586,284.119,-2138.007,1063.67,81.075,-1881.859,718.242,152.29,-1840.012,852.944,163.336,-1782.428,692.783,125.054,-1798.747,530.197,122.914,-1730.224,351.479,171.443,-1704.084,448.317,187.751,-1663.12,356.231,168.045,-1607.078,106.343,225.089,-1639.714,59.98,191.517,-1511.952,163.982,222.066,-1448.333,163.789,146.503,-1467.154,123.717,197.002,-1412.161,182.466,452.269,-2089.88,746.498,414.802,-1944.209,822.566,379.776,-2028.516,622.33,412.669,-2183.01,531.426,414.656,-2277.634,364.836,363.143,-2181.595,403.084,354.855,-2225.073,327.82,365.086,-2406.608,129.993,315.778,-2468.408,119.721,332.28,-2299.138,102.488,296.973,-2258.499,52.289,382.785,-2294.878,48.523,318.623,-2215.574,44.984,293.223,-1869.089,1355.931,294.541,-1872.197,1395.214,244.139,-1861.576,1359.3,216.458,-2156.149,998.279,218.325,-2151.546,1036.785,265.151,-2163.891,996.477,70.386,-1859.079,647.969,61.038,-1880.031,680.132,70.84,-1817.726,673.15,113.772,-1699.447,268.079,104.52,-1719.136,301.552,115.964,-1658.829,294.723,453.183,-2142.309,664.37,460.692,-2133.486,701.979,454.981,-2095.451,651.537,417.58,-2350.984,284.92,424.783,-2331.906,318.67,419.752,-2308.817,260.124,175.615,-1985.3,935.996,358.362,-2004.01,936.448,172.555,-1804.51,508.441,355.999,-2176.77,528.436,203.204,-1596.89,126.883,329.517,-2385.2,136.008,201.101,-1524.86,149.979,325.312,-2317.58,101.391,90.732,-1990.66,1425.3,411.235,-1998.63,1429.38,-11.539,-2110.67,1155.66,539.938,-1933.78,1142.44,-3.731,-2150.34,808.307,501.743,-1677.48,947.476,257.806,-1976.59,1038.66,208.303,-1575.833,111.981,39.556,-3.522,0.509,-2.605,3.608,-32.557,3.382,-2,16.783,-33.76,0.771,5.824,-6.615,-1.742,-0.929,6.101,2.488,-15.575,12.984,-2.057,17.75,-34.563,0.37,7.463,-5.155,3.717,0.026,-5.155,-3.717,-0.026,-14.737,20.883,51.092,27.757,-0,0,-9.509,14.485,79.778,6.314,-7.283,6.654,23.356,20.768,32.828,48.359,-0,-0,6.883,19.456,85.482,6.314,7.283,-6.654,-119.374,3.324,-9.739,-74.247,0.885,-4.577,15.417,0.041,6.101,15.417,-0.041,-6.101,10.575,-2.555,5.641,10.575,2.555,-5.641,-17.037,4.586,-1.53,-17.037,-4.586,1.53,0,0,0,0,0,0,0.098,0.043,2.307,-0.524,-0.077,0.893,-0.214,0.175,-0.402,0.468,0.016,2.179,0.22,-0.033,0.878,-0.226,0.001,0.019,0,0,0,0,0,0,589.017,-18.707,-48.049,-409.217,-61.02,-16.576,39.063,0.336,-13.244,-281.733,66.456,-2.119,-14.795,0.086,-0.345,13.97,-2.412,-0.891,0,0,-0.25,0,0,0.92,0,0,-0.042,0,0,-0.075,0,0,0.031,0,0,0.023
30.03,266.44,-1976.19,934.36,285.432,-1800.233,885.113,83.817,-1956.31,934.961,272.345,-1927.294,1111.338,173.186,-1783.9,508.991,221.84,-1381.155,691.426,-268.904,-1742.292,535.038,179.704,-1968.07,913.827,205.659,-1586.21,122.175,9.757,-1218.792,283.809,-195.083,-1754.946,20.033,182.698,-1776.029,525.834,203.473,-1513.78,143.976,191.165,-1619.863,336.053,-12.747,-1540.679,115.264,240.842,-1704.363,41.113,203.473,-1513.78,143.976,194.789,-1507.517,212.853,134.321,-1515.702,135.433,204.605,-1583.176,150.429,356.201,-2160.42,527.149,408.179,-1747.25,356.434,-90.832,-2110.9,510.889,360.058,-1988.975,943.258,330.938,-2379.98,140.565,497.063,-2031.754,-68.503,-74.29,-2222.538,80.81,358.529,-2164.298,521.732,326.404,-2314.05,102.885,330.834,-2244.279,313.45,105.227,-2296.584,101.751,309.471,-2523.937,172.788,326.404,-2314.05,102.885,330.579,-2257.471,145.302,255.952,-2314.377,110.257,332.488,-2356.671,159.137,261.259,-1907.19,1445.62,277.929,-1742.479,1415.991,428.405,-1922.089,1456.832,269.615,-1937.748,1280.448,-12.415,-2094.23,1153.6,-235.714,-2229.992,1299.246,161.435,-2333.852,1196.781,84.644,-1977.367,1411.339,6.201,-2135.5,849.638,-226.516,-2302.817,858.102,172.829,-2365.165,891.024,-11.169,-2096.993,1133.256,-3.472,-2136.55,806.512,-60.461,-2076.408,817.841,-61.872,-2194.621,821.015,14.825,-2134.578,888.087,538.253,-1916.91,1141.15,713.367,-2185.471,1160.313,774.667,-1752.599,1283.515,409.409,-1980.425,1428.417,498.891,-1708.9,966.428,677.774,-1818.402,795.756,697.929,-1570.565,1086.286,537.667,-1913.818,1138.544,500.715,-1660.22,946.633,580.541,-1641.591,999.795,444.486,-1628.321,1019.887,497.326,-1750.668,983.417,259.148,-1773.69,1711.03,259.845,-1800.483,1719.131,287.055,-1773.652,1708.754,256.981,-1781.821,1684.324,187.387,-1842.201,1706.011,327.592,-1845.539,1698.477,179.185,-1977.311,1681.038,318.5,-1993.84,1665.909,172.857,-1940.156,1615.225,329.535,-1934.434,1606.421,259.083,-1798.64,1709.823,243.883,-2037.463,1527.564,244.249,-2063.668,1491.259,257.769,-2113.112,1224.026,261.953,-1900.333,1444.388,263.274,-1858.328,1251.243,352.107,-2117.916,1383.848,80.094,-1968.603,1478.915,-3.284,-2006.361,1379.386,-18.512,-2050.972,1136.284,-12.749,-2080.565,935.067,36.903,-2074.565,838.378,-55.112,-2166.384,857.983,-15.057,-2124.318,808.815,417.56,-1977.521,1484.534,514.265,-1987.013,1382.09,565.057,-1884.161,1160.407,535.043,-1743.286,1037.829,478.084,-1668.88,1019.794,556.558,-1730.132,933.181,514.605,-1656.979,955.883,158.221,-1883.009,1001.147,392.937,-1909.979,999.541,226.397,-2108.998,1060.046,283.584,-2119.103,1062.12,80.735,-1860.523,718.445,152.663,-1820.447,854.334,163.037,-1761.854,693.82,125.93,-1778.256,529.286,124.806,-1713.326,349.392,173.26,-1685.459,445.807,190.072,-1646.789,352.842,170.274,-1597.034,102.928,227.866,-1630.377,58.863,193.849,-1500.411,157.844,223.827,-1436.79,155.759,148.159,-1457.4,116.542,198.501,-1400.259,172.802,451.968,-2072.5,744.81,414.625,-1926.353,820.2,379.64,-2011.412,620.26,413.044,-2166.815,530.396,415.34,-2266.016,366.568,363.959,-2168.791,401.923,355.826,-2214.398,327.807,366.49,-2401.77,135.185,316.941,-2463.588,127.86,333.346,-2295.288,102.973,297.257,-2257.409,51.372,383.097,-2293.781,48.215,318.49,-2215.886,44.868,291.675,-1850.601,1354.414,292.795,-1853.753,1393.706,242.561,-1843.13,1357.602,215.133,-2137.191,996.668,217.109,-2132.643,1035.153,263.772,-2145.125,994.694,70.879,-1837.718,647.827,61.29,-1859.069,679.669,71.04,-1796.685,673.525,115.933,-1684.464,265.576,106.55,-1703.345,299.445,118.465,-1643.279,291.134,453.021,-2125.145,663.001,460.413,-2116.107,700.607,455.051,-2078.354,649.882,418.386,-2341.671,288.946,425.532,-2321.645,322.141,420.829,-2300.27,262.964,175.085,-1966.66,934.369,357.796,-1985.72,934.35,173.186,-1783.9,508.991,356.201,-2160.42,527.149,205.659,-1586.21,122.175,330.938,-2379.98,140.565,203.473,-1513.78,143.976,326.404,-2314.05,102.885,88.927,-1972.21,1422.71,409.517,-1980.37,1428.17,-12.415,-2094.23,1153.6,538.253,-1916.91,1141.15,-3.472,-2136.55,806.512,500.715,-1660.22,946.633,257.34,-1959.06,1037.05,210.858,-1565.394,108.353,39.798,-3.233,0.54,-1.134,3.684,-32.355,3.777,-1.955,16.384,-34.266,1.009,5.382,-6.775,-2.048,-0.958,7.417,2.278,-15.766,11.91,-2.102,18.17,-34.858,0.061,7.877,-5.416,4.163,0.001,-5.416,-4.163,-0.001,-15.244,20.968,51.23,27.761,0,-0,-9.661,14.421,79.566,6.313,-7.418,6.626,23.017,20.447,32.601,48.575,-0,0,6.961,19.406,85.394,6.313,7.418,-6.626,-118.357,3.258,-9.79,-71.58,1.147,-4.377,15.55,0.188,6.213,15.55,-0.188,-6.213,10.482,-2.848,5.695,10.482,2.848,-5.695,-16.934,4.439,-1.43,-16.934,-4.439,1.43,0,0,0,0,0,0,0.209,0.092,2.346,-0.422,-0.047,0.884,-0.209,0.151,-0.329,0.602,0.009,2.23,0.27,-0.034,0.927,-0.246,0.007,0.027,0,0,0,0,0,0,458.401,18.212,-39.491,-325.15,-45.582,-15.452,35.57,0.357,-12.67,-356.79,86.754,-0.413,-4.787,-5.112,0.461,15.131,-2.809,-0.021,0,0,-0.186,0,0,0.932,0,0,-0.026,0,0,-0.007,0,0,0.01,0,0,0.034
30.04,265.7,-1957.43,932.973,284.623,-1781.563,883.378,83.095,-1937.416,934.271,272.346,-1908.265,1109.85,173.92,-1762.87,510.084,221.257,-1360.232,693.1,-268.331,-1721.938,534.421,179.108,-1947.424,914.764,207.917,-1577.36,117.321,17.399,-1202.992,269.145,-195.363,-1743.708,21.441,184.098,-1755.338,526.29,205.981,-1504.35,137.123,193.453,-1605.07,332.052,-10.343,-1531.324,109.282,242.666,-1697.81,39.52,205.981,-1504.35,137.123,197.618,-1495.609,205.769,136.798,-1506.962,129.027,207.538,-1573.455,146.112,356.591,-2142.64,525.598,409.761,-1730.03,353.898,-90.311,-2092.599,507.459,359.052,-1970.002,941.224,332.448,-2373.6,145.583,501.304,-2032.626,-73.032,-71.723,-2216.263,78.803,358.942,-2146.553,520.171,327.528,-2309.79,104.452,333.559,-2228.8,310.921,106.328,-2292.595,104.168,311.423,-2515.631,185.666,327.528,-2309.79,104.452,332.238,-2250.785,143.364,257.213,-2309.838,113.035,334.704,-2348.986,163.019,259.327,-1888.72,1444.33,276.111,-1723.944,1415.127,426.414,-1903.599,1456.408,268.577,-1918.938,1279.143,-13.339,-2077.29,1151.83,-237.222,-2212.097,1297.468,160.275,-2316.693,1197.12,82.793,-1958.883,1409.211,6.361,-2120.46,848.114,-226.439,-2287.651,856.778,172.764,-2349.915,891.522,-12.016,-2080.19,1131.424,-3.242,-2121.89,804.956,-60.458,-2061.854,815.69,-61.466,-2180.04,819.845,14.911,-2119.176,886.542,536.562,-1900.39,1140.12,709.793,-2170.114,1160.056,774.265,-1737.26,1281.693,407.545,-1961.994,1427.725,497.878,-1692.3,965.296,675.69,-1802.95,794.245,698.002,-1554.96,1084.488,535.982,-1897.271,1137.499,499.87,-1643.72,945.445,580.076,-1625.469,998.165,444.203,-1611.408,1018.948,496.165,-1734.099,982.37,256.607,-1755.83,1710,257.25,-1782.635,1718.066,284.521,-1755.82,1707.808,254.511,-1763.921,1683.277,184.81,-1824.263,1704.68,324.984,-1827.743,1697.567,176.549,-1959.277,1679.506,315.915,-1975.995,1664.771,170.39,-1922.033,1613.736,327.16,-1916.476,1605.385,256.518,-1780.769,1708.762,241.582,-2019.168,1525.984,242.106,-2045.318,1489.631,257.069,-2094.198,1222.432,260.026,-1881.857,1443.112,262.095,-1839.442,1249.989,350.443,-2099.409,1382.606,77.97,-1950.162,1476.729,-4.984,-1988.135,1376.958,-19.33,-2034.133,1134.208,-13.096,-2064.985,933.14,36.845,-2059.527,836.517,-54.832,-2151.463,856.51,-14.873,-2109.689,807.138,415.486,-1959.189,1483.776,512.37,-1968.929,1381.507,563.654,-1867.798,1159.25,534.026,-1726.899,1036.523,477.603,-1652.108,1018.702,555.232,-1713.955,931.819,513.826,-1640.545,954.618,157.778,-1864.035,1000.082,392.598,-1891.206,997.508,226.076,-2090.247,1058.948,283.177,-2099.935,1060.969,80.747,-1839.156,719.032,152.508,-1800.36,856.437,162.424,-1740.894,695.089,126.741,-1757.549,528.933,126.552,-1696.572,347.74,175.328,-1666.998,443.511,192.584,-1631.075,349.464,172.157,-1588.647,99.57,230.195,-1623.265,58.274,196.361,-1490.214,150.762,225.873,-1426.747,146.197,150.025,-1449.319,108.154,200.467,-1389.58,161.128,451.533,-2054.303,743.181,414.271,-1907.875,818.214,379.688,-1993.075,618.371,413.583,-2149.236,529.262,416.102,-2253.162,368.486,365.055,-2154.68,400.687,357.039,-2202.471,327.855,367.944,-2395.816,140.959,318.066,-2457.29,137.07,334.454,-2290.78,103.337,297.492,-2256.219,50.379,383.374,-2292.54,47.981,318.353,-2216.338,44.768,289.96,-1831.917,1353.401,290.902,-1835.154,1392.689,240.862,-1824.525,1356.417,213.975,-2118.063,995.49,216.076,-2113.58,1033.947,262.573,-2126.092,993.291,71.525,-1816.599,648.068,61.813,-1838.318,679.654,71.186,-1775.828,674.192,117.826,-1669.893,263.444,108.329,-1687.786,297.811,120.994,-1628.099,287.738,452.818,-2106.909,661.576,460.035,-2097.752,699.197,455.165,-2060.159,648.276,419.167,-2331.136,293.371,426.26,-2310.156,325.97,422.014,-2290.595,266.177,174.353,-1947.83,933.331,357.048,-1967.03,932.614,173.92,-1762.87,510.084,356.591,-2142.64,525.598,207.917,-1577.36,117.321,332.448,-2373.6,145.583,205.981,-1504.35,137.123,327.528,-2309.79,104.452,87.034,-1953.66,1420.56,407.697,-1961.92,1427.38,-13.339,-2077.29,1151.83,536.562,-1900.39,1140.12,-3.242,-2121.89,804.956,499.87,-1643.72,945.445,256.815,-1941.29,1035.8,213.278,-1556.74,104.518,39.974,-2.887,0.244,0.595,3.81,-31.398,3.861,-1.891,15.811,-34.712,1.268,4.781,-6.81,-2.458,-1.161,8.97,2.11,-16.01,10.462,-2.165,18.753,-35.187,-0.141,8.333,-5.679,4.67,-0.101,-5.679,-4.67,0.101,-15.691,21.063,51.396,27.751,0,0,-9.847,14.341,79.332,6.351,-7.566,6.57,22.55,20.127,32.406,48.773,0,0,6.972,19.349,85.263,6.351,7.566,-6.57,-116.772,3.314,-9.609,-68.468,1.562,-4.163,15.663,0.405,6.255,15.663,-0.405,-6.255,10.367,-3.153,5.737,10.367,3.153,-5.737,-16.845,4.293,-1.319,-16.845,-4.293,1.319,0,0,0,0,0,0,0.304,0.136,2.37,-0.324,-0.013,0.884,-0.208,0.122,-0.251,0.726,0.01,2.277,0.313,-0.033,0.982,-0.269,0.013,0.034,0,0,0,0,0,0,315.753,41.045,-29.18,-241.826,-31.116,-11.662,28.744,0.184,-9.447,-429.882,100.539,1.955,4.268,-10.847,1.548,15.518,-3.229,1.189,0,0,-0.129,0,0,0.8,0,0,-0.007,0,0,0.111,0,0,-0.014,0,0,0.044
30.05,264.755,-1938.4,932.09,283.308,-1762.571,882.222,82.147,-1918.496,934.33,272.302,-1889.056,1108.881,174.688,-1741.68,511.593,218.153,-1338.781,694.995,-267.971,-1703.844,533.382,178.824,-1926.326,916.244,209.831,-1569.87,112.759,27.376,-1187.382,253.869,-197.119,-1731.438,24.516,185.309,-1734.484,527.246,208.418,-1496.19,129.943,195.218,-1589.797,328.342,-8.099,-1522.602,103.076,243.705,-1693.266,39.308,208.418,-1496.19,129.943,200.342,-1484.495,198.183,139.206,-1499.324,122.289,210.202,-1564.835,141.918,357.244,-2123.28,523.689,412.618,-1710.833,352.294,-89.397,-2072.03,502.717,357.542,-1950.607,939.308,334.03,-2365.85,151.04,506.865,-2033.226,-77.121,-68.519,-2207.909,76.358,359.541,-2127.136,518.372,328.678,-2304.69,106.109,337.038,-2211.128,307.111,107.495,-2287.305,107.216,313.395,-2505.113,200.037,328.678,-2304.69,106.109,333.926,-2243.164,140.82,258.542,-2304.311,116.041,337.119,-2339.794,167.055,257.264,-1870.12,1443.53,274.11,-1705.268,1414.797,424.291,-1884.928,1456.499,267.446,-1899.954,1278.328,-14.315,-2059.84,1150.33,-238.899,-2193.761,1295.706,158.908,-2299.171,1197.461,80.884,-1940.288,1407.529,6.474,-2104.56,846.833,-226.515,-2271.489,855.471,172.498,-2333.949,892.006,-12.913,-2062.854,1129.868,-3.054,-2106.35,803.644,-60.476,-2046.415,813.823,-61.122,-2164.569,818.873,14.947,-2102.962,885.238,534.878,-1884.19,1139.39,706.254,-2154.994,1160.676,773.782,-1721.953,1279.965,405.6,-1943.365,1427.388,496.995,-1676.41,963.97,673.832,-1788.589,792.905,698.13,-1539.821,1082.321,534.306,-1881.052,1136.738,499.21,-1627.97,943.928,579.775,-1610.024,996.204,444.094,-1594.989,1017.548,495.086,-1718.168,981.248,254.022,-1737.82,1709.38,254.611,-1764.635,1717.418,281.942,-1737.841,1707.265,251.99,-1745.88,1682.642,182.208,-1806.174,1703.787,322.334,-1809.825,1697.07,173.85,-1941.098,1678.455,313.24,-1958.017,1664.096,167.855,-1903.787,1612.717,324.695,-1898.421,1604.798,253.907,-1762.76,1708.113,239.195,-2000.77,1524.844,239.883,-2026.86,1488.424,256.35,-2075.106,1221.238,257.965,-1863.259,1442.329,260.761,-1820.364,1249.22,348.804,-2080.721,1381.796,75.764,-1931.656,1474.995,-6.727,-1969.701,1374.885,-20.149,-2016.76,1132.47,-13.485,-2048.618,931.523,36.762,-2043.635,834.948,-54.608,-2135.669,855.262,-14.728,-2094.169,805.713,413.337,-1940.691,1483.429,510.422,-1950.793,1381.326,562.239,-1851.723,1158.339,533.097,-1711.062,1035.1,477.255,-1635.889,1017.302,554.033,-1698.594,930.346,513.228,-1624.852,953.024,157.109,-1844.972,999.7,392.007,-1872.058,995.854,225.904,-2071.366,1058.325,282.931,-2080.566,1060.229,81.052,-1818.105,719.903,151.704,-1779.886,858.882,161.57,-1719.859,696.5,127.388,-1736.817,529.204,127.991,-1679.848,346.676,177.477,-1648.768,441.628,195.08,-1615.878,346.358,173.585,-1581.386,96.55,231.95,-1617.781,58.33,198.841,-1481.006,143.236,228.094,-1417.879,135.799,152.024,-1442.419,99.115,202.806,-1379.837,148.218,450.987,-2035.267,741.59,413.749,-1888.785,816.619,380.036,-1973.398,616.626,414.336,-2130.167,527.977,416.954,-2238.905,370.557,366.488,-2139.094,399.331,358.534,-2189.115,327.935,369.419,-2388.523,147.331,319.12,-2449.181,147.406,335.603,-2285.56,103.613,297.683,-2254.911,49.41,383.605,-2291.14,47.946,318.246,-2216.919,44.637,288.094,-1813.062,1352.91,288.877,-1816.426,1392.185,239.06,-1805.788,1355.768,213.035,-2098.827,994.786,215.287,-2094.414,1033.208,261.604,-2106.845,992.301,72.21,-1795.983,648.654,62.494,-1817.995,680.065,71.222,-1755.387,675.062,119.272,-1655.513,261.87,109.698,-1672.287,296.784,123.353,-1613.125,284.802,452.61,-2087.565,660.053,459.581,-2078.399,697.712,455.372,-2040.826,646.7,419.918,-2319.198,298.176,426.962,-2297.256,330.135,423.312,-2279.616,269.746,173.405,-1928.86,932.921,356.105,-1947.95,931.26,174.688,-1741.68,511.593,357.244,-2123.28,523.689,209.831,-1569.87,112.759,334.03,-2365.85,151.04,208.418,-1496.19,129.943,328.678,-2304.69,106.109,85.075,-1935.02,1418.86,405.776,-1943.29,1426.99,-14.315,-2059.84,1150.33,534.878,-1884.19,1139.39,-3.054,-2106.35,803.644,499.21,-1627.97,943.928,256.233,-1923.28,1034.95,215.396,-1549.393,100.783,40.086,-2.472,-0.346,2.495,3.942,-29.736,3.623,-1.807,15.044,-35.066,1.476,4.137,-6.705,-2.991,-1.587,10.778,1.992,-16.29,8.605,-2.248,19.511,-35.58,-0.195,8.82,-5.936,5.242,-0.282,-5.936,-5.242,0.282,-16.063,21.176,51.595,27.728,0,0,-10.047,14.237,79.083,6.423,-7.742,6.493,21.969,19.816,32.249,48.943,0,0,6.922,19.302,85.095,6.423,7.742,-6.493,-114.698,3.489,-9.24,-64.89,2.165,-3.95,15.752,0.699,6.22,15.752,-0.699,-6.22,10.237,-3.471,5.759,10.237,3.471,-5.759,-16.775,4.162,-1.208,-16.775,-4.162,1.208,0,0,0,0,0,0,0.364,0.172,2.379,-0.242,0.02,0.89,-0.212,0.092,-0.175,0.828,0.02,2.315,0.344,-0.027,1.041,-0.293,0.019,0.039,0,0,0,0,0,0,178.167,46.982,-18.138,-167.013,-20.155,-6.211,19.014,-0.136,-4.556,-495.226,105.651,4.973,12.124,-16.518,2.78,15.044,-3.668,2.583,0,0,-0.088,0,0,0.597,0,0,0.005,0,0,0.278,0,0,-0.043,0,0,0.051
30.06,263.611,-1919.21,931.722,281.481,-1743.371,881.641,80.981,-1899.677,935.14,272.208,-1869.754,1108.434,175.428,-1720.53,513.447,213.016,-1317.167,697.129,-267.776,-1687.679,532.002,178.688,-1905.118,918.132,211.308,-1563.43,108.801,39.424,-1172.086,238.435,-200.178,-1717.71,28.949,186.121,-1713.586,528.703,210.575,-1489.09,122.884,196.406,-1574.184,325.016,-6.166,-1514.584,96.958,244.061,-1690.107,40.607,210.575,-1489.09,122.884,202.681,-1474.137,190.506,141.341,-1492.508,115.557,212.319,-1557.086,138.123,358.223,-2102.23,521.329,416.848,-1689.491,351.729,-87.995,-2049.041,496.529,355.523,-1930.847,937.473,335.671,-2356.53,156.94,513.631,-2033.399,-80.726,-64.688,-2197.421,73.482,360.389,-2105.853,516.27,329.856,-2298.63,107.935,341.423,-2191.324,301.783,108.767,-2280.306,110.984,315.32,-2491.956,215.819,329.856,-2298.63,107.935,335.642,-2234.581,137.636,259.947,-2297.592,119.317,339.712,-2328.871,171.23,255.073,-1851.42,1443.23,271.906,-1686.482,1414.988,422.04,-1866.083,1457.11,266.223,-1880.847,1278.017,-15.333,-2041.89,1149.14,-240.687,-2175.071,1294.002,157.408,-2281.266,1197.789,78.918,-1921.604,1406.346,6.517,-2087.77,845.796,-226.716,-2254.371,854.196,172.081,-2317.2,892.423,-13.853,-2044.995,1128.602,-2.921,-2089.88,802.58,-60.541,-2030.047,812.235,-60.848,-2148.166,818.084,14.901,-2085.885,884.186,533.209,-1868.31,1138.98,702.795,-2140.084,1162.146,773.214,-1706.667,1278.359,403.612,-1924.592,1427.414,496.247,-1661.23,962.463,672.216,-1775.32,791.766,698.309,-1525.141,1079.807,532.645,-1865.147,1136.278,498.74,-1612.98,942.097,579.629,-1595.271,993.952,444.142,-1579.092,1015.691,494.093,-1702.888,980.05,251.423,-1719.7,1709.18,251.954,-1746.523,1717.196,279.348,-1719.758,1707.138,249.451,-1727.734,1682.43,179.598,-1787.953,1703.34,319.666,-1791.805,1696.992,171.1,-1922.798,1677.886,310.491,-1939.93,1663.888,165.272,-1885.438,1612.175,322.165,-1880.291,1604.661,251.277,-1744.638,1707.885,236.746,-1982.283,1524.158,237.602,-2008.313,1487.654,255.634,-2055.901,1220.472,255.774,-1844.564,1442.045,259.264,-1801.133,1248.956,347.175,-2061.89,1381.412,73.494,-1913.096,1473.737,-8.506,-1951.08,1373.198,-20.973,-1998.859,1131.086,-13.926,-2031.449,930.227,36.627,-2026.853,833.679,-54.466,-2118.984,854.244,-14.635,-2077.725,804.543,411.139,-1922.06,1483.503,508.437,-1932.624,1381.548,560.814,-1835.911,1157.698,532.266,-1695.764,1033.587,477.028,-1620.237,1015.599,552.976,-1684.042,928.786,512.815,-1609.9,951.12,156.225,-1825.897,999.999,391.149,-1852.6,994.592,225.87,-2052.425,1058.198,282.876,-2061.072,1059.901,81.538,-1797.592,721.018,150.213,-1759.255,861.366,160.599,-1699.011,698.073,127.797,-1716.213,530.144,128.99,-1663.143,346.283,179.526,-1630.85,440.287,197.353,-1601.147,343.71,174.513,-1574.905,94.047,233.082,-1613.45,59.007,201.058,-1472.598,135.724,230.329,-1409.994,125.216,154.024,-1436.381,89.956,205.333,-1370.916,134.839,450.365,-2015.36,739.988,413.059,-1869.105,815.419,380.753,-1952.297,614.973,415.336,-2109.513,526.48,417.912,-2223.073,372.735,368.299,-2121.875,397.806,360.335,-2174.168,328.017,370.903,-2379.655,154.319,320.096,-2438.928,158.897,336.806,-2279.574,103.888,297.857,-2253.437,48.609,383.788,-2289.535,48.283,318.212,-2217.579,44.421,286.094,-1794.076,1352.936,286.737,-1797.599,1392.195,237.171,-1786.956,1355.651,212.348,-2079.561,994.573,214.793,-2075.219,1032.955,260.902,-2087.458,991.729,72.808,-1775.958,649.6,63.188,-1798.16,680.913,71.134,-1735.441,676.14,120.145,-1641.254,260.949,110.536,-1656.815,296.415,125.373,-1598.329,282.483,452.436,-2067.075,658.367,459.095,-2058.031,696.089,455.708,-2020.315,645.116,420.641,-2305.671,303.329,427.647,-2282.758,334.599,424.727,-2267.155,273.645,172.249,-1909.85,933.142,354.973,-1928.57,930.302,175.428,-1720.53,513.447,358.223,-2102.23,521.329,211.308,-1563.43,108.801,335.671,-2356.53,156.94,210.575,-1489.09,122.884,329.856,-2298.63,107.935,83.053,-1916.32,1417.64,403.782,-1924.52,1427.03,-15.333,-2041.89,1149.14,533.209,-1868.31,1138.98,-2.921,-2089.88,802.58,498.74,-1612.98,942.097,255.605,-1905.05,1034.51,217.07,-1543.024,97.365,40.16,-1.976,-1.152,4.519,4.047,-27.478,3.135,-1.696,14.034,-35.331,1.587,3.595,-6.434,-3.65,-2.24,12.872,1.917,-16.581,6.327,-2.346,20.404,-36.101,-0.056,9.302,-6.185,5.876,-0.541,-6.185,-5.876,0.541,-16.347,21.305,51.81,27.688,0,0,-10.245,14.094,78.831,6.515,-7.939,6.379,21.287,19.51,32.125,49.073,-0,-0,6.82,19.275,84.903,6.515,7.939,-6.379,-112.26,3.74,-8.764,-60.837,2.995,-3.756,15.823,1.066,6.105,15.823,-1.066,-6.105,10.1,-3.801,5.757,10.1,3.801,-5.757,-16.716,4.039,-1.089,-16.716,-4.039,1.089,0,0,0,0,0,0,0.379,0.197,2.373,-0.184,0.047,0.899,-0.221,0.064,-0.107,0.897,0.04,2.343,0.359,-0.015,1.099,-0.316,0.024,0.042,0,0,0,0,0,0,60.71,35.521,-7.794,-104.989,-13.203,-0.613,7.46,-0.546,0.491,-547.078,101.548,8.513,18.973,-21.681,3.952,13.603,-4.127,3.927,0,0,-0.052,0,0,0.383,0,0,0.008,0,0,0.483,0,0,-0.074,0,0,0.054
30.07,262.287,-1899.94,931.857,279.173,-1724.047,881.625,79.623,-1881.03,936.668,272.065,-1850.434,1108.493,176.095,-1699.64,515.611,206.882,-1295.817,699.548,-267.639,-1672.589,530.494,178.421,-1884.163,920.332,212.31,-1557.86,105.625,52.865,-1157.495,223.031,-204.109,-1702.76,34.223,186.395,-1692.807,530.615,212.285,-1482.95,116.327,197.088,-1558.661,322.083,-4.667,-1507.499,91.27,243.901,-1687.801,43.284,212.285,-1482.95,116.327,204.457,-1464.622,183.121,143.037,-1486.422,109.164,213.729,-1550.112,134.924,359.556,-2079.42,518.462,422.429,-1665.915,352.283,-86.044,-2023.551,488.889,353.014,-1910.757,935.673,337.375,-2345.46,163.264,521.557,-2032.99,-83.734,-60.196,-2184.742,70.123,361.515,-2082.591,513.814,331.082,-2291.49,110.014,346.875,-2169.564,294.703,110.216,-2271.148,115.472,317.148,-2475.734,232.837,331.082,-2291.49,110.014,337.399,-2225.088,133.862,261.447,-2289.476,122.852,342.438,-2316.078,175.469,252.771,-1832.67,1443.41,269.505,-1667.643,1415.635,419.678,-1847.101,1458.222,264.922,-1861.708,1278.199,-16.391,-2023.45,1148.25,-242.557,-2156.055,1292.375,155.794,-2262.987,1198.058,76.927,-1902.849,1405.649,6.466,-2070.08,845.003,-227.058,-2236.294,852.957,171.501,-2299.663,892.74,-14.837,-2026.625,1127.636,-2.856,-2072.47,801.767,-60.676,-2012.753,810.925,-60.651,-2130.836,817.46,14.743,-2067.949,883.394,531.552,-1852.71,1138.9,699.456,-2125.318,1164.404,772.557,-1691.361,1276.886,401.622,-1905.708,1427.806,495.64,-1646.75,960.784,670.85,-1763.144,790.864,698.545,-1510.909,1076.956,530.996,-1849.527,1136.141,498.462,-1598.74,939.974,579.629,-1581.197,991.449,444.335,-1563.731,1013.391,493.2,-1688.25,978.777,248.834,-1701.49,1709.37,249.304,-1728.318,1717.373,276.764,-1701.589,1707.397,246.916,-1709.506,1682.611,176.989,-1769.628,1703.328,317.001,-1773.707,1697.329,168.314,-1904.409,1677.777,307.691,-1921.76,1664.131,162.665,-1867.014,1612.091,319.599,-1862.107,1604.964,248.653,-1726.433,1708.074,234.265,-1963.73,1523.929,235.294,-1989.706,1487.328,254.944,-2036.667,1220.148,253.468,-1825.802,1442.248,257.607,-1781.809,1249.194,345.548,-2042.967,1381.443,71.185,-1894.498,1472.964,-10.308,-1932.296,1371.923,-21.807,-1980.446,1130.069,-14.431,-2013.471,929.262,36.412,-2009.147,832.714,-54.424,-2101.389,853.456,-14.61,-2060.329,803.629,408.93,-1903.33,1484.001,506.433,-1914.44,1382.169,559.37,-1820.337,1157.354,531.538,-1680.995,1032.013,476.912,-1605.164,1013.597,552.077,-1670.29,927.166,512.585,-1595.689,948.931,155.144,-1806.905,1000.948,390.024,-1832.928,993.727,225.955,-2033.499,1058.568,283.042,-2041.541,1059.97,82.07,-1777.697,722.391,148.088,-1738.755,863.712,159.657,-1678.545,699.888,127.936,-1695.857,531.748,129.474,-1646.563,346.551,181.303,-1613.341,439.518,199.229,-1586.893,341.606,174.964,-1569.041,92.134,233.627,-1609.945,60.173,202.828,-1464.951,128.605,232.403,-1403.01,114.994,155.87,-1431.051,81.14,207.826,-1362.843,121.678,449.711,-1994.556,738.315,412.191,-1848.873,814.608,381.864,-1929.729,613.37,416.588,-2087.205,524.713,418.987,-2205.501,374.97,370.503,-2102.897,396.077,362.445,-2157.499,328.074,372.402,-2368.987,161.944,321.013,-2426.228,171.519,338.091,-2272.759,104.293,298.064,-2251.694,48.157,383.935,-2287.626,49.213,318.302,-2218.203,44.068,283.985,-1775.012,1353.451,284.504,-1778.706,1392.694,235.212,-1768.08,1356.04,211.938,-2060.354,994.836,214.63,-2056.082,1033.173,260.487,-2068.013,991.551,73.204,-1756.46,650.959,63.737,-1778.746,682.233,70.942,-1715.943,677.506,120.403,-1627.197,260.674,110.787,-1641.48,296.664,126.953,-1583.815,280.808,452.335,-2045.42,656.442,458.627,-2036.647,694.26,456.191,-1998.605,643.48,421.346,-2290.378,308.791,428.333,-2266.483,339.318,426.258,-2253.044,277.846,170.907,-1890.9,933.974,353.667,-1908.99,929.74,176.095,-1699.64,515.611,359.556,-2079.42,518.462,212.31,-1557.86,105.625,337.375,-2345.46,163.264,212.285,-1482.95,116.327,331.082,-2291.49,110.014,81.002,-1897.58,1416.9,401.759,-1905.66,1427.5,-16.391,-2023.45,1148.25,531.552,-1852.71,1138.9,-2.856,-2072.47,801.767,498.462,-1598.74,939.974,254.954,-1886.65,1034.5,218.228,-1537.448,94.389,40.219,-1.379,-2.033,6.63,4.091,-24.866,2.525,-1.561,12.792,-35.537,1.593,3.254,-5.988,-4.434,-3.105,15.262,1.868,-16.878,3.613,-2.456,21.392,-36.756,0.317,9.711,-6.411,6.568,-0.867,-6.411,-6.568,0.867,-16.529,21.459,52.039,27.634,0,0,-10.425,13.906,78.575,6.621,-8.157,6.229,20.531,19.207,32.028,49.143,-0,0,6.685,19.271,84.704,6.621,8.157,-6.229,-109.625,4.007,-8.271,-56.311,4.09,-3.601,15.875,1.501,5.911,15.875,-1.501,-5.911,9.969,-4.143,5.726,9.969,4.143,-5.726,-16.677,3.928,-0.964,-16.677,-3.928,0.964,0,0,0,0,0,0,0.345,0.209,2.351,-0.154,0.065,0.906,-0.233,0.042,-0.052,0.928,0.072,2.359,0.355,0.003,1.153,-0.338,0.029,0.041,0,0,0,0,0,0,-23.295,15.015,0.459,-56.21,-9.533,3.669,-4.252,-0.996,4.26,-583.229,87.748,12.492,25.589,-26.671,4.799,10.459,-4.611,4.919,0,0,-0.014,0,0,0.194,0,0,0.005,0,0,0.7,0,0,-0.114,0,0,0.046
30.08,260.807,-1880.7,932.466,276.422,-1704.716,882.141,78.103,-1862.662,938.853,271.867,-1831.192,1109.026,176.665,-1679.15,518.068,200.98,-1275.065,702.397,-267.476,-1657.477,529.143,177.744,-1863.808,922.732,212.873,-1553.06,103.282,66.9,-1144.052,207.702,-208.401,-1687.194,39.761,186.064,-1672.307,532.887,213.479,-1477.74,110.533,197.383,-1543.788,319.524,-3.646,-1501.561,86.282,243.42,-1685.992,47.024,213.479,-1477.74,110.533,205.638,-1456.106,176.33,144.224,-1481.105,103.386,214.437,-1543.917,132.406,361.243,-2054.84,515.067,429.147,-1640.084,354.066,-83.526,-1995.643,479.979,350.085,-1890.438,933.878,339.151,-2332.52,170.022,530.324,-2031.801,-86.082,-55.127,-2170.104,66.416,362.94,-2057.279,510.969,332.379,-2283.18,112.511,353.479,-2146.259,285.811,111.931,-2259.463,120.613,318.854,-2456.141,250.811,332.379,-2283.18,112.511,339.198,-2214.787,129.653,263.051,-2279.814,126.66,345.225,-2301.318,179.771,250.387,-1813.88,1444.04,266.933,-1648.765,1416.677,417.235,-1827.989,1459.793,263.557,-1842.576,1278.847,-17.477,-2004.54,1147.67,-244.43,-2136.815,1290.856,154.16,-2244.318,1198.211,74.935,-1884.055,1405.449,6.304,-2051.44,844.449,-227.512,-2217.273,851.756,170.813,-2281.253,892.889,-15.854,-2007.749,1126.98,-2.871,-2054.06,801.2,-60.905,-1994.481,809.893,-60.535,-2112.532,816.983,14.452,-2049.101,882.861,529.916,-1837.38,1139.19,696.332,-2110.628,1167.446,771.771,-1675.976,1275.615,399.651,-1886.79,1428.581,495.181,-1632.98,958.941,669.792,-1752.052,790.264,698.801,-1497.092,1073.798,529.369,-1834.164,1136.352,498.377,-1585.25,937.576,579.763,-1567.8,988.735,444.654,-1548.941,1010.658,492.417,-1674.259,977.417,246.276,-1683.24,1709.98,246.683,-1710.072,1717.971,274.211,-1683.384,1708.074,244.408,-1691.24,1683.212,174.393,-1751.234,1703.722,314.358,-1755.555,1698.062,165.515,-1885.975,1678.084,304.875,-1903.538,1664.792,160.062,-1848.542,1612.429,317.034,-1843.887,1605.678,246.057,-1708.176,1708.658,231.793,-1945.145,1524.146,232.997,-1971.079,1487.442,254.297,-2017.487,1220.27,251.076,-1807.012,1442.902,255.818,-1762.476,1249.908,343.926,-2024.01,1381.868,68.874,-1875.875,1472.673,-12.119,-1913.37,1371.079,-22.655,-1961.542,1129.425,-15.012,-1994.68,928.632,36.092,-1990.483,832.058,-54.499,-2082.868,852.891,-14.668,-2041.955,802.967,406.744,-1884.54,1484.912,504.434,-1896.261,1383.18,557.902,-1804.971,1157.325,530.912,-1666.744,1030.404,476.9,-1590.679,1011.305,551.347,-1657.324,925.512,512.538,-1582.214,946.478,153.887,-1788.09,1002.497,388.644,-1813.156,993.253,226.135,-2014.657,1059.409,283.446,-2022.057,1060.402,82.51,-1758.374,724.066,145.469,-1718.678,865.881,158.877,-1658.585,702.028,127.818,-1675.853,533.927,129.444,-1630.319,347.373,182.674,-1596.357,439.252,200.603,-1573.176,340.039,175.025,-1563.762,90.8,233.691,-1607.061,61.636,204.069,-1458.115,122.156,234.181,-1396.915,105.539,157.429,-1426.386,73.042,210.093,-1355.715,109.289,449.065,-1972.843,736.51,411.136,-1828.141,814.176,383.367,-1905.714,611.8,418.062,-2063.214,522.638,420.189,-2186.062,377.212,373.083,-2082.089,394.134,364.838,-2139.024,328.1,373.94,-2356.323,170.214,321.903,-2410.846,185.175,339.487,-2265.017,105.005,298.372,-2249.501,48.258,384.08,-2285.233,50.984,318.579,-2218.584,43.542,281.794,-1755.93,1354.404,282.212,-1759.789,1393.633,233.202,-1749.216,1356.881,211.817,-2041.294,995.53,214.824,-2037.094,1033.818,260.371,-2048.599,991.714,73.307,-1737.332,652.778,64.005,-1759.616,684.046,70.683,-1696.768,679.262,120.099,-1613.535,260.94,110.48,-1626.498,297.405,128.067,-1569.78,279.692,452.331,-2022.609,654.214,458.228,-2014.269,692.162,456.811,-1975.705,641.75,422.043,-2273.173,314.518,429.039,-2248.287,344.243,427.896,-2237.141,282.32,169.407,-1872.09,935.371,352.208,-1889.31,929.561,176.665,-1679.15,518.068,361.243,-2054.84,515.067,212.873,-1553.06,103.282,339.151,-2332.52,170.022,213.479,-1477.74,110.533,332.379,-2283.18,112.511,78.946,-1878.83,1416.65,399.739,-1886.76,1428.39,-17.477,-2004.54,1147.67,529.916,-1837.38,1139.19,-2.871,-2054.06,801.2,498.377,-1585.25,937.576,254.299,-1868.13,1034.91,218.88,-1532.588,91.896,40.298,-0.661,-2.823,8.81,4.064,-22.192,1.937,-1.408,11.372,-35.704,1.531,3.135,-5.354,-5.329,-4.147,17.963,1.813,-17.16,0.493,-2.57,22.391,-37.594,0.954,9.956,-6.608,7.304,-1.254,-6.608,-7.304,1.254,-16.594,21.636,52.262,27.569,0,0,-10.575,13.667,78.323,6.716,-8.387,6.044,19.726,18.91,31.965,49.131,0,0,6.535,19.302,84.502,6.716,8.387,-6.044,-106.96,4.24,-7.83,-51.354,5.467,-3.495,15.909,1.992,5.638,15.909,-1.992,-5.638,9.854,-4.491,5.663,9.854,4.491,-5.663,-16.641,3.825,-0.834,-16.641,-3.825,0.834,0,0,0,0,0,0,0.266,0.211,2.311,-0.152,0.075,0.904,-0.245,0.024,-0.011,0.92,0.114,2.363,0.332,0.026,1.197,-0.357,0.034,0.038,0,0,0,0,0,0,-60.15,-4.233,5.58,-19.218,-7.641,5.706,-14.408,-1.441,5.893,-603.486,64.97,17.164,33.77,-31.869,5.397,5.167,-5.121,5.511,0,0,0.022,0,0,0.047,0,0,0.001,0,0,0.907,0,0,-0.17,0,0,0.021
30.09,259.198,-1861.57,933.506,273.285,-1685.468,883.144,76.457,-1844.633,941.613,271.613,-1812.093,1109.985,177.124,-1659.28,520.78,196.322,-1255.149,705.612,-267.268,-1641.557,528.187,176.489,-1844.26,925.299,213.092,-1548.96,101.722,80.506,-1132.209,192.491,-212.514,-1672.01,45.001,185.175,-1652.288,535.361,214.201,-1473.39,105.651,197.415,-1530.064,317.323,-3.052,-1496.796,82.156,242.803,-1684.433,51.414,214.201,-1473.39,105.651,206.354,-1448.683,170.355,144.941,-1476.566,98.464,214.601,-1538.491,130.558,363.245,-2028.51,511.188,436.747,-1612.061,357.166,-80.47,-1965.392,470.099,346.825,-1869.949,932.072,341.004,-2317.64,177.222,539.509,-2029.585,-87.709,-49.643,-2153.855,62.603,364.647,-2029.947,507.74,333.774,-2273.58,115.623,361.17,-2121.979,275.285,114.009,-2244.997,126.192,320.427,-2433.034,269.317,333.774,-2273.58,115.623,341.087,-2203.793,125.329,264.759,-2268.45,130.741,347.965,-2284.597,184.144,247.967,-1795.12,1445.08,264.235,-1629.921,1418.058,414.76,-1808.818,1461.755,262.146,-1823.531,1279.922,-18.573,-1985.22,1147.38,-246.223,-2117.49,1289.461,152.603,-2225.275,1198.169,72.976,-1865.282,1405.722,6.017,-2031.85,844.117,-228.04,-2197.378,850.589,170.08,-2261.931,892.796,-16.891,-1988.413,1126.628,-2.981,-2034.66,800.866,-61.242,-1975.24,809.12,-60.513,-2093.262,816.647,14.017,-2029.344,882.573,528.304,-1822.28,1139.85,693.46,-2095.954,1171.206,770.856,-1660.473,1274.551,397.731,-1867.866,1429.729,494.867,-1619.91,956.961,669.04,-1742.012,790.007,699.073,-1483.683,1070.367,527.768,-1819.038,1136.917,498.479,-1572.51,934.927,580.024,-1555.062,985.834,445.088,-1534.713,1007.496,491.745,-1660.898,976.009,243.759,-1664.96,1710.93,244.103,-1691.796,1718.912,271.698,-1665.15,1709.09,241.941,-1672.947,1684.155,171.819,-1732.81,1704.475,311.75,-1737.377,1699.158,162.734,-1867.539,1678.751,302.081,-1885.29,1665.825,157.493,-1830.056,1613.134,314.509,-1825.647,1606.761,243.502,-1689.897,1709.6,229.376,-1926.57,1524.78,230.755,-1952.481,1487.976,253.692,-1998.442,1220.823,248.644,-1788.237,1443.956,253.945,-1743.233,1251.042,342.33,-2005.078,1382.667,66.605,-1857.249,1472.846,-13.916,-1894.329,1370.668,-23.525,-1942.178,1129.151,-15.678,-1975.08,928.331,35.651,-1970.84,831.703,-54.702,-2063.407,852.532,-14.825,-2022.58,802.544,404.615,-1865.733,1486.211,502.465,-1878.105,1384.563,556.409,-1789.778,1157.621,530.385,-1652.998,1028.779,476.982,-1576.789,1008.731,550.792,-1645.125,923.848,512.668,-1569.47,943.785,152.475,-1769.536,1004.581,387.029,-1793.401,993.155,226.387,-1995.962,1060.665,284.083,-2002.696,1061.149,82.743,-1739.507,726.085,142.559,-1699.266,867.95,158.329,-1639.205,704.519,127.488,-1656.337,536.505,128.984,-1614.687,348.568,183.565,-1580.035,439.344,201.457,-1560.097,338.931,174.831,-1559.099,89.977,233.422,-1604.685,63.202,204.822,-1452.167,116.544,235.602,-1391.714,97.106,158.632,-1422.396,65.932,212.023,-1349.626,98.067,448.457,-1950.24,734.538,409.897,-1806.978,814.116,385.231,-1880.337,610.289,419.698,-2037.567,520.256,421.516,-2164.678,379.43,375.971,-2059.439,392.007,367.454,-2118.719,328.112,375.542,-2341.52,179.114,322.805,-2392.654,199.679,341.021,-2256.202,106.22,298.861,-2246.576,49.11,384.275,-2282.075,53.84,319.114,-2218.395,42.84,279.56,-1736.894,1355.727,279.908,-1740.901,1394.94,231.166,-1730.421,1358.105,211.989,-2022.467,996.585,215.379,-2018.339,1034.819,260.551,-2029.294,992.151,73.073,-1718.425,655.053,63.901,-1740.653,686.325,70.394,-1677.802,681.466,119.372,-1600.516,261.578,109.728,-1612.14,298.456,128.765,-1556.465,278.979,452.43,-1998.695,651.654,457.929,-1990.953,689.764,457.532,-1951.671,639.908,422.746,-2253.956,320.463,429.78,-2228.073,349.323,429.621,-2219.342,287.036,167.779,-1853.51,937.271,350.617,-1869.63,929.741,177.124,-1659.28,520.78,363.245,-2028.51,511.188,213.092,-1548.96,101.722,341.004,-2317.64,177.222,214.201,-1473.39,105.651,333.774,-2273.58,115.623,76.927,-1860.1,1416.87,397.759,-1867.86,1429.66,-18.573,-1985.22,1147.38,528.304,-1822.28,1139.85,-2.981,-2034.66,800.866,498.479,-1572.51,934.927,253.652,-1849.52,1035.71,219.122,-1528.426,89.873,40.398,0.184,-3.392,11.011,3.979,-19.751,1.488,-1.251,9.897,-35.836,1.475,3.187,-4.533,-6.318,-5.326,20.967,1.716,-17.394,-2.955,-2.675,23.305,-38.602,1.814,9.927,-6.771,8.068,-1.69,-6.771,-8.068,1.69,-16.537,21.828,52.455,27.497,-0,-0,-10.695,13.365,78.095,6.795,-8.616,5.83,18.89,18.622,31.938,49.027,0,0,6.359,19.358,84.299,6.795,8.616,-5.83,-104.413,4.418,-7.478,-46.054,7.106,-3.449,15.927,2.529,5.295,15.927,-2.529,-5.295,9.761,-4.836,5.571,9.761,4.836,-5.571,-16.61,3.723,-0.705,-16.61,-3.723,0.705,0,0,0,0,0,0,0.153,0.202,2.254,-0.173,0.077,0.888,-0.254,0.011,0.015,0.875,0.165,2.356,0.291,0.055,1.227,-0.371,0.04,0.033,0,0,0,0,0,0,-46.738,-13.497,7.366,8.657,-6.105,5.411,-21.913,-1.841,5.365,-609.105,33.998,23.143,46.24,-38.268,5.976,-2.665,-5.645,5.712,0,0,0.035,0,0,-0.055,0,0,-0,0,0,1.076,0,0,-0.261,0,0,-0.024
30.1,257.484,-1842.62,934.923,269.838,-1666.376,884.601,74.718,-1826.974,944.85,271.294,-1793.222,1111.32,177.452,-1640.24,523.66,193.687,-1236.206,708.987,-267.049,-1624.284,527.814,174.577,-1825.591,927.999,213.108,-1545.47,100.825,92.781,-1122.225,177.531,-216.037,-1658.18,49.542,183.868,-1632.984,537.844,214.598,-1469.82,101.709,197.3,-1517.837,315.471,-2.747,-1493.054,78.902,242.18,-1683.018,56.05,214.598,-1469.82,101.709,206.838,-1442.385,165.315,145.327,-1472.791,94.539,214.488,-1533.829,129.305,365.481,-2000.52,506.927,444.945,-1582.022,361.671,-76.955,-1932.92,459.648,343.335,-1849.377,930.271,342.921,-2300.77,184.872,548.582,-2026.005,-88.58,-44.005,-2136.367,59.062,366.593,-2000.697,504.19,335.292,-2262.53,119.548,369.709,-2097.325,263.59,116.523,-2227.688,131.86,321.839,-2406.47,287.851,335.292,-2262.53,119.548,343.104,-2192.15,121.415,266.557,-2255.313,135.081,350.535,-2266.054,188.636,245.566,-1776.4,1446.45,261.481,-1611.127,1419.672,412.308,-1789.612,1464.003,260.712,-1804.61,1281.343,-19.663,-1965.49,1147.36,-247.859,-2098.127,1288.217,151.205,-2205.823,1197.868,71.098,-1846.518,1406.426,5.596,-2011.29,843.981,-228.605,-2176.65,849.445,169.365,-2241.638,892.39,-17.931,-1968.632,1126.559,-3.199,-2014.23,800.738,-61.697,-1954.991,808.605,-60.597,-2072.992,816.411,13.431,-2008.666,882.504,526.725,-1807.4,1140.87,690.911,-2081.25,1175.597,769.794,-1644.824,1273.7,395.891,-1849.021,1431.227,494.703,-1607.54,954.853,668.624,-1732.986,790.13,699.345,-1470.666,1066.684,526.202,-1804.13,1137.826,498.759,-1560.49,932.044,580.396,-1542.937,982.767,445.619,-1521.058,1003.924,491.201,-1648.14,974.54,241.29,-1646.69,1712.19,241.574,-1673.529,1720.163,269.233,-1646.922,1710.417,239.524,-1654.665,1685.408,169.278,-1714.399,1705.531,309.189,-1719.196,1700.576,160.007,-1849.145,1679.719,299.355,-1867.043,1667.182,154.995,-1811.592,1614.146,312.061,-1807.402,1608.166,240.998,-1671.626,1710.855,227.06,-1908.057,1525.797,228.611,-1933.965,1488.907,253.115,-1979.598,1221.781,246.228,-1769.523,1445.345,252.054,-1724.182,1252.524,340.788,-1986.237,1383.825,64.425,-1838.648,1473.453,-15.668,-1875.2,1370.679,-24.422,-1922.387,1129.231,-16.437,-1954.68,928.343,35.079,-1950.206,831.636,-55.041,-2042.996,852.346,-15.091,-2002.189,802.337,402.568,-1846.951,1487.855,500.553,-1859.989,1386.287,554.891,-1774.726,1158.236,529.947,-1639.737,1027.147,477.152,-1563.488,1005.887,550.42,-1633.663,922.197,512.964,-1557.442,940.87,150.922,-1751.305,1007.124,385.209,-1773.769,993.418,226.685,-1977.465,1062.263,284.918,-1983.524,1062.161,82.702,-1720.993,728.451,139.588,-1680.656,870.049,158.002,-1620.456,707.289,127.007,-1637.505,539.231,128.239,-1599.958,349.923,183.978,-1564.524,439.612,201.857,-1547.776,338.165,174.535,-1555.085,89.567,232.98,-1602.75,64.706,205.238,-1447.155,111.837,236.684,-1387.397,89.814,159.481,-1419.082,59.973,213.609,-1344.617,88.242,447.896,-1926.815,732.402,408.491,-1785.468,814.422,387.395,-1853.753,608.908,421.408,-2010.351,517.621,422.962,-2141.34,381.615,379.049,-2034.999,389.774,370.203,-2096.615,328.159,377.218,-2324.507,188.589,323.736,-2371.667,214.74,342.713,-2246.1,108.129,299.614,-2242.517,50.879,384.59,-2277.756,57.967,319.978,-2217.171,42.007,277.329,-1717.971,1357.342,277.652,-1722.097,1396.538,229.136,-1711.745,1359.634,212.441,-2003.943,997.919,216.277,-1999.892,1036.095,261.011,-2010.174,992.789,72.518,-1699.699,657.701,63.408,-1721.843,688.973,70.098,-1659.031,684.073,118.416,-1588.388,262.399,108.703,-1598.679,299.623,129.149,-1544.101,278.49,452.614,-1973.777,648.783,457.737,-1966.792,687.083,458.294,-1926.606,637.969,423.471,-2232.691,326.581,430.566,-2205.811,354.509,431.395,-2199.59,291.961,166.052,-1835.2,939.599,348.916,-1850.03,930.248,177.452,-1640.24,523.66,365.481,-2000.52,506.927,213.108,-1545.47,100.825,342.921,-2300.77,184.872,214.598,-1469.82,101.709,335.292,-2262.53,119.548,74.98,-1841.43,1417.5,395.859,-1849.03,1431.29,-19.663,-1965.49,1147.36,526.725,-1807.4,1140.87,-3.199,-2014.23,800.738,498.759,-1560.49,932.044,253.019,-1830.9,1036.86,219.109,-1524.952,88.271,40.493,1.15,-3.645,13.168,3.872,-17.788,1.241,-1.105,8.515,-35.931,1.504,3.3,-3.539,-7.376,-6.596,24.247,1.534,-17.537,-6.606,-2.758,24.021,-39.67,2.834,9.548,-6.886,8.837,-2.163,-6.886,-8.837,2.163,-16.357,22.029,52.598,27.426,0,-0,-10.776,13.014,77.908,6.85,-8.826,5.598,18.049,18.35,31.954,48.816,0,0,6.177,19.437,84.1,6.85,8.826,-5.598,-102.088,4.55,-7.21,-40.539,8.941,-3.476,15.922,3.098,4.893,15.922,-3.098,-4.893,9.696,-5.167,5.452,9.696,5.167,-5.452,-16.582,3.616,-0.581,-16.582,-3.616,0.581,0,0,0,0,0,0,0.019,0.184,2.182,-0.211,0.072,0.859,-0.258,0.001,0.029,0.799,0.223,2.341,0.237,0.087,1.24,-0.379,0.047,0.028,0,0,0,0,0,0,10.945,-6.726,6.359,27.836,-3.901,3.502,-26.497,-2.165,3.4,-604.251,-3.735,31.062,64.89,-46.831,6.753,-13.571,-6.161,5.432,0,0,0.012,0,0,-0.112,0,0,0.001,0,0,1.195,0,0,-0.402,0,0,-0.091
30.11,255.686,-1823.92,936.668,266.147,-1647.522,886.458,72.913,-1809.724,948.463,270.893,-1774.636,1112.982,177.621,-1622.27,526.564,193.034,-1218.272,712.039,-266.885,-1605.989,528.039,172.172,-1807.671,930.854,213.07,-1542.52,100.433,103.081,-1114.176,163.066,-218.737,-1646.492,53.198,182.351,-1614.703,540.143,214.857,-1466.89,98.648,197.155,-1507.262,313.952,-2.555,-1490.067,76.427,241.645,-1681.673,60.576,214.857,-1466.89,98.648,207.345,-1437.16,161.245,145.56,-1469.703,91.668,214.406,-1529.873,128.508,367.839,-1971.06,502.47,453.335,-1550.274,367.619,-73.133,-1898.541,449.179,339.743,-1828.809,928.534,344.855,-2281.94,192.957,556.936,-2020.69,-88.714,-38.578,-2118.024,56.287,368.704,-1969.772,500.448,336.948,-2249.8,124.455,378.585,-2072.835,251.637,119.467,-2207.787,137.196,323.027,-2376.858,305.805,336.948,-2249.8,124.455,345.308,-2179.711,118.497,268.424,-2240.33,139.708,352.836,-2245.837,193.374,243.246,-1757.8,1448.11,258.762,-1592.462,1421.501,409.943,-1770.491,1466.457,259.274,-1785.867,1283.062,-20.729,-1945.41,1147.58,-249.248,-2078.881,1287.119,150.084,-2185.962,1197.225,69.319,-1827.821,1407.524,5.039,-1989.76,844.008,-229.154,-2155.167,848.297,168.752,-2220.32,891.591,-18.96,-1948.449,1126.747,-3.537,-1992.77,800.785,-62.278,-1933.73,808.324,-60.799,-2051.718,816.254,12.699,-1987.067,882.62,525.196,-1792.68,1142.21,688.754,-2066.426,1180.541,768.567,-1628.949,1273.055,394.136,-1830.267,1433.015,494.687,-1595.83,952.629,668.574,-1724.863,790.664,699.583,-1457.984,1062.788,524.687,-1789.396,1139.045,499.199,-1549.21,928.948,580.859,-1531.41,979.547,446.222,-1508.015,999.954,490.8,-1635.995,973.031,238.876,-1628.45,1713.72,239.105,-1655.293,1721.684,266.823,-1628.717,1712.017,237.168,-1636.413,1686.93,166.788,-1696.038,1706.835,306.684,-1701.034,1702.27,157.377,-1830.827,1680.939,296.741,-1848.817,1668.82,152.603,-1793.186,1615.409,309.723,-1789.167,1609.847,238.556,-1653.386,1712.371,224.886,-1889.652,1527.157,226.601,-1915.579,1490.203,252.54,-1961.003,1223.109,243.892,-1750.922,1447.004,250.212,-1705.41,1254.276,339.336,-1967.543,1385.33,62.376,-1820.098,1474.451,-17.345,-1856.01,1371.085,-25.354,-1902.211,1129.643,-17.295,-1933.496,928.641,34.375,-1928.579,831.837,-55.52,-2021.631,852.292,-15.478,-1980.77,802.318,400.623,-1828.241,1489.795,498.726,-1841.931,1388.308,553.356,-1759.781,1159.15,529.591,-1626.932,1025.513,477.403,-1550.763,1002.785,550.237,-1622.901,920.577,513.408,-1546.107,937.752,149.238,-1733.427,1010.044,383.218,-1754.349,994.023,227.009,-1959.211,1064.123,285.882,-1964.599,1063.397,82.37,-1702.807,731.102,136.776,-1662.866,872.29,157.8,-1602.399,710.162,126.433,-1619.608,541.835,127.384,-1586.382,351.237,183.999,-1549.972,439.884,201.938,-1536.331,337.61,174.28,-1551.724,89.466,232.506,-1601.21,66.034,205.518,-1443.073,108.017,237.508,-1383.922,83.674,160.036,-1416.421,55.225,214.921,-1340.657,79.903,447.371,-1902.682,730.163,406.954,-1763.71,815.098,389.743,-1826.178,607.768,423.097,-1981.704,514.851,424.507,-2116.107,383.785,382.155,-2008.879,387.559,372.964,-2072.789,328.322,378.946,-2305.288,198.529,324.679,-2348.055,229.976,344.572,-2234.425,110.884,300.708,-2236.806,53.662,385.102,-2271.763,63.451,321.248,-2214.311,41.153,275.159,-1699.224,1359.174,275.508,-1703.439,1398.351,227.159,-1693.237,1361.393,213.142,-1985.771,999.458,217.473,-1981.808,1037.571,261.717,-1991.301,993.575,71.71,-1681.28,660.558,62.585,-1703.327,691.828,69.794,-1640.582,686.921,117.442,-1577.353,263.237,107.608,-1586.346,300.74,129.351,-1532.87,278.066,452.84,-1948,645.687,457.623,-1941.904,684.194,459.022,-1900.66,635.994,424.232,-2209.406,332.816,431.4,-2181.542,359.753,433.169,-2177.882,297.053,164.251,-1817.23,942.277,347.122,-1830.61,931.059,177.621,-1622.27,526.564,367.839,-1971.06,502.47,213.07,-1542.52,100.433,344.855,-2281.94,192.957,214.857,-1466.89,98.648,336.948,-2249.8,124.455,73.137,-1822.83,1418.54,394.048,-1830.29,1433.21,-20.729,-1945.41,1147.58,525.196,-1792.68,1142.21,-3.537,-1992.77,800.785,499.199,-1549.21,928.948,252.383,-1812.31,1038.3,219.012,-1522.141,87.026,40.529,2.197,-3.585,15.183,3.789,-16.395,1.212,-0.984,7.352,-35.957,1.674,3.346,-2.387,-8.472,-7.903,27.747,1.237,-17.558,-10.247,-2.806,24.435,-40.703,3.879,8.823,-6.962,9.585,-2.664,-6.962,-9.585,2.664,-16.063,22.223,52.662,27.358,0,0,-10.825,12.615,77.782,6.882,-8.998,5.364,17.215,18.105,32.03,48.494,0,-0,5.988,19.52,83.901,6.882,8.998,-5.364,-100.052,4.655,-7.001,-35.016,10.838,-3.597,15.895,3.681,4.441,15.895,-3.681,-4.441,9.651,-5.469,5.318,9.651,5.469,-5.318,-16.553,3.498,-0.469,-16.553,-3.498,0.469,0,0,0,0,0,0,-0.119,0.161,2.097,-0.256,0.063,0.816,-0.254,-0.006,0.033,0.7,0.283,2.318,0.173,0.122,1.232,-0.381,0.056,0.024,0,0,0,0,0,0,96.554,12.454,3.505,37.749,-0.366,1.026,-28.493,-2.39,0.991,-594.751,-44.344,41.223,90.001,-57.967,7.851,-26.95,-6.626,4.565,0,0,-0.02,0,0,-0.127,0,0,0.005,0,0,1.274,0,0,-0.599,0,0,-0.166
30.12,253.833,-1805.5,938.69,262.31,-1628.941,888.672,71.074,-1792.859,952.335,270.389,-1756.369,1114.925,177.599,-1605.6,529.311,193.907,-1201.365,714.193,-266.836,-1587.409,528.742,169.521,-1790.307,933.874,213.107,-1540.04,100.376,111.168,-1107.935,149.29,-220.559,-1637.326,56.015,180.845,-1597.657,542.121,215.159,-1464.5,96.343,197.116,-1498.384,312.734,-2.311,-1487.58,74.596,241.237,-1680.412,64.708,215.159,-1464.5,96.343,208.107,-1432.919,158.081,145.815,-1467.208,89.807,214.597,-1526.58,128.035,370.181,-1940.36,498.039,461.521,-1517.178,375.04,-69.198,-1862.61,439.255,336.156,-1808.35,926.957,346.73,-2261.17,201.432,563.966,-2013.203,-88.204,-33.787,-2099.051,54.828,370.891,-1937.445,496.706,338.743,-2235.09,130.413,387.096,-2048.715,240.647,122.719,-2185.819,141.866,323.883,-2344.917,322.618,338.743,-2235.09,130.413,347.782,-2166.1,117.126,270.348,-2223.385,144.66,354.814,-2224.079,198.519,241.075,-1739.36,1449.98,256.193,-1573.972,1423.448,407.732,-1751.54,1469.019,257.876,-1767.362,1284.998,-21.76,-1925.01,1148,-250.336,-2059.82,1286.153,149.302,-2165.683,1196.177,67.669,-1809.21,1408.959,4.343,-1967.28,844.162,-229.648,-2133.001,847.114,168.298,-2197.954,890.337,-19.968,-1927.913,1127.151,-4.002,-1970.28,800.967,-62.987,-1911.453,808.271,-61.129,-2029.442,816.116,11.823,-1964.585,882.883,523.729,-1778.11,1143.85,687.032,-2051.454,1185.948,767.174,-1612.84,1272.605,392.488,-1811.667,1435.066,494.827,-1584.75,950.304,668.908,-1717.557,791.631,699.785,-1445.608,1058.705,523.235,-1774.805,1140.543,499.78,-1538.61,925.656,581.395,-1520.382,976.175,446.868,-1495.562,995.604,490.571,-1624.401,971.488,236.53,-1610.26,1715.46,236.713,-1637.105,1723.417,264.481,-1610.552,1713.831,234.885,-1618.213,1688.664,164.369,-1677.76,1708.344,304.247,-1682.905,1704.199,154.886,-1812.612,1682.38,294.277,-1830.629,1670.709,150.352,-1774.873,1616.886,307.518,-1770.962,1611.767,236.19,-1635.196,1714.103,222.884,-1871.4,1528.827,224.747,-1897.363,1491.836,251.944,-1942.689,1224.774,241.704,-1732.483,1448.88,248.474,-1686.979,1256.228,338.003,-1949.05,1387.178,60.486,-1801.632,1475.798,-18.92,-1836.788,1371.848,-26.333,-1881.692,1130.354,-18.254,-1911.555,929.191,33.538,-1905.97,832.29,-56.142,-1999.321,852.318,-15.993,-1958.323,802.452,398.796,-1809.654,1491.975,497.007,-1823.952,1390.577,551.811,-1744.915,1160.328,529.314,-1614.553,1023.876,477.733,-1538.587,999.444,550.253,-1612.792,919.008,513.981,-1535.438,934.446,147.433,-1715.908,1013.248,381.097,-1735.206,994.962,227.343,-1941.235,1066.18,286.883,-1945.971,1064.843,81.79,-1685.047,733.912,134.289,-1645.808,874.709,157.583,-1585.11,712.887,125.814,-1602.915,544.083,126.586,-1574.134,352.362,183.777,-1536.508,440.023,201.864,-1525.86,337.147,174.175,-1548.984,89.578,232.103,-1600.022,67.125,205.855,-1439.859,105.013,238.173,-1381.218,78.617,160.386,-1414.355,51.655,216.061,-1337.652,73.022,446.852,-1878.001,727.941,405.33,-1741.807,816.159,392.1,-1797.861,606.999,424.677,-1951.805,512.121,426.121,-2089.101,385.979,385.102,-1981.229,385.526,375.607,-2047.353,328.699,380.666,-2283.942,208.764,325.576,-2322.149,244.934,346.596,-2220.825,114.572,302.2,-2228.835,57.459,385.887,-2263.502,70.235,322.992,-2209.101,40.445,273.112,-1680.713,1361.161,273.534,-1684.983,1400.32,225.286,-1674.938,1363.324,214.038,-1967.977,1001.149,218.885,-1964.118,1039.197,262.609,-1972.73,994.49,70.758,-1663.456,663.408,61.557,-1685.387,694.689,69.456,-1622.724,689.754,116.634,-1567.553,263.972,106.638,-1575.307,301.694,129.498,-1522.891,277.595,453.046,-1921.529,642.516,457.53,-1916.426,681.232,459.645,-1874.013,634.092,425.039,-2184.194,339.103,432.276,-2155.378,365.005,434.883,-2154.261,302.26,162.405,-1799.59,945.224,345.26,-1811.41,932.156,177.599,-1605.6,529.311,370.181,-1940.36,498.039,213.107,-1540.04,100.376,346.73,-2261.17,201.432,215.159,-1464.5,96.343,338.743,-2235.09,130.413,71.425,-1804.34,1419.93,392.35,-1811.7,1435.37,-21.76,-1925.01,1148,523.729,-1778.11,1143.85,-4.002,-1970.28,800.967,499.78,-1538.61,925.656,251.728,-1793.82,1039.99,218.979,-1519.94,86.069,40.439,3.271,-3.269,16.968,3.763,-15.548,1.396,-0.894,6.493,-35.915,2.016,3.24,-1.1,-9.566,-9.191,31.398,0.813,-17.427,-13.602,-2.81,24.47,-41.602,4.769,7.86,-6.991,10.285,-3.187,-6.991,-10.285,3.187,-15.658,22.399,52.615,27.299,0,0,-10.832,12.19,77.732,6.892,-9.121,5.15,16.41,17.892,32.181,48.056,-0,0,5.807,19.586,83.709,6.892,9.121,-5.15,-98.335,4.743,-6.815,-29.744,12.617,-3.84,15.845,4.26,3.957,15.845,-4.26,-3.957,9.633,-5.733,5.183,9.633,5.733,-5.183,-16.531,3.368,-0.375,-16.531,-3.368,0.375,0,0,0,0,0,0,-0.247,0.133,2.003,-0.3,0.05,0.764,-0.245,-0.01,0.03,0.589,0.341,2.289,0.106,0.155,1.203,-0.377,0.065,0.025,0,0,0,0,0,0,183.331,36.035,0.233,40.85,4.163,-0.926,-28.429,-2.503,-0.842,-584.185,-83.388,53.055,120.197,-71.15,8.97,-41.004,-6.995,2.968,0,0,-0.008,0,0,-0.115,0,0,0.012,0,0,1.335,0,0,-0.835,0,0,-0.219
30.13,251.963,-1787.4,940.947,258.436,-1610.688,891.169,69.237,-1776.374,956.326,269.745,-1738.429,1117.107,177.385,-1590.42,531.723,195.397,-1185.458,714.848,-266.935,-1569.712,529.632,166.956,-1773.26,937.08,213.3,-1537.97,100.503,117.039,-1103.292,136.389,-221.55,-1630.774,58.174,179.562,-1582.03,543.695,215.615,-1462.56,94.651,197.293,-1491.154,311.781,-1.917,-1485.411,73.286,240.972,-1679.26,68.253,215.615,-1462.56,94.651,209.235,-1429.543,155.707,146.205,-1465.215,88.834,215.185,-1523.891,127.771,372.366,-1908.68,493.893,468.978,-1483.089,383.925,-65.408,-1825.686,430.485,332.684,-1788.102,925.681,348.436,-2238.53,210.199,569.16,-2003.143,-87.193,-30.038,-2079.487,55.179,373.066,-1904.066,493.21,340.65,-2218.08,137.337,394.503,-2024.732,231.897,126.042,-2162.417,145.744,324.253,-2311.586,337.869,340.65,-2218.08,137.337,350.516,-2150.749,117.663,272.306,-2204.378,149.955,356.449,-2200.855,204.207,239.108,-1721.15,1452.03,253.87,-1555.727,1425.516,405.731,-1732.875,1471.646,256.554,-1749.14,1287.113,-22.751,-1904.34,1148.61,-251.075,-2041.038,1285.317,148.919,-2144.991,1194.691,66.158,-1790.728,1410.706,3.509,-1943.85,844.41,-230.058,-2110.188,845.856,168.045,-2174.503,888.577,-20.949,-1907.044,1127.731,-4.6,-1946.76,801.254,-63.819,-1888.154,808.427,-61.598,-2006.156,815.969,10.808,-1941.229,883.261,522.332,-1763.67,1145.74,685.74,-2036.332,1191.681,765.639,-1596.527,1272.317,390.968,-1793.267,1437.33,495.128,-1574.25,947.906,669.61,-1710.952,793.027,699.971,-1433.531,1054.472,521.853,-1760.34,1142.264,500.477,-1528.69,922.199,581.988,-1509.799,972.642,447.537,-1483.714,990.901,490.54,-1613.341,969.958,234.269,-1592.13,1717.37,234.416,-1618.976,1725.325,262.224,-1592.437,1715.818,232.693,-1600.08,1690.569,162.045,-1659.591,1710.027,301.894,-1664.817,1706.327,152.574,-1794.513,1684.034,291.991,-1812.492,1672.836,148.272,-1756.685,1618.558,305.464,-1752.808,1613.904,233.92,-1617.07,1716.012,221.073,-1853.328,1530.784,223.06,-1879.346,1493.781,251.308,-1924.673,1226.751,239.722,-1714.257,1450.934,246.874,-1668.917,1258.331,336.811,-1930.796,1389.368,58.775,-1783.278,1477.451,-20.377,-1817.559,1372.932,-27.367,-1860.873,1131.335,-19.315,-1888.889,929.959,32.573,-1882.4,832.98,-56.905,-1976.083,852.376,-16.638,-1934.854,802.712,397.103,-1791.24,1494.348,495.411,-1806.081,1393.04,550.265,-1730.106,1161.73,529.115,-1602.562,1022.241,478.144,-1526.927,995.888,550.479,-1603.281,917.512,514.66,-1525.399,930.976,145.526,-1698.737,1016.638,378.888,-1716.385,996.235,227.667,-1923.563,1068.393,287.814,-1927.684,1066.512,81.048,-1667.921,736.701,132.214,-1629.34,877.245,157.215,-1568.679,715.204,125.191,-1587.65,545.825,125.976,-1563.303,353.219,183.491,-1524.228,439.947,201.784,-1516.423,336.684,174.283,-1546.806,89.824,231.831,-1599.142,67.961,206.371,-1437.41,102.723,238.762,-1379.187,74.532,160.619,-1412.809,49.15,217.119,-1335.469,67.499,446.297,-1852.957,725.904,403.661,-1719.861,817.63,394.242,-1769.061,606.74,426.083,-1920.857,509.643,427.76,-2060.496,388.25,387.714,-1952.226,383.854,377.999,-2020.433,329.397,382.28,-2260.603,219.073,326.332,-2294.394,259.146,348.765,-2204.917,119.191,304.125,-2217.958,62.166,387.008,-2252.343,78.108,325.263,-2200.778,40.101,271.252,-1662.486,1363.267,271.774,-1666.777,1402.409,223.568,-1656.881,1365.386,215.045,-1950.559,1002.978,220.403,-1946.825,1040.963,263.603,-1954.504,995.556,69.786,-1646.59,666.035,60.485,-1668.366,697.365,69.052,-1605.788,692.294,116.125,-1559.06,264.548,105.941,-1565.655,302.435,129.685,-1514.219,277.021,453.165,-1894.532,639.466,457.384,-1890.489,678.375,460.105,-1846.845,632.412,425.887,-2157.207,345.369,433.177,-2127.488,370.22,436.471,-2128.819,307.519,160.553,-1782.3,948.348,343.374,-1792.51,933.546,177.385,-1590.42,531.723,372.366,-1908.68,493.893,213.3,-1537.97,100.503,348.436,-2238.53,210.199,215.615,-1462.56,94.651,340.65,-2218.08,137.337,69.857,-1786,1421.6,390.784,-1793.31,1437.74,-22.751,-1904.34,1148.61,522.332,-1763.67,1145.74,-4.6,-1946.76,801.254,500.477,-1528.69,922.199,251.037,-1775.5,1041.86,219.101,-1518.276,85.342,40.165,4.298,-2.807,18.441,3.795,-15.117,1.765,-0.839,5.966,-35.818,2.514,2.946,0.312,-10.609,-10.387,35.115,0.281,-17.149,-16.387,-2.767,24.098,-42.311,5.387,6.832,-6.991,10.904,-3.723,-6.991,-10.904,3.723,-15.158,22.549,52.436,27.254,-0,0,-10.802,11.745,77.775,6.893,-9.193,4.974,15.644,17.708,32.417,47.504,0,0,5.629,19.59,83.527,6.893,9.193,-4.974,-96.945,4.814,-6.625,-24.999,14.087,-4.238,15.779,4.802,3.453,15.779,-4.802,-3.453,9.632,-5.954,5.063,9.632,5.954,-5.063,-16.523,3.226,-0.301,-16.523,-3.226,0.301,0,0,0,0,0,0,-0.35,0.103,1.905,-0.335,0.035,0.707,-0.23,-0.013,0.024,0.474,0.393,2.255,0.043,0.186,1.153,-0.368,0.076,0.031,0,0,0,0,0,0,246.559,53.665,-2.199,38.264,8.006,-1.735,-26.767,-2.506,-1.536,-574.139,-115.566,64.785,153.066,-84.365,9.453,-53.594,-7.227,0.595,0,0,0.074,0,0,-0.086,0,0,0.019,0,0,1.397,0,0,-1.078,0,0,-0.224
30.14,250.12,-1769.67,943.412,254.643,-1592.825,893.891,67.439,-1760.263,960.319,268.931,-1720.841,1119.505,177.017,-1576.78,533.675,196.489,-1170.47,713.636,-267.195,-1554.021,530.355,164.777,-1756.355,940.438,213.676,-1536.24,100.699,120.922,-1099.974,124.532,-221.834,-1626.604,59.899,178.647,-1567.951,544.846,216.26,-1460.96,93.434,197.75,-1485.41,311.054,-1.343,-1483.439,72.4,240.86,-1678.206,71.119,216.26,-1460.96,93.434,210.717,-1426.865,153.977,146.777,-1463.605,88.563,216.175,-1521.699,127.632,374.267,-1876.3,490.289,475.215,-1448.355,394.23,-62.027,-1788.401,423.383,329.409,-1768.172,924.859,349.86,-2214.07,219.091,572.213,-1990.138,-85.839,-27.617,-2059.119,57.63,375.139,-1869.958,490.23,342.611,-2198.46,144.985,400.234,-2000.259,226.356,129.168,-2138.031,148.944,323.985,-2277.77,351.355,342.611,-2198.46,144.985,353.466,-2132.992,120.204,274.265,-2183.128,155.553,357.741,-2176.17,210.5,237.393,-1703.18,1454.26,251.898,-1537.743,1427.698,403.984,-1714.562,1474.345,255.353,-1731.223,1289.407,-23.704,-1883.43,1149.35,-251.464,-2022.554,1284.542,148.925,-2123.899,1192.718,64.791,-1772.407,1412.693,2.542,-1919.52,844.733,-230.373,-2086.775,844.483,168.001,-2149.996,886.299,-21.904,-1885.902,1128.451,-5.332,-1922.25,801.624,-64.775,-1863.869,808.789,-62.207,-1981.898,815.786,9.665,-1917.057,883.729,521.023,-1749.33,1147.83,684.936,-2021.006,1197.648,763.947,-1579.964,1272.17,389.578,-1775.107,1439.746,495.596,-1564.29,945.463,670.717,-1704.915,794.877,700.116,-1421.7,1050.146,520.563,-1745.98,1144.169,501.272,-1519.4,918.612,582.623,-1499.572,968.954,448.202,-1472.451,985.879,490.732,-1602.755,968.475,232.122,-1574.08,1719.42,232.244,-1600.923,1727.384,260.081,-1574.391,1717.944,230.619,-1582.039,1692.617,159.842,-1641.54,1711.871,299.648,-1646.77,1708.627,150.471,-1776.534,1685.911,289.901,-1794.414,1675.2,146.383,-1738.646,1620.427,303.573,-1734.728,1616.248,231.773,-1599.018,1718.07,219.461,-1835.453,1533.014,221.538,-1861.54,1496.024,250.627,-1906.959,1229.023,237.997,-1696.285,1453.15,245.422,-1651.216,1260.559,335.762,-1912.808,1391.895,57.248,-1765.066,1479.377,-21.712,-1798.35,1374.305,-28.468,-1839.793,1132.555,-20.473,-1865.537,930.917,31.484,-1857.902,833.904,-57.806,-1951.944,852.431,-17.416,-1910.375,803.081,395.563,-1773.042,1496.878,493.948,-1788.353,1395.649,548.729,-1715.341,1163.314,528.997,-1590.922,1020.62,478.638,-1515.747,992.149,550.923,-1594.303,916.12,515.427,-1515.953,927.372,143.548,-1681.89,1020.107,376.638,-1697.911,997.854,227.954,-1906.206,1070.754,288.573,-1909.772,1068.442,80.252,-1651.678,739.288,130.541,-1613.314,879.752,156.614,-1553.185,716.915,124.599,-1573.938,547.016,125.627,-1553.895,353.793,183.292,-1513.177,439.633,201.8,-1508.035,336.165,174.617,-1545.115,90.142,231.711,-1598.52,68.56,207.1,-1435.603,101.029,239.324,-1377.719,71.29,160.796,-1411.697,47.545,218.142,-1333.959,63.186,445.664,-1827.739,724.246,401.977,-1697.962,819.551,395.944,-1740.007,607.118,427.269,-1889.067,507.647,429.358,-2030.499,390.658,389.853,-1922.057,382.723,380.028,-1992.161,330.511,383.674,-2235.433,229.195,326.843,-2265.287,272.17,351.039,-2186.329,124.639,306.489,-2203.577,67.571,388.511,-2237.702,86.721,328.089,-2188.619,40.343,269.633,-1644.577,1365.479,270.254,-1648.857,1404.607,222.043,-1639.09,1367.565,216.058,-1933.494,1004.968,221.891,-1929.902,1042.898,264.591,-1936.654,996.838,68.907,-1631.007,668.273,59.521,-1652.563,699.709,68.562,-1590.064,694.317,115.972,-1551.881,264.961,105.601,-1557.409,302.97,129.953,-1506.846,276.337,453.134,-1867.15,636.756,457.113,-1864.207,675.826,460.367,-1819.313,631.123,426.755,-2128.634,351.528,434.072,-2098.084,375.352,437.87,-2101.681,312.761,158.733,-1765.37,951.576,341.507,-1773.96,935.248,177.017,-1576.78,533.675,374.267,-1876.3,490.289,213.676,-1536.24,100.699,349.86,-2214.07,219.091,216.26,-1460.96,93.434,342.611,-2198.46,144.985,68.444,-1767.82,1423.56,389.349,-1775.15,1440.26,-23.704,-1883.43,1149.35,521.023,-1749.33,1147.83,-5.332,-1922.25,801.624,501.272,-1519.4,918.612,250.302,-1757.38,1043.88,219.406,-1517.061,84.794,39.678,5.213,-2.33,19.559,3.857,-14.925,2.279,-0.817,5.747,-35.691,3.123,2.486,1.84,-11.554,-11.421,38.806,-0.312,-16.753,-18.384,-2.679,23.344,-42.797,5.658,5.928,-6.967,11.416,-4.268,-6.967,-11.416,4.268,-14.568,22.668,52.106,27.225,0,0,-10.741,11.297,77.909,6.893,-9.216,4.854,14.939,17.554,32.758,46.841,0,-0,5.455,19.506,83.353,6.893,9.216,-4.854,-95.865,4.862,-6.427,-21.022,15.108,-4.816,15.707,5.281,2.948,15.707,-5.281,-2.948,9.654,-6.13,4.976,9.654,6.13,-4.976,-16.538,3.078,-0.25,-16.538,-3.078,0.25,0,0,0,0,0,0,-0.416,0.074,1.809,-0.358,0.021,0.653,-0.212,-0.014,0.015,0.366,0.434,2.214,-0.011,0.21,1.086,-0.355,0.087,0.043,0,0,0,0,0,0,275.346,54.951,-3.259,30.668,9.856,-1.418,-23.914,-2.411,-1.129,-563.348,-136.034,74.319,185.521,-95.184,8.776,-62.8,-7.303,-2.257,0,0,0.204,0,0,-0.051,0,0,0.024,0,0,1.472,0,0,-1.282,0,0,-0.174
30.15,248.359,-1752.31,946.063,251.066,-1575.369,896.755,65.721,-1744.465,964.188,267.922,-1703.555,1122.094,176.572,-1564.63,535.119,196.415,-1156.331,710.48,-267.59,-1541.109,530.612,163.162,-1739.536,943.875,214.208,-1534.83,100.894,123.165,-1097.743,113.733,-221.578,-1624.442,61.406,178.142,-1555.406,545.613,217.052,-1459.67,92.573,198.486,-1480.998,310.516,-0.63,-1481.689,71.874,240.896,-1677.292,73.308,217.052,-1459.67,92.573,212.445,-1424.787,152.744,147.501,-1462.33,88.79,217.455,-1519.959,127.555,375.787,-1843.47,487.446,479.868,-1413.266,405.918,-59.277,-1751.319,418.292,326.377,-1748.666,924.625,350.915,-2187.84,227.871,573.166,-1973.905,-84.226,-26.566,-2037.517,62.102,377.011,-1835.416,488.033,344.556,-2176.03,152.984,404.023,-1974.594,224.486,131.897,-2112.785,151.674,322.984,-2244.213,363.011,344.556,-2176.03,152.984,356.496,-2112.263,124.538,276.179,-2159.508,161.319,358.694,-2149.977,217.321,235.953,-1685.49,1456.64,250.325,-1520.056,1429.983,402.512,-1696.663,1477.101,254.308,-1713.638,1291.848,-24.629,-1862.31,1150.21,-251.54,-2004.341,1283.797,149.266,-2102.439,1190.279,63.57,-1754.273,1414.891,1.453,-1894.33,845.13,-230.613,-2062.748,842.965,168.124,-2124.482,883.534,-22.84,-1864.508,1129.285,-6.201,-1896.73,802.066,-65.843,-1838.576,809.418,-62.968,-1956.648,815.505,8.412,-1892.136,884.276,519.808,-1735.09,1150.11,684.579,-2005.511,1203.775,762.136,-1563.217,1272.153,388.336,-1757.211,1442.313,496.235,-1554.8,943.018,672.192,-1699.323,797.172,700.253,-1410.099,1045.767,519.365,-1731.7,1146.218,502.15,-1510.73,914.948,583.289,-1489.66,965.127,448.847,-1461.776,980.582,491.162,-1592.614,967.099,230.114,-1556.1,1721.59,230.22,-1582.937,1729.577,258.077,-1556.407,1720.189,228.683,-1564.082,1694.79,157.786,-1623.607,1713.875,297.54,-1628.763,1711.084,148.593,-1758.674,1688.035,288.018,-1776.406,1677.81,144.691,-1720.775,1622.507,301.853,-1716.747,1618.798,229.774,-1581.043,1720.259,218.045,-1817.775,1535.513,220.174,-1843.948,1498.555,249.91,-1889.546,1231.583,236.551,-1678.596,1455.529,244.114,-1633.848,1262.909,334.847,-1895.099,1394.747,55.904,-1747.026,1481.553,-22.925,-1779.19,1375.947,-29.64,-1818.482,1133.994,-21.718,-1841.54,932.052,30.288,-1832.522,835.072,-58.837,-1926.938,852.465,-18.326,-1884.906,803.561,394.198,-1755.094,1499.544,492.618,-1770.814,1398.369,547.213,-1700.62,1165.047,528.962,-1579.601,1019.039,479.216,-1505.013,988.274,551.592,-1585.794,914.874,516.268,-1507.059,923.679,141.545,-1665.342,1023.548,374.397,-1679.796,999.84,228.166,-1889.159,1073.281,289.08,-1892.255,1070.677,79.503,-1636.531,741.528,129.179,-1597.63,882.046,155.776,-1538.673,717.934,124.064,-1561.784,547.704,125.544,-1545.85,354.121,183.266,-1503.345,439.106,201.943,-1500.659,335.569,175.142,-1543.833,90.491,231.727,-1598.106,68.959,207.99,-1434.313,99.813,239.868,-1376.702,68.761,160.954,-1410.932,46.639,219.134,-1332.972,59.91,444.921,-1802.504,723.156,400.292,-1676.177,821.966,397.029,-1710.874,608.248,428.206,-1856.634,506.342,430.834,-1999.338,393.261,391.44,-1890.904,382.283,381.614,-1962.663,332.11,384.751,-2208.593,238.853,327.024,-2235.295,283.639,353.366,-2164.764,130.719,309.265,-2185.227,73.378,390.418,-2219.124,95.626,331.46,-2172.045,41.351,268.286,-1627.001,1367.81,268.98,-1631.241,1406.924,220.734,-1621.578,1369.866,216.953,-1916.741,1007.175,223.205,-1913.295,1045.061,265.452,-1919.193,998.428,68.202,-1616.884,670.04,58.771,-1638.136,701.65,67.993,-1575.711,695.71,116.157,-1545.961,265.242,105.62,-1550.522,303.335,130.291,-1500.715,275.571,452.914,-1839.484,634.587,456.663,-1837.658,673.777,460.418,-1791.533,630.393,427.598,-2098.689,357.484,434.918,-2067.404,380.358,439.021,-2072.996,317.912,156.996,-1748.8,954.836,339.723,-1755.83,937.29,176.572,-1564.63,535.119,375.787,-1843.47,487.446,214.208,-1534.83,100.894,350.915,-2187.84,227.871,217.052,-1459.67,92.573,344.556,-2176.03,152.984,67.188,-1749.84,1425.75,388.067,-1757.25,1442.91,-24.629,-1862.31,1150.21,519.808,-1735.09,1150.11,-6.201,-1896.73,802.066,502.15,-1510.73,914.948,249.533,-1739.48,1046.04,219.859,-1516.21,84.386,38.994,5.961,-1.944,20.332,3.905,-14.809,2.905,-0.819,5.772,-35.554,3.785,1.929,3.489,-12.356,-12.232,42.385,-0.908,-16.291,-19.484,-2.558,22.286,-43.078,5.614,5.268,-6.94,11.795,-4.808,-6.94,-11.795,4.808,-13.897,22.763,51.63,27.217,0,-0,-10.629,10.902,78.126,6.905,-9.199,4.794,14.295,17.422,33.202,46.076,0,0,5.28,19.3,83.199,6.905,9.199,-4.794,-95.059,4.875,-6.229,-17.986,15.623,-5.579,15.648,5.662,2.46,15.648,-5.662,-2.46,9.693,-6.266,4.932,9.693,6.266,-4.932,-16.585,2.929,-0.217,-16.585,-2.929,0.217,0,0,0,0,0,0,-0.439,0.048,1.722,-0.366,0.009,0.605,-0.194,-0.013,0.007,0.272,0.462,2.165,-0.052,0.226,1.005,-0.338,0.097,0.061,0,0,0,0,0,0,269.414,36.505,-2.682,21.979,8.883,-0.325,-20.36,-2.24,0.027,-548.363,-143.886,80.135,214.28,-101.713,6.856,-67.495,-7.226,-5.071,0,0,0.321,0,0,-0.024,0,0,0.023,0,0,1.548,0,0,-1.408,0,0,-0.09
30.16,246.739,-1735.34,948.878,247.829,-1558.345,899.7,64.126,-1728.956,967.81,266.689,-1686.566,1124.861,176.139,-1553.87,536.085,194.849,-1143.027,705.529,-268.053,-1531.232,530.243,162.119,-1722.834,947.312,214.837,-1533.65,101.057,123.872,-1096.368,104.023,-220.902,-1624.035,62.838,178.02,-1544.327,546.062,217.902,-1458.59,91.97,199.427,-1477.646,310.131,0.139,-1480.157,71.645,241.074,-1676.467,74.901,217.902,-1458.59,91.97,214.238,-1423.141,151.875,148.301,-1461.27,89.3,218.847,-1518.547,127.507,376.875,-1810.4,485.542,482.755,-1378.075,418.911,-57.298,-1714.884,415.364,323.604,-1729.611,925.076,351.558,-2159.93,236.249,572.361,-1954.272,-82.372,-26.706,-2014.215,68.167,378.586,-1800.708,486.844,346.414,-2150.74,160.904,405.932,-1947.219,226.188,134.166,-2086.48,154.075,321.241,-2211.362,372.84,346.414,-2150.74,160.904,359.443,-2088.218,130.259,277.988,-2133.473,167.04,359.299,-2122.267,224.474,234.787,-1668.08,1459.2,249.16,-1502.668,1432.41,401.314,-1679.189,1479.957,253.432,-1696.38,1294.467,-25.538,-1840.99,1151.19,-251.367,-1986.328,1283.044,149.849,-2080.643,1187.419,62.482,-1736.346,1417.289,0.256,-1868.31,845.618,-230.803,-2038.066,841.288,168.359,-2098.005,880.341,-23.769,-1842.869,1130.222,-7.21,-1870.25,802.596,-67.009,-1812.31,810.358,-63.895,-1930.436,815.15,7.074,-1866.534,884.908,518.687,-1720.94,1152.53,684.627,-1989.875,1209.934,760.249,-1546.345,1272.202,387.277,-1739.595,1445.003,497.049,-1545.76,940.625,673.99,-1694.117,799.909,700.422,-1398.767,1041.378,518.264,-1717.522,1148.391,503.108,-1502.62,911.271,583.982,-1480.004,961.204,449.462,-1451.671,975.082,491.84,-1582.859,965.863,228.269,-1538.2,1723.85,228.369,-1565.024,1731.88,256.236,-1538.495,1722.516,226.907,-1546.225,1697.059,155.899,-1605.782,1716.044,295.606,-1610.795,1713.683,146.946,-1740.929,1690.431,286.35,-1758.478,1680.673,143.195,-1703.081,1624.82,300.309,-1698.884,1621.557,227.944,-1563.143,1722.565,216.82,-1800.288,1538.276,218.959,-1826.564,1501.367,249.174,-1872.422,1234.423,235.385,-1661.2,1458.082,242.944,-1616.777,1265.394,334.042,-1877.668,1397.9,54.732,-1729.185,1483.965,-24.019,-1760.111,1377.845,-30.882,-1796.962,1135.641,-23.032,-1816.937,933.367,29.009,-1806.318,836.505,-59.989,-1901.098,852.489,-19.366,-1858.473,804.174,393.03,-1737.412,1502.338,491.418,-1753.507,1401.172,545.723,-1685.949,1166.906,529.012,-1568.57,1017.539,479.877,-1494.698,984.321,552.49,-1577.686,913.828,517.18,-1498.682,919.959,139.577,-1649.071,1026.864,372.214,-1662.039,1002.217,228.252,-1872.4,1076.009,289.274,-1875.131,1073.251,78.875,-1622.576,743.358,127.989,-1582.257,883.959,154.767,-1525.138,718.298,123.604,-1551.084,548.001,125.672,-1539.06,354.266,183.404,-1494.669,438.421,202.177,-1494.219,334.903,175.797,-1542.885,90.841,231.845,-1597.851,69.208,208.939,-1433.427,98.964,240.382,-1376.031,66.826,161.107,-1410.433,46.231,220.068,-1332.372,57.498,444.051,-1777.353,722.784,398.603,-1654.548,824.924,397.41,-1681.78,610.22,428.874,-1823.745,505.897,432.093,-1967.239,396.107,392.46,-1858.929,382.644,382.719,-1932.058,334.223,385.447,-2180.221,247.768,326.841,-2204.778,293.286,355.68,-2140.048,137.149,312.4,-2162.654,79.239,392.72,-2196.361,104.34,335.321,-2150.714,43.196,267.217,-1609.75,1370.283,267.942,-1613.931,1409.382,219.646,-1604.343,1372.303,217.61,-1900.246,1009.667,224.21,-1896.933,1047.521,266.068,-1902.116,1000.42,67.705,-1604.202,671.354,58.275,-1625.065,703.2,67.382,-1562.714,696.492,116.6,-1541.194,265.433,105.93,-1544.89,303.581,130.646,-1495.719,274.765,452.49,-1811.587,633.125,456.011,-1810.889,672.39,460.262,-1763.569,630.367,428.357,-2067.584,363.134,435.659,-2035.681,385.187,439.881,-2042.92,322.889,155.39,-1732.56,958.055,338.088,-1738.13,939.702,176.139,-1553.87,536.085,376.875,-1810.4,485.542,214.837,-1533.65,101.057,351.558,-2159.93,236.249,217.902,-1458.59,91.97,346.414,-2150.74,160.904,66.083,-1732.06,1428.18,386.96,-1739.64,1445.71,-25.538,-1840.99,1151.19,518.687,-1720.94,1152.53,-7.21,-1870.25,802.596,503.108,-1502.62,911.271,248.747,-1721.81,1048.32,220.392,-1515.639,84.086,38.145,6.512,-1.704,20.782,3.9,-14.697,3.596,-0.842,5.993,-35.43,4.435,1.365,5.252,-12.976,-12.79,45.767,-1.448,-15.832,-19.712,-2.416,21.027,-43.162,5.356,4.888,-6.918,12.018,-5.327,-6.918,-12.018,5.327,-13.148,22.84,51.024,27.23,0,0,-10.481,10.587,78.42,6.941,-9.158,4.799,13.718,17.3,33.739,45.213,0,0,5.117,18.965,83.085,6.941,9.158,-4.799,-94.48,4.849,-6.052,-15.963,15.664,-6.515,15.613,5.915,2.002,15.613,-5.915,-2.002,9.748,-6.365,4.933,9.748,6.365,-4.933,-16.676,2.789,-0.205,-16.676,-2.789,0.205,0,0,0,0,0,0,-0.419,0.029,1.648,-0.36,0,0.569,-0.176,-0.011,-0,0.198,0.475,2.108,-0.079,0.233,0.914,-0.318,0.105,0.082,0,0,0,0,0,0,235.036,3.309,-0.612,13.356,4.54,1.025,-16.615,-2.023,1.418,-527.784,-141.179,81.759,236.828,-103.14,4.14,-67.6,-7.016,-7.309,0,0,0.369,0,0,-0.007,0,0,0.02,0,0,1.605,0,0,-1.434,0,0,-0
30.17,245.308,-1718.74,951.848,245.043,-1541.739,902.681,62.689,-1713.661,971.117,265.234,-1669.835,1127.797,175.793,-1544.31,536.67,191.952,-1130.555,699.147,-268.491,-1524.052,529.267,161.507,-1706.327,950.674,215.487,-1532.66,101.185,123.212,-1095.682,95.358,-219.933,-1625.099,64.259,178.155,-1534.609,546.271,218.708,-1457.67,91.556,200.459,-1475.118,309.871,0.873,-1478.899,71.651,241.376,-1675.715,76.024,218.708,-1457.67,91.556,215.907,-1421.816,151.266,149.075,-1460.365,89.908,220.168,-1517.385,127.482,377.509,-1777.22,484.686,483.881,-1342.958,433.147,-56.145,-1679.316,414.589,321.084,-1710.992,926.257,351.804,-2130.4,243.91,570.39,-1931.11,-80.238,-27.677,-1988.747,75.1,379.775,-1766.002,486.809,348.136,-2122.6,168.321,406.237,-1917.852,230.994,136.024,-2058.681,156.143,318.842,-2179.329,380.804,348.136,-2122.6,168.321,362.131,-2060.71,136.831,279.638,-2105.021,172.429,359.54,-2092.961,231.641,233.867,-1650.97,1461.94,248.355,-1485.595,1434.979,400.361,-1662.134,1482.931,252.718,-1679.468,1297.264,-26.452,-1819.49,1152.28,-251.063,-1968.395,1282.219,150.518,-2058.594,1184.183,61.518,-1718.676,1419.871,-1.03,-1841.51,846.237,-231.017,-2012.636,839.446,168.586,-2070.681,876.815,-24.706,-1821.002,1131.268,-8.359,-1842.85,803.252,-68.257,-1785.104,811.672,-64.999,-1903.282,814.785,5.689,-1840.292,885.649,517.657,-1706.89,1155.08,685.022,-1974.144,1216.082,758.317,-1529.42,1272.316,386.398,-1722.273,1447.811,498.035,-1537.11,938.347,676.072,-1689.189,803.094,700.648,-1387.696,1037.05,517.258,-1703.441,1150.675,504.151,-1495.04,907.659,584.698,-1470.578,957.251,450.041,-1442.114,969.437,492.754,-1573.436,964.84,226.599,-1520.37,1726.21,226.701,-1547.174,1734.305,254.569,-1520.648,1724.936,225.3,-1528.461,1699.436,154.204,-1588.052,1718.384,293.882,-1592.865,1716.414,145.524,-1723.294,1693.111,284.898,-1740.639,1683.789,141.882,-1685.567,1627.38,298.948,-1681.156,1624.522,226.295,-1545.313,1724.981,215.778,-1782.979,1541.295,217.887,-1809.374,1504.449,248.44,-1855.565,1237.529,234.47,-1644.089,1460.82,241.916,-1599.973,1268.035,333.317,-1860.504,1401.314,53.723,-1711.567,1486.605,-24.997,-1741.147,1379.998,-32.186,-1775.246,1137.496,-24.392,-1791.767,934.883,27.677,-1779.356,838.236,-61.248,-1874.46,852.54,-20.535,-1831.108,804.964,392.074,-1719.995,1505.262,490.343,-1736.475,1404.048,544.262,-1671.341,1168.879,529.143,-1557.81,1016.17,480.614,-1484.789,980.362,553.615,-1569.917,913.041,518.166,-1490.784,916.288,137.703,-1633.055,1029.977,370.145,-1644.628,1005.005,228.159,-1855.893,1078.968,289.127,-1858.372,1076.171,78.398,-1609.774,744.802,126.824,-1567.23,885.386,153.696,-1512.528,718.144,123.219,-1541.661,548.048,125.914,-1533.381,354.296,183.617,-1487.044,437.645,202.425,-1488.609,334.196,176.505,-1542.201,91.179,232.017,-1597.712,69.357,209.832,-1432.845,98.392,240.839,-1375.612,65.379,161.256,-1410.127,46.136,220.901,-1332.038,55.782,443.054,-1752.32,723.221,396.901,-1633.086,828.47,397.089,-1652.786,613.092,429.252,-1790.571,506.419,433.05,-1934.412,399.211,392.951,-1826.274,383.857,383.346,-1900.453,336.834,385.755,-2150.43,255.677,326.316,-2173.944,300.947,357.918,-2112.17,143.597,315.814,-2135.853,84.798,395.373,-2169.418,112.401,339.57,-2124.574,45.8,266.401,-1592.797,1372.923,267.113,-1596.911,1412.006,218.765,-1587.378,1374.89,217.928,-1883.957,1012.496,224.796,-1880.739,1050.333,266.344,-1885.4,1002.885,67.4,-1592.781,672.314,58.004,-1613.179,704.441,66.776,-1550.911,696.796,117.181,-1537.429,265.574,106.412,-1540.36,303.753,130.946,-1491.715,273.958,451.877,-1783.484,632.479,455.171,-1783.922,671.776,459.91,-1735.448,631.145,428.97,-2035.52,368.367,436.239,-2003.138,389.779,440.43,-2011.61,327.607,153.958,-1716.6,961.193,336.658,-1720.87,942.502,175.793,-1544.31,536.67,377.509,-1777.22,484.686,215.487,-1532.66,101.185,351.804,-2130.4,243.91,218.708,-1457.67,91.556,348.136,-2122.6,168.321,65.124,-1714.55,1430.84,386.032,-1722.32,1448.63,-26.452,-1819.49,1152.28,517.657,-1706.89,1155.08,-8.359,-1842.85,803.252,504.151,-1495.04,907.659,247.968,-1704.35,1050.74,220.925,-1515.279,83.874,37.182,6.862,-1.612,20.959,3.824,-14.577,4.311,-0.879,6.351,-35.333,5.017,0.877,7.123,-13.392,-13.088,48.88,-1.892,-15.442,-19.182,-2.266,19.68,-43.087,5.021,4.729,-6.906,12.078,-5.798,-6.906,-12.078,5.798,-12.316,22.911,50.329,27.266,0,0,-10.326,10.37,78.767,7.007,-9.101,4.856,13.203,17.185,34.352,44.269,-0,0,4.944,18.49,83.026,7.007,9.101,-4.856,-94.074,4.789,-5.92,-14.948,15.319,-7.587,15.612,6.021,1.593,15.612,-6.021,-1.593,9.818,-6.435,4.973,9.818,6.435,-4.973,-16.814,2.66,-0.21,-16.814,-2.66,0.21,0,0,0,0,0,0,-0.359,0.018,1.594,-0.341,-0.005,0.546,-0.161,-0.008,-0.006,0.147,0.473,2.04,-0.093,0.229,0.819,-0.293,0.112,0.104,0,0,0,0,0,0,186.007,-34.845,2.237,4.735,-2.189,2.175,-13.121,-1.793,2.59,-499.826,-131.751,79.554,251.009,-99.722,1.235,-63.715,-6.699,-8.691,0,0,0.338,0,0,-0.001,0,0,0.015,0,0,1.627,0,0,-1.359,0,0,0.069
30.18,244.116,-1702.47,954.942,242.797,-1525.507,905.657,61.449,-1698.519,974.015,263.549,-1653.325,1130.879,175.569,-1535.77,537.002,188.181,-1118.951,691.78,-268.824,-1518.92,527.836,161.116,-1690.144,953.911,216.092,-1531.82,101.297,121.406,-1095.532,87.647,-218.777,-1627.313,65.675,178.379,-1526.081,546.318,219.382,-1456.89,91.284,201.456,-1473.215,309.713,1.493,-1477.973,71.827,241.781,-1675.036,76.818,219.382,-1456.89,91.284,217.308,-1420.741,150.846,149.734,-1459.578,90.49,221.267,-1516.427,127.484,377.696,-1744.02,484.924,483.427,-1308.072,448.523,-55.787,-1644.657,415.824,318.799,-1692.727,928.157,351.706,-2099.35,250.546,567.876,-1904.349,-77.803,-29.094,-1960.824,82.113,380.511,-1731.446,488.001,349.696,-2091.8,174.87,405.323,-1886.566,238.196,137.586,-2029.023,157.735,315.928,-2148.045,386.817,349.696,-2091.8,174.87,364.446,-2029.902,143.742,281.099,-2074.281,177.202,359.432,-2062.142,238.459,233.152,-1634.12,1464.88,247.829,-1468.795,1437.72,399.615,-1645.422,1486.042,252.129,-1662.849,1300.259,-27.386,-1797.8,1153.51,-250.752,-1950.362,1281.336,151.103,-2036.358,1180.685,60.682,-1701.25,1422.636,-2.385,-1814.01,847.04,-231.328,-1986.397,837.478,168.69,-2042.655,873.085,-25.668,-1798.92,1132.442,-9.649,-1814.55,804.082,-69.567,-1756.977,813.48,-66.294,-1875.191,814.434,4.293,-1813.499,886.53,516.71,-1692.95,1157.77,685.68,-1958.381,1222.21,756.386,-1512.526,1272.485,385.707,-1705.214,1450.763,499.187,-1528.83,936.252,678.372,-1684.511,806.734,700.972,-1376.929,1032.832,516.34,-1689.48,1153.084,505.287,-1487.95,904.199,585.433,-1461.37,953.347,450.587,-1433.095,963.733,493.889,-1564.304,964.079,225.108,-1502.6,1728.65,225.22,-1529.378,1736.832,253.08,-1502.856,1727.428,223.865,-1510.779,1701.9,152.715,-1570.403,1720.897,292.399,-1574.98,1719.261,144.316,-1705.762,1696.076,283.662,-1722.896,1687.142,140.742,-1668.224,1630.19,297.771,-1663.572,1627.677,224.829,-1527.548,1727.501,214.91,-1765.834,1544.554,216.954,-1792.36,1507.781,247.722,-1838.942,1240.873,233.763,-1627.239,1463.749,241.038,-1583.416,1270.847,332.64,-1843.588,1404.935,52.864,-1694.19,1489.47,-25.86,-1722.34,1382.407,-33.539,-1753.339,1139.567,-25.771,-1766.069,936.633,26.326,-1751.708,840.305,-62.603,-1847.063,852.676,-21.83,-1802.849,805.993,391.33,-1702.828,1508.319,489.384,-1719.742,1406.996,542.833,-1656.815,1170.964,529.353,-1547.306,1014.986,481.416,-1475.275,976.476,554.964,-1562.43,912.574,519.233,-1483.333,912.751,135.975,-1617.272,1032.842,368.245,-1627.535,1008.217,227.842,-1839.597,1082.171,288.63,-1841.926,1079.404,78.063,-1597.967,745.955,125.573,-1552.617,886.312,152.672,-1500.759,717.649,122.894,-1533.309,547.977,126.16,-1528.646,354.27,183.777,-1480.339,436.837,202.598,-1483.716,333.483,177.194,-1541.721,91.499,232.201,-1597.653,69.451,210.571,-1432.486,98.024,241.213,-1375.368,64.328,161.393,-1409.958,46.208,221.597,-1331.877,54.609,441.941,-1727.375,724.496,395.178,-1611.781,832.629,396.145,-1623.92,616.881,429.318,-1757.269,507.941,433.646,-1901.038,402.55,392.983,-1793.056,385.917,383.532,-1867.949,339.878,385.711,-2119.315,262.341,325.524,-2142.849,306.549,360.03,-2081.28,149.712,319.407,-2105.052,89.735,398.291,-2138.55,119.418,344.07,-2093.856,48.935,265.797,-1576.103,1375.75,266.458,-1580.148,1414.811,218.068,-1570.664,1377.639,217.846,-1867.827,1015.684,224.903,-1864.645,1053.515,266.221,-1869.008,1005.843,67.231,-1582.351,673.063,57.885,-1602.231,705.5,66.213,-1540.06,696.806,117.773,-1534.483,265.692,106.928,-1536.741,303.886,131.133,-1488.53,273.18,451.108,-1755.178,632.701,454.183,-1756.762,671.987,459.378,-1707.17,632.782,429.391,-2002.674,373.071,436.612,-1969.969,394.062,440.679,-1979.215,331.971,152.745,-1700.9,964.189,335.487,-1704.03,945.694,175.569,-1535.77,537.002,377.696,-1744.02,484.924,216.092,-1531.82,101.297,351.706,-2099.35,250.546,219.382,-1456.89,91.284,349.696,-2091.8,174.87,64.309,-1697.28,1433.72,385.291,-1705.25,1451.69,-27.386,-1797.8,1153.51,516.71,-1692.95,1157.77,-9.649,-1814.55,804.082,505.287,-1487.95,904.199,247.216,-1687.07,1053.29,221.386,-1515.069,83.737,36.155,7.017,-1.622,20.921,3.687,-14.474,5.023,-0.925,6.79,-35.27,5.503,0.525,9.085,-13.582,-13.152,51.66,-2.223,-15.169,-18.068,-2.12,18.338,-42.864,4.726,4.718,-6.901,11.96,-6.197,-6.901,-11.96,6.197,-11.4,22.99,49.592,27.325,-0,0,-10.16,10.311,79.141,7.109,-9.032,4.951,12.735,17.073,35.014,43.255,0,0,4.766,17.888,83.045,7.109,9.032,-4.951,-93.794,4.703,-5.85,-14.862,14.695,-8.754,15.649,5.96,1.239,15.649,-5.96,-1.239,9.899,-6.479,5.039,9.899,6.479,-5.039,-17.001,2.545,-0.229,-17.001,-2.545,0.229,0,0,0,0,0,0,-0.269,0.016,1.562,-0.313,-0.008,0.536,-0.149,-0.004,-0.009,0.119,0.458,1.961,-0.096,0.216,0.724,-0.265,0.115,0.124,0,0,0,0,0,0,135.083,-66.852,5.126,-2.138,-9.526,2.867,-10.143,-1.577,3.287,-463.055,-119.866,74.332,255.432,-92.471,-1.437,-57.001,-6.3,-9.336,0,0,0.254,0,0,-0.003,0,0,0.01,0,0,1.59,0,0,-1.2,0,0,0.108
30.19,243.189,-1686.46,958.152,241.138,-1509.568,908.637,60.429,-1683.444,976.498,261.668,-1636.995,1134.102,175.461,-1528.09,537.212,184.207,-1108.219,683.791,-269.015,-1514.975,526.165,160.712,-1674.343,957.028,216.605,-1531.09,101.415,118.763,-1095.774,80.771,-217.533,-1630.297,67.047,178.524,-1518.552,546.265,219.871,-1456.2,91.125,202.312,-1471.735,309.641,1.951,-1477.371,72.108,242.266,-1674.396,77.412,219.871,-1456.2,91.125,218.344,-1419.828,150.567,150.218,-1458.864,90.966,222.06,-1515.602,127.529,377.458,-1710.87,486.245,481.593,-1273.543,464.902,-56.16,-1610.905,418.887,316.746,-1674.722,930.725,351.351,-2066.91,255.914,565.337,-1874.022,-75.103,-30.634,-1930.381,88.536,380.766,-1697.15,490.393,351.098,-2058.58,180.293,403.556,-1853.593,247.03,138.968,-1997.263,158.698,312.702,-2117.282,390.781,351.098,-2058.58,180.293,366.337,-1996.126,150.542,282.375,-2041.423,181.107,359.022,-2029.892,244.575,232.594,-1617.5,1468,247.49,-1452.231,1440.615,399.032,-1628.977,1489.266,251.622,-1646.484,1303.43,-28.341,-1775.93,1154.88,-250.472,-1932.193,1280.365,151.571,-2013.945,1176.963,59.957,-1684.073,1425.57,-3.79,-1785.84,848.088,-231.753,-1959.325,835.448,168.646,-2013.966,869.253,-26.651,-1776.615,1133.773,-11.079,-1785.41,805.151,-70.924,-1727.994,815.878,-67.787,-1846.203,814.176,2.916,-1786.225,887.593,515.841,-1679.12,1160.61,686.535,-1942.621,1228.346,754.481,-1495.711,1272.723,385.182,-1688.375,1453.867,500.49,-1520.88,934.412,680.844,-1680.012,810.847,701.403,-1366.466,1028.801,515.504,-1675.645,1155.639,506.53,-1481.32,900.979,586.195,-1452.404,949.588,451.115,-1424.613,958.066,495.212,-1555.439,963.619,223.793,-1484.89,1731.17,223.922,-1511.634,1739.462,251.767,-1485.121,1729.992,222.599,-1493.179,1704.452,151.443,-1552.829,1723.575,291.179,-1557.151,1722.205,143.306,-1688.326,1699.299,282.637,-1705.25,1690.697,139.763,-1651.037,1633.234,296.777,-1646.136,1630.995,223.543,-1509.844,1730.117,214.207,-1748.838,1548.024,216.162,-1775.504,1511.328,247.025,-1822.514,1244.416,233.214,-1610.618,1466.862,240.319,-1567.093,1273.838,331.981,-1826.893,1408.702,52.144,-1677.064,1492.549,-26.613,-1703.731,1385.078,-34.923,-1731.245,1141.866,-27.141,-1739.877,938.661,24.986,-1723.442,842.757,-64.041,-1818.941,852.968,-23.244,-1773.745,807.332,390.783,-1685.884,1511.509,488.535,-1703.316,1410.021,541.438,-1642.394,1173.165,529.637,-1537.052,1014.04,482.264,-1466.153,972.744,556.523,-1555.177,912.484,520.392,-1476.292,909.437,134.425,-1601.7,1035.45,366.57,-1610.713,1011.845,227.278,-1823.466,1085.604,287.802,-1825.724,1082.89,77.828,-1586.937,746.945,124.18,-1538.48,886.812,151.765,-1489.731,716.978,122.6,-1525.839,547.888,126.31,-1524.676,354.231,183.766,-1474.423,436.042,202.629,-1479.432,332.8,177.808,-1541.39,91.801,232.359,-1597.645,69.524,211.097,-1432.282,97.809,241.486,-1375.24,63.592,161.511,-1409.88,46.34,222.133,-1331.816,53.849,440.732,-1702.457,726.574,393.434,-1590.609,837.403,394.692,-1595.198,621.561,429.058,-1723.979,510.429,433.864,-1867.266,406.052,392.637,-1759.379,388.762,383.337,-1834.651,343.251,385.393,-2086.969,267.567,324.572,-2111.431,310.095,361.982,-2047.659,155.176,323.064,-2070.656,93.801,401.362,-2104.2,125.107,348.666,-2059.006,52.272,265.354,-1559.622,1378.768,265.936,-1563.605,1417.801,217.525,-1554.18,1380.547,217.355,-1851.822,1019.207,224.523,-1848.609,1057.04,265.692,-1852.893,1009.263,67.117,-1572.645,673.749,57.832,-1591.978,706.505,65.707,-1529.923,696.706,118.265,-1532.154,265.799,107.346,-1533.822,304.004,131.173,-1485.973,272.451,450.229,-1726.682,633.791,453.104,-1729.418,673.026,458.678,-1678.737,635.28,429.595,-1969.2,377.146,436.754,-1936.338,397.956,440.664,-1945.888,335.895,151.774,-1685.36,967.036,334.603,-1687.56,949.268,175.461,-1528.09,537.212,377.458,-1710.87,486.245,216.605,-1531.09,101.415,351.351,-2066.91,255.914,219.871,-1456.2,91.125,351.098,-2058.58,180.293,63.622,-1680.26,1436.81,384.725,-1688.41,1454.89,-28.341,-1775.93,1154.88,515.841,-1679.12,1160.61,-11.079,-1785.41,805.151,506.53,-1481.32,900.979,246.504,-1669.93,1055.96,221.728,-1514.963,83.666,35.094,6.999,-1.665,20.713,3.514,-14.433,5.71,-0.973,7.255,-35.241,5.874,0.331,11.111,-13.542,-13.017,54.064,-2.442,-15.042,-16.555,-1.984,17.07,-42.526,4.538,4.781,-6.894,11.67,-6.499,-6.894,-11.67,6.499,-10.4,23.077,48.843,27.405,-0,0,-9.99,10.437,79.541,7.249,-8.954,5.067,12.3,16.97,35.698,42.192,0,0,4.576,17.187,83.148,7.249,8.954,-5.067,-93.596,4.607,-5.849,-15.583,13.89,-9.966,15.717,5.731,0.946,15.717,-5.731,-0.946,9.989,-6.497,5.114,9.989,6.497,-5.114,-17.237,2.444,-0.264,-17.237,-2.444,0.264,0,0,0,0,0,0,-0.161,0.024,1.551,-0.279,-0.009,0.538,-0.14,-0.002,-0.01,0.112,0.434,1.87,-0.092,0.195,0.632,-0.234,0.116,0.139,0,0,0,0,0,0,89.789,-82.376,7.268,-6.666,-15.594,2.971,-7.772,-1.399,3.382,-420.117,-107.53,67.129,250.722,-82.817,-3.667,-48.884,-5.846,-9.527,0,0,0.155,0,0,-0.008,0,0,0.007,0,0,1.496,0,0,-0.988,0,0,0.117
30.2,242.526,-1670.65,961.456,240.051,-1493.846,911.646,59.638,-1668.383,978.589,259.63,-1620.831,1137.445,175.423,-1521.16,537.409,180.509,-1098.35,675.464,-269.093,-1511.586,524.464,160.147,-1658.977,960.051,216.999,-1530.47,101.561,115.791,-1096.268,74.641,-216.325,-1633.536,68.295,178.449,-1511.891,546.159,220.155,-1455.6,91.058,202.943,-1470.549,309.642,2.234,-1477.099,72.428,242.805,-1673.804,77.918,220.155,-1455.6,91.058,218.994,-1419.046,150.397,150.501,-1458.225,91.312,222.523,-1514.892,127.63,376.825,-1677.84,488.587,478.644,-1239.496,482.087,-57.175,-1577.994,423.549,314.922,-1656.858,933.876,350.832,-2033.18,259.836,563.068,-1840.173,-72.237,-32.104,-1897.483,93.961,380.562,-1663.176,493.891,352.356,-2023.24,184.425,401.236,-1819.274,256.77,140.254,-1963.355,158.895,309.359,-2086.777,392.607,352.356,-2023.24,184.425,367.823,-1959.839,156.875,283.493,-2006.641,183.964,358.399,-1996.357,249.684,232.148,-1601.07,1471.29,247.247,-1435.859,1443.668,398.57,-1612.719,1492.586,251.154,-1630.314,1306.763,-29.326,-1753.86,1156.43,-250.334,-1913.726,1279.334,151.782,-1991.406,1173.116,59.343,-1667.133,1428.686,-5.232,-1757.06,849.438,-232.363,-1931.355,833.424,168.354,-1984.736,865.43,-27.667,-1754.087,1135.291,-12.639,-1755.49,806.533,-72.304,-1698.221,818.924,-69.482,-1816.354,814.126,1.579,-1758.495,888.886,515.051,-1665.44,1163.58,687.539,-1926.928,1234.497,752.621,-1479.05,1273.017,384.799,-1671.757,1457.096,501.923,-1513.26,932.882,683.443,-1675.658,815.423,701.935,-1356.337,1025.018,514.753,-1661.991,1158.344,507.887,-1475.08,898.076,586.977,-1443.673,946.074,451.632,-1416.639,952.532,496.682,-1546.8,963.469,222.652,-1467.24,1733.74,222.806,-1493.944,1742.157,250.628,-1467.44,1732.593,221.498,-1475.656,1707.06,150.393,-1535.331,1726.397,290.232,-1539.394,1725.221,142.48,-1670.98,1702.736,281.816,-1687.7,1694.4,138.94,-1633.985,1636.476,295.958,-1628.84,1634.432,222.435,-1492.203,1732.812,213.655,-1731.981,1551.665,215.509,-1758.786,1515.041,246.348,-1806.238,1248.103,232.776,-1594.191,1470.135,239.754,-1550.988,1277.001,331.319,-1810.386,1412.542,51.557,-1660.193,1495.826,-27.264,-1685.364,1388.01,-36.32,-1708.969,1144.407,-28.477,-1713.227,941.01,23.68,-1694.623,845.63,-65.553,-1790.134,853.487,-24.768,-1743.848,809.052,390.399,-1669.136,1514.823,487.786,-1687.178,1413.126,540.085,-1628.108,1175.486,529.992,-1527.044,1013.372,483.137,-1457.415,969.243,558.268,-1548.115,912.809,521.649,-1469.625,906.428,133.055,-1586.306,1037.835,365.169,-1594.099,1015.86,226.475,-1807.462,1089.221,286.681,-1809.694,1086.548,77.637,-1576.471,747.895,122.646,-1524.839,887.023,150.988,-1479.344,716.245,122.3,-1519.095,547.841,126.293,-1521.289,354.203,183.516,-1469.175,435.288,202.485,-1475.667,332.18,178.311,-1541.163,92.087,232.47,-1597.668,69.599,211.39,-1432.183,97.708,241.649,-1375.186,63.097,161.601,-1409.861,46.466,222.506,-1331.807,53.388,439.446,-1677.495,729.377,391.68,-1569.544,842.758,392.851,-1566.639,627.06,428.468,-1690.828,513.789,433.734,-1833.217,409.607,391.992,-1725.342,392.287,382.834,-1800.668,346.823,384.894,-2053.49,271.218,323.576,-2079.574,311.634,363.762,-2011.669,159.737,326.664,-2033.165,96.833,404.453,-2066.914,129.299,353.193,-2020.593,55.462,265.023,-1543.315,1381.968,265.509,-1547.239,1420.963,217.107,-1537.901,1383.6,216.503,-1835.923,1023.002,223.709,-1832.613,1060.84,264.805,-1836.999,1013.059,66.985,-1563.463,674.483,57.769,-1582.235,707.558,65.245,-1520.319,696.627,118.576,-1530.245,265.899,107.571,-1531.396,304.121,131.065,-1483.86,271.783,449.282,-1698.019,635.702,451.99,-1701.91,674.847,457.824,-1650.164,638.599,429.58,-1935.236,380.519,436.66,-1902.385,401.387,440.436,-1911.78,339.303,151.051,-1669.92,969.734,334,-1671.37,953.178,175.423,-1521.16,537.409,376.825,-1677.84,488.587,216.999,-1530.47,101.561,350.832,-2033.18,259.836,220.155,-1455.6,91.058,352.356,-2023.24,184.425,63.059,-1663.5,1440.1,384.304,-1671.78,1458.21,-29.326,-1753.86,1156.43,515.051,-1665.44,1163.58,-12.639,-1755.49,806.533,507.887,-1475.08,898.076,245.832,-1652.91,1058.75,221.93,-1514.926,83.654,34.01,6.834,-1.69,20.37,3.335,-14.451,6.356,-1.018,7.677,-35.243,6.14,0.289,13.158,-13.284,-12.736,56.064,-2.559,-15.053,-14.813,-1.861,15.91,-42.106,4.467,4.883,-6.875,11.225,-6.693,-6.875,-11.225,6.693,-9.318,23.18,48.125,27.502,-0,0,-9.835,10.741,79.95,7.421,-8.872,5.192,11.878,16.884,36.386,41.101,-0,0,4.373,16.426,83.346,7.421,8.872,-5.192,-93.446,4.516,-5.916,-16.972,12.977,-11.174,15.803,5.351,0.71,15.803,-5.351,-0.71,10.079,-6.489,5.184,10.079,6.489,-5.184,-17.508,2.362,-0.316,-17.508,-2.362,0.316,0,0,0,0,0,0,-0.05,0.041,1.56,-0.241,-0.009,0.547,-0.135,0,-0.01,0.122,0.405,1.77,-0.086,0.168,0.546,-0.201,0.113,0.147,0,0,0,0,0,0,53.931,-78.689,8.011,-8.828,-18.849,2.449,-5.97,-1.276,2.838,-374.491,-95.445,58.478,238.201,-71.717,-5.612,-40.563,-5.36,-9.713,0,0,0.072,0,0,-0.012,0,0,0.005,0,0,1.357,0,0,-0.756,0,0,0.107
30.21,242.108,-1654.94,964.837,239.472,-1478.222,914.731,59.069,-1653.272,980.35,257.486,-1604.793,1140.893,175.39,-1514.89,537.667,177.259,-1089.278,666.913,-269.125,-1508.453,522.898,159.388,-1643.989,963.026,217.273,-1529.96,101.748,112.906,-1096.897,69.14,-215.245,-1636.633,69.371,178.093,-1505.95,546.031,220.254,-1455.11,91.063,203.325,-1469.576,309.702,2.359,-1477.128,72.735,243.366,-1673.295,78.417,220.254,-1455.11,91.063,219.294,-1418.4,150.31,150.599,-1457.692,91.534,222.697,-1514.308,127.783,375.834,-1644.98,491.841,474.807,-1206.01,499.885,-58.736,-1545.857,429.562,313.319,-1639.051,937.5,350.242,-1998.32,262.214,561.212,-1802.995,-69.31,-33.395,-1862.363,98.183,379.943,-1629.63,498.337,353.493,-1986.09,187.196,398.586,-1783.966,266.807,141.488,-1927.406,158.288,306.1,-2056.286,392.261,353.493,-1986.09,187.196,368.942,-1921.533,162.463,284.487,-1970.159,185.676,357.67,-1961.665,253.558,231.776,-1584.79,1474.69,247.029,-1419.635,1446.82,398.195,-1596.574,1495.934,250.684,-1614.294,1310.198,-30.325,-1731.62,1158.17,-250.298,-1895.013,1278.26,151.798,-1968.721,1169.175,58.837,-1650.424,1431.966,-6.697,-1727.72,851.142,-233.127,-1902.554,831.496,167.857,-1954.972,861.691,-28.698,-1731.349,1137.021,-14.316,-1724.83,808.291,-73.687,-1667.73,822.705,-71.367,-1785.673,814.324,0.291,-1730.381,890.443,514.343,-1651.92,1166.68,688.634,-1911.341,1240.713,750.836,-1462.588,1273.365,384.531,-1655.301,1460.44,503.459,-1505.92,931.71,686.114,-1671.377,820.444,702.564,-1346.52,1021.529,514.09,-1648.519,1161.212,509.362,-1469.21,895.552,587.782,-1435.209,942.878,452.159,-1409.153,947.19,498.242,-1538.366,963.664,221.684,-1449.67,1736.37,221.868,-1476.331,1744.923,249.661,-1449.837,1735.246,220.563,-1458.223,1709.732,149.56,-1517.915,1729.326,289.551,-1521.722,1728.275,141.827,-1653.715,1706.324,281.192,-1670.249,1698.181,138.27,-1617.046,1639.864,295.303,-1611.673,1637.929,221.503,-1474.631,1735.563,213.238,-1715.254,1555.42,214.992,-1742.192,1518.861,245.684,-1790.077,1251.869,232.411,-1577.921,1473.527,239.315,-1535.075,1280.313,330.644,-1794.03,1416.384,51.096,-1643.568,1499.273,-27.83,-1667.273,1391.195,-37.713,-1686.519,1147.199,-29.759,-1686.156,943.719,22.424,-1665.313,848.957,-67.129,-1760.684,854.302,-26.385,-1713.222,811.221,390.134,-1652.553,1518.24,487.13,-1671.29,1416.312,538.789,-1613.986,1177.923,530.415,-1517.276,1013.006,484.013,-1449.046,966.037,560.167,-1541.209,913.567,523.007,-1463.287,903.787,131.834,-1571.055,1040.066,364.066,-1577.62,1020.204,225.472,-1791.547,1092.958,285.335,-1793.777,1090.292,77.437,-1566.407,748.89,121.006,-1511.661,887.102,150.297,-1469.504,715.5,121.956,-1512.964,547.855,126.08,-1518.322,354.197,183.023,-1464.499,434.584,202.172,-1472.348,331.642,178.691,-1541.006,92.362,232.524,-1597.708,69.692,211.472,-1432.152,97.687,241.708,-1375.181,62.781,161.654,-1409.878,46.554,222.727,-1331.822,53.135,438.103,-1652.445,732.796,389.925,-1548.568,848.625,390.73,-1538.273,633.272,427.561,-1657.928,517.882,433.314,-1798.996,413.085,391.107,-1691.045,396.361,382.1,-1766.12,350.45,384.309,-2018.98,273.216,322.643,-2047.156,311.245,365.365,-1973.688,163.235,330.082,-1993.091,98.766,407.439,-2027.234,131.937,357.486,-1979.206,58.209,264.76,-1527.143,1385.316,265.145,-1531.012,1424.262,216.786,-1521.796,1386.766,215.385,-1820.12,1026.975,222.566,-1816.661,1064.817,263.66,-1821.265,1017.114,66.779,-1554.693,675.325,57.645,-1572.902,708.715,64.796,-1511.147,696.628,118.674,-1528.587,265.993,107.554,-1529.285,304.245,130.831,-1482.033,271.184,448.305,-1669.237,638.358,450.89,-1674.275,677.373,456.826,-1621.489,642.66,429.364,-1900.906,383.141,436.345,-1868.228,404.29,440.048,-1877.046,342.138,150.562,-1654.52,972.305,333.654,-1655.36,957.368,175.39,-1514.89,537.667,375.834,-1644.98,491.841,217.273,-1529.96,101.748,350.242,-1998.32,262.214,220.254,-1455.11,91.063,353.493,-1986.09,187.196,62.61,-1646.99,1443.55,384.002,-1655.31,1461.64,-30.325,-1731.62,1158.17,514.343,-1651.92,1166.68,-14.316,-1724.83,808.291,509.362,-1469.21,895.552,245.193,-1635.98,1061.63,221.998,-1514.93,83.69,32.891,6.544,-1.675,19.914,3.177,-14.498,6.951,-1.053,8.016,-35.261,6.315,0.367,15.187,-12.835,-12.363,57.654,-2.592,-15.183,-12.978,-1.753,14.878,-41.666,4.499,5.003,-6.828,10.647,-6.782,-6.828,-10.647,6.782,-8.157,23.296,47.441,27.614,-0,0,-9.671,11.249,80.376,7.615,-8.78,5.307,11.453,16.823,37.057,40.01,0,-0,4.131,15.635,83.632,7.615,8.78,-5.307,-93.317,4.443,-6.037,-18.897,12.008,-12.334,15.886,4.844,0.522,15.886,-4.844,-0.522,10.169,-6.456,5.237,10.169,6.456,-5.237,-17.801,2.295,-0.378,-17.801,-2.295,0.378,0,0,0,0,0,0,0.052,0.063,1.581,-0.204,-0.008,0.562,-0.132,0.001,-0.008,0.144,0.374,1.662,-0.081,0.138,0.47,-0.17,0.108,0.147,0,0,0,0,0,0,26.184,-60.086,7.401,-8.661,-19.257,1.441,-4.62,-1.215,1.801,-327.81,-84.118,48.731,220.056,-59.853,-7.535,-32.989,-4.866,-10.274,0,0,0.016,0,0,-0.012,0,0,0.004,0,0,1.188,0,0,-0.535,0,0,0.087
30.22,241.889,-1639.27,968.281,239.278,-1462.621,917.93,58.694,-1638.102,981.88,255.286,-1588.865,1144.425,175.295,-1509.18,538.021,174.408,-1080.907,658.164,-269.193,-1505.489,521.584,158.472,-1629.27,965.98,217.435,-1529.54,101.979,110.451,-1097.537,64.21,-214.37,-1639.25,70.238,177.458,-1500.63,545.899,220.204,-1454.7,91.117,203.455,-1468.701,309.8,2.359,-1477.357,72.982,243.904,-1672.85,78.966,220.204,-1454.7,91.117,219.332,-1417.857,150.282,150.548,-1457.23,91.666,222.642,-1513.817,127.967,374.529,-1612.4,495.874,470.235,-1173.193,518.059,-60.761,-1514.558,436.678,311.938,-1621.269,941.473,349.66,-1962.44,263.027,559.801,-1762.715,-66.395,-34.463,-1825.269,101.158,378.961,-1596.568,503.542,354.516,-1947.4,188.608,395.75,-1747.975,276.67,142.66,-1889.611,156.939,303.113,-2025.602,389.773,354.516,-1947.4,188.608,369.747,-1881.63,167.154,285.378,-1932.16,186.244,356.937,-1925.952,256.077,231.45,-1568.65,1478.16,246.788,-1403.543,1450.055,397.881,-1580.518,1499.265,250.185,-1598.387,1313.691,-31.324,-1709.2,1160.1,-250.349,-1876.04,1277.145,151.651,-1945.846,1165.175,58.427,-1633.901,1435.385,-8.174,-1697.89,853.237,-234.015,-1873.011,829.739,167.197,-1924.705,858.101,-29.731,-1708.43,1138.978,-16.087,-1693.5,810.484,-75.056,-1636.62,827.23,-73.415,-1754.224,814.871,-0.943,-1701.886,892.298,513.742,-1638.57,1169.91,689.86,-1895.829,1247.092,749.095,-1446.282,1273.793,384.325,-1638.977,1463.863,505.068,-1498.84,930.918,688.876,-1667.071,825.887,703.213,-1336.951,1018.378,513.536,-1635.255,1164.238,510.951,-1463.6,893.444,588.618,-1426.99,940.06,452.726,-1402.088,942.143,499.85,-1530.094,964.16,220.889,-1432.17,1739.02,221.109,-1458.786,1747.711,248.867,-1432.302,1737.908,219.791,-1440.863,1712.426,148.933,-1500.588,1732.313,289.113,-1504.148,1731.325,141.336,-1636.529,1709.985,280.756,-1652.899,1701.958,137.745,-1600.199,1643.328,294.794,-1594.617,1641.42,220.744,-1457.142,1738.338,212.938,-1698.65,1559.224,214.6,-1725.714,1522.717,245.024,-1774,1255.642,232.088,-1561.777,1476.986,238.956,-1519.317,1283.733,329.959,-1777.784,1420.161,50.754,-1627.176,1502.85,-28.332,-1649.484,1394.612,-39.086,-1663.915,1150.239,-30.974,-1658.708,946.815,21.23,-1635.573,852.76,-68.756,-1730.639,855.464,-28.075,-1681.937,813.888,389.938,-1636.106,1521.723,486.556,-1655.598,1419.563,537.574,-1600.065,1180.461,530.906,-1507.738,1012.945,484.88,-1441.02,963.172,562.183,-1534.426,914.743,524.465,-1457.229,901.555,130.704,-1555.904,1042.231,363.255,-1561.206,1024.797,224.332,-1775.698,1096.736,283.849,-1777.926,1094.048,77.186,-1556.647,749.967,119.315,-1498.863,887.179,149.616,-1460.126,714.747,121.54,-1507.369,547.92,125.677,-1515.646,354.217,182.333,-1460.321,433.93,201.717,-1469.415,331.195,178.952,-1540.889,92.628,232.525,-1597.753,69.807,211.39,-1432.166,97.711,241.679,-1375.208,62.591,161.666,-1409.914,46.596,222.82,-1331.843,53.017,436.723,-1627.303,736.707,388.177,-1527.677,854.905,388.41,-1510.145,640.074,426.368,-1625.373,522.546,432.67,-1764.7,416.361,390.025,-1656.591,400.836,381.205,-1731.129,354,383.721,-1983.53,273.549,321.865,-2014.087,309.023,366.779,-1934.066,165.602,333.198,-1950.904,99.617,410.211,-1985.622,133.056,361.391,-1935.383,60.314,264.527,-1511.077,1388.757,264.826,-1514.891,1427.647,216.538,-1505.83,1390.002,214.134,-1804.407,1031.02,221.236,-1800.77,1068.864,262.392,-1805.629,1021.297,66.476,-1546.302,676.285,57.434,-1563.946,709.984,64.32,-1502.377,696.71,118.562,-1527.063,266.083,107.296,-1527.361,304.38,130.498,-1480.38,270.661,447.328,-1640.403,641.653,449.839,-1646.57,680.5,455.689,-1592.772,647.355,428.969,-1866.322,384.988,435.831,-1833.968,406.611,439.542,-1841.835,344.361,150.269,-1639.1,974.793,333.509,-1639.44,961.769,175.295,-1509.18,538.021,374.529,-1612.4,495.874,217.435,-1529.54,101.979,349.66,-1962.44,263.027,220.204,-1454.7,91.117,354.516,-1947.4,188.608,62.259,-1630.69,1447.13,383.771,-1638.98,1465.13,-31.324,-1709.2,1160.1,513.742,-1638.57,1169.91,-16.087,-1693.5,810.484,510.951,-1463.6,893.444,244.57,-1619.11,1064.57,221.958,-1514.959,83.759,31.723,6.155,-1.62,19.355,3.052,-14.528,7.481,-1.078,8.25,-35.27,6.438,0.524,17.16,-12.231,-11.941,58.839,-2.555,-15.411,-11.148,-1.661,13.994,-41.238,4.593,5.148,-6.751,9.97,-6.782,-6.751,-9.97,6.782,-6.931,23.421,46.796,27.735,-0,-0,-9.504,11.927,80.825,7.825,-8.683,5.406,11.007,16.806,37.717,38.947,0,0,3.859,14.869,83.974,7.825,8.683,-5.406,-93.188,4.396,-6.191,-21.243,11.014,-13.396,15.953,4.245,0.365,15.953,-4.245,-0.365,10.249,-6.396,5.265,10.249,6.396,-5.265,-18.101,2.247,-0.45,-18.101,-2.247,0.45,0,0,0,0,0,0,0.134,0.087,1.607,-0.17,-0.009,0.579,-0.132,0.001,-0.005,0.172,0.345,1.548,-0.079,0.108,0.404,-0.141,0.101,0.14,0,0,0,0,0,0,4.87,-33.544,5.786,-7.048,-17.435,0.182,-3.665,-1.214,0.516,-284.128,-73.353,38.467,199.109,-47.951,-9.495,-26.709,-4.386,-11.254,0,0,-0.015,0,0,-0.011,0,0,0.003,0,0,1.011,0,0,-0.343,0,0,0.068
30.23,241.774,-1623.57,971.768,239.274,-1446.96,921.275,58.438,-1622.855,983.346,253.101,-1573.021,1148.016,175.084,-1503.95,538.473,171.642,-1073.155,649.184,-269.362,-1502.907,520.595,157.51,-1614.709,968.911,217.505,-1529.21,102.25,108.64,-1098.115,59.773,-213.742,-1641.202,70.895,176.592,-1495.84,545.772,220.06,-1454.39,91.194,203.37,-1467.871,309.915,2.278,-1477.714,73.139,244.38,-1672.503,79.607,220.06,-1454.39,91.194,219.193,-1417.435,150.29,150.402,-1456.873,91.725,222.446,-1513.44,128.155,372.957,-1580.16,500.533,465.086,-1141.091,536.387,-63.16,-1484.084,444.619,310.755,-1603.458,945.666,349.148,-1925.66,262.295,558.882,-1719.639,-63.489,-35.258,-1786.446,102.859,377.649,-1564.076,509.303,355.423,-1907.4,188.705,392.808,-1711.56,286.042,143.719,-1850.223,154.978,300.568,-1994.595,385.208,355.423,-1907.4,188.705,370.257,-1840.478,170.836,286.161,-1892.847,185.713,356.267,-1889.302,257.186,231.147,-1552.6,1481.63,246.491,-1387.531,1453.305,397.604,-1564.489,1502.513,249.641,-1582.54,1317.17,-32.285,-1686.66,1162.2,-250.333,-1857.004,1275.975,151.538,-1922.7,1161.095,58.109,-1617.559,1438.896,-9.652,-1667.59,855.74,-234.903,-1842.882,828.201,166.534,-1893.823,854.68,-30.731,-1685.343,1141.16,-17.929,-1661.57,813.149,-76.386,-1604.992,832.509,-75.602,-1722.067,815.804,-2.127,-1673.066,894.459,513.244,-1625.45,1173.24,691.09,-1880.525,1253.644,747.475,-1430.292,1274.267,384.155,-1622.754,1467.325,506.727,-1491.97,930.497,691.633,-1662.721,831.639,703.928,-1327.665,1015.552,513.087,-1622.227,1167.376,512.642,-1458.21,891.764,589.491,-1419.037,937.646,453.356,-1395.412,937.449,501.468,-1521.987,964.929,220.262,-1414.78,1741.64,220.521,-1441.352,1750.465,248.24,-1414.877,1740.529,219.177,-1423.608,1715.09,148.493,-1483.356,1735.298,288.882,-1486.681,1734.318,140.997,-1619.421,1713.638,280.493,-1635.656,1705.649,137.355,-1583.431,1646.793,294.412,-1577.656,1644.834,220.154,-1439.749,1741.092,212.735,-1682.167,1563.003,214.319,-1709.343,1526.533,244.364,-1757.985,1259.347,231.786,-1545.729,1480.446,238.616,-1503.672,1287.2,329.281,-1761.612,1423.811,50.521,-1610.999,1506.507,-28.796,-1632.003,1398.224,-40.428,-1641.188,1153.514,-32.116,-1630.929,950.308,20.104,-1605.461,857.047,-70.418,-1700.053,857.006,-29.813,-1650.071,817.085,389.768,-1619.769,1525.224,486.058,-1640.043,1422.852,536.465,-1586.378,1183.071,531.458,-1498.415,1013.168,485.742,-1433.296,960.667,564.272,-1527.736,916.296,526.014,-1451.391,899.747,129.587,-1540.81,1044.429,362.677,-1544.806,1029.538,223.13,-1759.894,1100.475,282.326,-1762.109,1097.753,76.86,-1547.151,751.121,117.619,-1486.343,887.325,148.857,-1451.136,713.955,121.032,-1502.258,548.019,125.12,-1513.183,354.266,181.515,-1456.579,433.32,201.159,-1466.813,330.835,179.111,-1540.793,92.889,232.486,-1597.793,69.946,211.205,-1432.211,97.747,241.584,-1375.257,62.483,161.633,-1409.955,46.596,222.813,-1331.865,52.977,435.324,-1602.106,740.984,386.431,-1506.881,861.478,385.951,-1482.309,647.331,424.928,-1593.246,527.604,431.851,-1730.423,419.329,388.769,-1622.091,405.57,380.201,-1695.813,357.358,383.194,-1947.21,272.256,321.31,-1980.315,305.068,367.978,-1893.089,166.845,335.904,-1906.999,99.467,412.685,-1942.428,132.757,364.765,-1889.577,61.692,264.296,-1495.091,1392.215,264.539,-1498.852,1431.051,216.345,-1489.968,1393.249,212.899,-1788.781,1035.032,219.876,-1784.953,1072.874,261.151,-1790.03,1025.482,66.077,-1538.299,677.335,57.126,-1555.368,711.342,63.781,-1494.012,696.835,118.279,-1525.617,266.176,106.838,-1525.561,304.529,130.088,-1478.849,270.223,446.374,-1611.598,645.469,448.862,-1618.866,684.112,454.421,-1564.095,652.558,428.419,-1831.572,386.041,435.146,-1799.684,408.304,438.946,-1806.271,345.938,150.088,-1623.62,977.269,333.46,-1623.52,966.267,175.084,-1503.95,538.473,372.957,-1580.16,500.533,217.505,-1529.21,102.25,349.148,-1925.66,262.295,220.06,-1454.39,91.194,355.423,-1907.4,188.705,61.993,-1614.58,1450.79,383.578,-1622.74,1468.63,-32.285,-1686.66,1162.2,513.244,-1625.45,1173.24,-17.929,-1661.57,813.149,512.642,-1458.21,891.764,243.944,-1602.29,1067.54,221.846,-1515.002,83.847,30.487,5.707,-1.565,18.702,2.969,-14.475,7.939,-1.091,8.378,-35.249,6.523,0.711,19.046,-11.541,-11.509,59.632,-2.466,-15.72,-9.382,-1.588,13.29,-40.878,4.724,5.307,-6.639,9.248,-6.724,-6.639,-9.248,6.724,-5.653,23.546,46.152,27.863,0,0,-9.31,12.766,81.338,8.037,-8.586,5.482,10.524,16.832,38.343,37.944,-0,0,3.56,14.152,84.371,8.037,8.586,-5.482,-93.041,4.382,-6.353,-23.928,10.015,-14.314,15.986,3.613,0.223,15.986,-3.613,-0.223,10.318,-6.313,5.267,10.318,6.313,-5.267,-18.393,2.221,-0.53,-18.393,-2.221,0.53,0,0,0,0,0,0,0.189,0.11,1.631,-0.14,-0.01,0.595,-0.134,-0.001,-0.002,0.201,0.319,1.433,-0.082,0.08,0.349,-0.118,0.092,0.127,0,0,0,0,0,0,-11.532,-8.84,3.705,-4.131,-14.205,-1.055,-3.124,-1.265,-0.736,-246.905,-64.073,28.656,176.922,-36.976,-11.332,-21.647,-3.945,-12.412,0,0,-0.033,0,0,-0.007,0,0,0.002,0,0,0.848,0,0,-0.188,0,0,0.051
30.24,241.675,-1607.81,975.272,239.267,-1431.2,924.776,58.223,-1607.569,984.864,250.962,-1557.257,1151.638,174.732,-1499.12,539.006,168.61,-1065.951,639.905,-269.663,-1500.965,519.96,156.603,-1600.187,971.799,217.504,-1528.94,102.551,107.27,-1098.639,55.773,-213.298,-1642.688,71.407,175.588,-1491.508,545.655,219.872,-1454.15,91.269,203.131,-1467.008,310.023,2.158,-1478.086,73.2,244.754,-1672.234,80.354,219.872,-1454.15,91.269,218.99,-1417.135,150.326,150.212,-1456.59,91.757,222.198,-1513.164,128.291,371.17,-1548.35,505.66,459.406,-1109.755,554.692,-65.864,-1454.556,453.133,309.763,-1585.665,949.948,348.745,-1888.05,260.083,558.478,-1674.059,-60.523,-35.75,-1746.081,103.314,376.021,-1532.212,515.432,356.192,-1866.28,187.568,389.783,-1674.931,294.724,144.577,-1809.535,152.575,298.606,-1963.186,378.666,356.192,-1866.28,187.568,370.459,-1798.334,173.507,286.808,-1852.414,184.173,355.688,-1851.823,256.913,230.858,-1536.62,1485.03,246.134,-1371.579,1456.505,397.355,-1548.473,1505.617,249.05,-1566.729,1320.567,-33.21,-1663.99,1164.47,-250.258,-1837.869,1274.757,151.457,-1899.254,1156.981,57.869,-1601.349,1442.476,-11.113,-1636.91,858.656,-235.776,-1812.243,826.897,165.88,-1862.4,851.478,-31.698,-1662.137,1143.548,-19.809,-1629.12,816.308,-77.664,-1572.969,838.512,-77.877,-1689.291,817.171,-3.254,-1643.941,896.927,512.865,-1612.54,1176.59,692.326,-1865.404,1260.322,745.986,-1414.596,1274.722,384.002,-1606.596,1470.727,508.413,-1485.26,930.417,694.368,-1658.251,837.607,704.68,-1318.609,1013.035,512.757,-1609.439,1170.583,514.415,-1452.95,890.496,590.42,-1411.317,935.611,454.082,-1389.026,933.148,503.073,-1513.99,965.934,219.798,-1397.5,1744.21,220.098,-1424.029,1753.16,247.775,-1397.563,1743.086,218.713,-1406.455,1717.703,148.214,-1466.224,1738.215,288.815,-1469.324,1737.194,140.798,-1602.39,1717.198,280.376,-1618.523,1709.175,137.077,-1566.732,1650.177,294.14,-1560.777,1648.1,219.725,-1422.466,1743.776,212.612,-1665.798,1566.682,214.131,-1693.075,1530.233,243.701,-1742.014,1262.913,231.494,-1529.751,1483.837,238.24,-1488.105,1290.64,328.635,-1745.479,1427.284,50.386,-1595.012,1510.186,-29.245,-1614.816,1401.978,-41.741,-1618.384,1156.995,-33.188,-1602.875,954.189,19.047,-1575.038,861.812,-72.091,-1668.988,858.935,-31.57,-1617.708,820.822,389.597,-1603.513,1528.683,485.631,-1624.571,1426.135,535.489,-1572.955,1185.704,532.068,-1489.284,1013.629,486.616,-1425.822,958.518,566.391,-1521.112,918.153,527.64,-1445.707,898.346,128.402,-1525.738,1046.742,362.227,-1528.391,1034.315,221.941,-1744.124,1104.099,280.872,-1746.309,1101.353,76.449,-1537.91,752.32,115.948,-1474.003,887.545,147.953,-1442.464,713.092,120.433,-1497.587,548.134,124.466,-1510.907,354.346,180.626,-1453.216,432.751,200.534,-1464.488,330.547,179.193,-1540.706,93.149,232.421,-1597.822,70.109,210.978,-1432.278,97.765,241.449,-1375.319,62.423,161.558,-1409.994,46.567,222.737,-1331.883,52.974,433.93,-1576.92,745.504,384.67,-1486.205,868.217,383.394,-1454.823,654.917,423.281,-1561.615,532.886,430.888,-1696.246,421.911,387.347,-1587.651,410.432,379.12,-1660.277,360.443,382.77,-1910.069,269.417,321.023,-1945.813,299.484,368.922,-1850.982,167.023,338.116,-1861.685,98.436,414.801,-1897.89,131.184,367.495,-1842.148,62.352,264.048,-1479.165,1395.602,264.279,-1482.877,1434.4,216.185,-1474.174,1396.443,211.83,-1773.234,1038.913,218.641,-1769.213,1076.752,260.089,-1774.413,1029.555,65.602,-1530.697,678.429,56.72,-1547.166,712.755,63.16,-1486.057,696.954,117.885,-1524.249,266.286,106.253,-1523.878,304.693,129.607,-1477.435,269.879,445.457,-1582.911,649.684,447.973,-1591.244,688.09,453.022,-1535.548,658.133,427.741,-1796.719,386.28,434.319,-1765.425,409.319,438.276,-1770.445,346.837,149.934,-1608.1,979.78,333.415,-1607.52,970.764,174.732,-1499.12,539.006,371.17,-1548.35,505.66,217.504,-1528.94,102.551,348.745,-1888.05,260.083,219.872,-1454.15,91.269,356.192,-1866.28,187.568,61.796,-1598.65,1454.46,383.4,-1606.57,1472.1,-33.21,-1663.99,1164.47,512.865,-1612.54,1176.59,-19.809,-1629.12,816.308,514.415,-1452.95,890.496,243.296,-1585.5,1070.47,221.7,-1515.05,83.937,29.17,5.233,-1.546,17.959,2.92,-14.323,8.316,-1.099,8.452,-35.151,6.602,0.887,20.83,-10.818,-11.083,60.057,-2.334,-16.108,-7.714,-1.538,12.802,-40.594,4.871,5.475,-6.491,8.521,-6.642,-6.491,-8.521,6.642,-4.331,23.673,45.513,28,-0,0,-9.093,13.735,81.895,8.242,-8.495,5.534,9.998,16.906,38.935,37.019,0,-0,3.233,13.497,84.784,8.242,8.495,-5.534,-92.865,4.397,-6.501,-26.89,9.02,-15.043,15.977,2.993,0.075,15.977,-2.993,-0.075,10.375,-6.21,5.242,10.375,6.21,-5.242,-18.666,2.22,-0.615,-18.666,-2.22,0.615,0,0,0,0,0,0,0.214,0.128,1.645,-0.115,-0.012,0.608,-0.136,-0.003,0.001,0.225,0.298,1.318,-0.09,0.057,0.307,-0.1,0.083,0.109,0,0,0,0,0,0,-24.267,6.692,1.851,-0.587,-10.997,-2.038,-2.992,-1.354,-1.716,-214.303,-57.039,20.735,154.43,-28.293,-12.76,-17.663,-3.563,-13.389,0,0,-0.052,0,0,-0.001,0,0,0.002,0,0,0.702,0,0,-0.071,0,0,0.041
30.25,241.488,-1591.98,978.754,239.054,-1415.327,928.409,57.951,-1592.285,986.558,248.908,-1541.577,1155.251,174.245,-1494.61,539.594,165.107,-1059.246,630.3,-270.086,-1499.786,519.676,155.806,-1585.628,974.598,217.453,-1528.69,102.868,105.983,-1099.151,52.171,-212.933,-1644.04,71.857,174.538,-1487.579,545.55,219.681,-1453.93,91.319,202.801,-1466.035,310.105,2.028,-1478.363,73.175,245.004,-1672.002,81.207,219.681,-1453.93,91.319,218.779,-1416.903,150.369,150.02,-1456.34,91.766,221.96,-1512.937,128.355,369.213,-1517.04,511.106,453.246,-1079.223,572.827,-68.805,-1426.042,461.97,308.934,-1567.935,954.199,348.465,-1849.68,256.489,558.533,-1626.277,-57.408,-35.961,-1704.363,102.644,374.09,-1501.051,521.76,356.792,-1824.15,185.305,386.675,-1638.198,302.585,145.143,-1767.799,149.886,297.32,-1931.258,370.282,356.792,-1824.15,185.305,370.328,-1755.354,175.217,287.279,-1810.999,181.721,355.184,-1813.566,255.329,230.573,-1520.69,1488.28,245.711,-1355.667,1459.58,397.12,-1532.449,1508.51,248.417,-1550.931,1323.803,-34.072,-1641.27,1166.86,-249.981,-1818.836,1273.444,151.583,-1875.453,1152.801,57.702,-1585.275,1446.053,-12.538,-1605.89,861.968,-236.499,-1781.269,825.802,165.402,-1830.343,848.493,-32.606,-1638.857,1146.106,-21.697,-1596.24,819.955,-78.872,-1540.676,845.189,-80.195,-1655.99,818.975,-4.318,-1614.562,899.676,512.598,-1599.88,1179.92,693.454,-1850.576,1267.098,744.704,-1399.329,1275.122,383.854,-1590.488,1474.019,510.109,-1478.66,930.619,696.997,-1653.67,843.653,705.521,-1309.814,1010.77,512.537,-1596.903,1173.789,516.245,-1447.75,889.594,591.423,-1403.834,933.924,454.931,-1382.87,929.302,504.656,-1506.124,967.077,219.489,-1380.33,1746.66,219.83,-1406.82,1755.725,247.465,-1380.362,1745.512,218.392,-1389.401,1720.193,148.071,-1449.195,1740.999,288.866,-1452.08,1739.893,140.724,-1585.441,1720.587,280.372,-1601.5,1712.468,136.886,-1550.099,1653.406,293.961,-1543.971,1651.156,219.447,-1405.303,1746.335,212.556,-1649.539,1570.186,214.02,-1676.9,1533.748,243.038,-1726.076,1266.272,231.203,-1513.822,1487.088,237.788,-1472.589,1293.969,328.051,-1729.357,1430.541,50.333,-1579.19,1513.825,-29.695,-1597.889,1405.807,-43.033,-1595.555,1160.64,-34.199,-1574.605,958.433,18.061,-1544.365,867.036,-73.742,-1637.517,861.238,-33.32,-1584.937,825.085,389.413,-1587.308,1532.033,485.278,-1609.132,1429.354,534.666,-1559.818,1188.299,532.728,-1480.32,1014.265,487.531,-1418.536,956.695,568.496,-1514.526,920.219,529.326,-1440.108,897.307,127.092,-1510.666,1049.219,361.767,-1511.957,1039.017,220.831,-1728.38,1107.536,279.583,-1730.513,1104.795,75.955,-1528.918,753.52,114.312,-1461.771,887.792,146.87,-1434.039,712.134,119.759,-1493.308,548.252,123.775,-1508.83,354.463,179.698,-1450.167,432.223,199.869,-1462.382,330.311,179.226,-1540.621,93.409,232.348,-1597.835,70.294,210.76,-1432.358,97.747,241.298,-1375.38,62.387,161.449,-1410.024,46.518,222.616,-1331.894,52.978,432.565,-1551.831,750.158,382.869,-1465.688,874.996,380.764,-1427.744,662.713,421.464,-1530.537,538.238,429.795,-1662.23,424.044,385.763,-1553.369,415.31,377.965,-1624.614,363.207,382.467,-1872.133,265.137,321.018,-1910.558,292.377,369.565,-1807.912,166.223,339.778,-1815.201,96.66,416.52,-1852.164,128.499,369.505,-1793.38,62.369,263.774,-1463.286,1398.829,264.039,-1466.952,1437.615,216.032,-1458.42,1399.52,211.055,-1757.755,1042.574,217.671,-1753.547,1080.408,259.332,-1758.734,1033.414,65.079,-1523.48,679.519,56.218,-1539.307,714.184,62.456,-1478.489,697.026,117.446,-1522.995,266.428,105.625,-1522.34,304.871,129.056,-1476.168,269.635,444.587,-1554.429,654.181,447.178,-1563.788,692.324,451.498,-1507.224,663.954,426.967,-1761.789,385.672,433.384,-1731.208,409.601,437.538,-1734.402,347.02,149.71,-1592.54,982.367,333.267,-1591.41,975.14,174.245,-1494.61,539.594,369.213,-1517.04,511.106,217.453,-1528.69,102.868,348.465,-1849.68,256.489,219.681,-1453.93,91.319,356.792,-1824.15,185.305,61.653,-1582.86,1458.08,383.225,-1590.44,1475.45,-34.072,-1641.27,1166.86,512.598,-1599.88,1179.92,-21.697,-1596.24,819.955,516.245,-1447.75,889.594,242.61,-1568.74,1073.34,221.554,-1515.096,84.021,27.766,4.778,-1.585,17.13,2.896,-14.093,8.607,-1.108,8.536,-34.971,6.673,1.024,22.504,-10.127,-10.674,60.143,-2.166,-16.563,-6.164,-1.513,12.552,-40.378,5.022,5.636,-6.311,7.839,-6.569,-6.311,-7.839,6.569,-2.981,23.796,44.84,28.149,-0,-0,-8.838,14.813,82.527,8.44,-8.413,5.557,9.418,17.025,39.474,36.19,0,0,2.92,12.928,85.198,8.44,8.413,-5.557,-92.655,4.435,-6.617,-30.072,8.036,-15.548,15.921,2.435,-0.095,15.921,-2.435,0.095,10.418,-6.09,5.194,10.418,6.09,-5.194,-18.918,2.245,-0.699,-18.918,-2.245,0.699,0,0,0,0,0,0,0.211,0.138,1.644,-0.097,-0.015,0.617,-0.138,-0.005,0.004,0.24,0.28,1.209,-0.102,0.04,0.277,-0.089,0.074,0.09,0,0,0,0,0,0,-32.39,11.22,0.587,1.694,-8.93,-2.685,-3.157,-1.463,-2.345,-185.639,-52.671,16.034,132.685,-23.129,-13.441,-14.655,-3.263,-13.787,0,0,-0.073,0,0,0.003,0,0,0.002,0,0,0.573,0,0,0.013,0,0,0.035
30.26,241.151,-1576.05,982.155,238.491,-1399.311,932.123,57.559,-1577.031,988.451,246.941,-1525.957,1158.802,173.657,-1490.34,540.212,161.005,-1052.997,620.363,-270.584,-1499.435,519.712,155.14,-1570.972,977.258,217.376,-1528.41,103.19,104.308,-1099.729,48.902,-212.498,-1645.697,72.357,173.528,-1483.966,545.458,219.521,-1453.7,91.334,202.455,-1464.922,310.152,1.916,-1478.482,73.091,245.128,-1671.78,82.146,219.521,-1453.7,91.334,218.615,-1416.709,150.406,149.859,-1456.098,91.767,221.783,-1512.731,128.332,367.127,-1486.32,516.737,446.615,-1049.544,590.65,-71.929,-1398.661,470.905,308.252,-1550.331,958.315,348.294,-1810.57,251.637,558.858,-1576.524,-54.065,-35.991,-1661.46,101.105,371.884,-1470.633,528.141,357.177,-1781.13,182.05,383.439,-1601.495,309.593,145.319,-1725.305,147.047,296.745,-1898.775,360.188,357.177,-1781.13,182.05,369.82,-1711.689,176.049,287.522,-1768.759,178.448,354.694,-1774.587,252.541,230.29,-1504.8,1491.33,245.232,-1339.784,1462.483,396.896,-1516.421,1511.153,247.746,-1535.137,1326.829,-34.862,-1618.53,1169.31,-249.406,-1800.029,1271.955,152.044,-1851.213,1148.538,57.571,-1569.3,1449.559,-13.904,-1574.59,865.644,-236.953,-1750.115,824.851,165.236,-1797.606,845.735,-33.444,-1615.561,1148.775,-23.557,-1562.98,824.07,-80.008,-1508.208,852.469,-82.493,-1622.239,821.208,-5.307,-1584.926,902.673,512.432,-1587.45,1183.13,694.364,-1836.108,1273.835,743.715,-1384.581,1275.378,383.722,-1574.387,1477.103,511.8,-1472.09,931.022,699.425,-1648.975,849.614,706.519,-1301.293,1008.686,512.416,-1584.601,1176.908,518.104,-1442.53,888.991,592.515,-1396.537,932.501,455.92,-1376.82,925.88,506.206,-1498.318,968.311,219.324,-1363.3,1748.94,219.704,-1389.756,1758.102,247.299,-1363.308,1747.757,218.203,-1372.47,1722.508,148.038,-1432.273,1743.59,288.992,-1434.951,1742.357,140.756,-1568.576,1723.736,280.45,-1584.582,1715.477,136.759,-1533.531,1656.411,293.86,-1527.232,1653.949,219.307,-1388.268,1748.713,212.558,-1633.379,1573.452,213.973,-1660.807,1537.017,242.375,-1710.165,1269.368,230.912,-1497.927,1490.135,237.24,-1457.113,1297.103,327.555,-1713.227,1433.552,50.35,-1563.506,1517.359,-30.154,-1581.17,1409.637,-44.321,-1572.76,1164.395,-35.163,-1546.185,962.997,17.141,-1513.5,872.69,-75.334,-1605.718,863.881,-35.033,-1551.85,829.843,389.217,-1571.123,1535.198,485.009,-1593.693,1432.445,534.014,-1546.976,1190.783,533.438,-1471.493,1014.996,488.518,-1411.372,955.147,570.547,-1507.952,922.383,531.052,-1434.527,896.562,125.632,-1495.59,1051.861,361.154,-1495.511,1043.539,219.851,-1712.656,1110.723,278.534,-1714.708,1108.022,75.392,-1520.151,754.679,112.706,-1449.601,887.984,145.614,-1425.788,711.076,119.044,-1489.369,548.369,123.109,-1506.981,354.618,178.733,-1447.358,431.739,199.188,-1460.438,330.103,179.238,-1540.533,93.675,232.279,-1597.827,70.501,210.59,-1432.438,97.683,241.151,-1375.431,62.355,161.319,-1410.043,46.458,222.473,-1331.894,52.972,431.255,-1526.928,754.85,381.002,-1445.382,881.698,378.075,-1401.126,670.614,419.509,-1500.052,543.528,428.584,-1628.403,425.674,384.014,-1519.33,420.113,376.715,-1588.903,365.63,382.279,-1833.411,259.533,321.277,-1874.514,283.855,369.863,-1764.001,164.539,340.875,-1767.72,94.276,417.82,-1805.358,124.87,370.764,-1743.499,61.854,263.473,-1447.444,1401.817,263.81,-1451.066,1440.625,215.853,-1442.682,1402.42,210.674,-1742.328,1045.935,217.073,-1737.943,1083.765,258.977,-1742.964,1036.97,64.54,-1516.595,680.562,55.633,-1531.723,715.59,61.693,-1471.246,697.025,117.026,-1521.902,266.615,105.038,-1520.984,305.063,128.435,-1475.082,269.489,443.768,-1526.234,658.854,446.48,-1536.578,696.71,449.852,-1479.212,669.902,426.137,-1726.772,384.181,432.382,-1697.02,409.093,436.731,-1698.145,346.449,149.348,-1576.95,985.014,332.953,-1575.15,979.296,173.657,-1490.34,540.212,367.127,-1486.32,516.737,217.376,-1528.41,103.19,348.294,-1810.57,251.637,219.521,-1453.7,91.334,357.177,-1781.13,182.05,61.54,-1567.19,1461.59,383.055,-1574.32,1478.62,-34.862,-1618.53,1169.31,512.432,-1587.45,1183.13,-23.557,-1562.98,824.07,518.104,-1442.53,888.991,241.878,-1552,1076.07,221.435,-1515.132,84.092,26.275,4.373,-1.687,16.225,2.888,-13.834,8.82,-1.125,8.704,-34.704,6.739,1.106,24.064,-9.505,-10.283,59.913,-1.964,-17.065,-4.731,-1.511,12.537,-40.236,5.166,5.755,-6.1,7.222,-6.536,-6.1,-7.222,6.536,-1.618,23.907,44.105,28.315,-0,0,-8.544,15.973,83.237,8.616,-8.342,5.552,8.783,17.18,39.939,35.466,-0,0,2.618,12.426,85.599,8.616,8.342,-5.552,-92.412,4.484,-6.691,-33.441,7.066,-15.806,15.814,1.964,-0.306,15.814,-1.964,0.306,10.449,-5.958,5.125,10.449,5.958,-5.125,-19.133,2.294,-0.778,-19.133,-2.294,0.778,0,0,0,0,0,0,0.184,0.139,1.624,-0.085,-0.02,0.621,-0.141,-0.008,0.007,0.245,0.263,1.107,-0.116,0.029,0.26,-0.086,0.066,0.071,0,0,0,0,0,0,-35.339,5.277,-0.039,2.341,-8.348,-3.03,-3.464,-1.574,-2.663,-162.232,-50.857,15.465,112.124,-22.215,-12.987,-12.263,-3.06,-13.158,0,0,-0.091,0,0,0.005,0,0,0.002,0,0,0.467,0,0,0.07,0,0,0.031
30.27,240.624,-1560.05,985.412,237.476,-1383.189,935.843,57.002,-1561.882,990.535,245.062,-1510.415,1162.227,173.022,-1486.23,540.84,156.335,-1047.173,610.148,-271.09,-1499.823,520.026,154.595,-1556.21,979.721,217.296,-1528.07,103.509,101.833,-1100.464,45.887,-211.855,-1648.06,73.007,172.615,-1480.591,545.378,219.417,-1453.42,91.307,202.151,-1463.631,310.16,1.841,-1478.39,72.977,245.134,-1671.528,83.16,219.417,-1453.42,91.307,218.532,-1416.509,150.43,149.756,-1455.833,91.77,221.709,-1512.5,128.226,364.945,-1456.23,522.431,439.489,-1020.726,608.071,-75.193,-1372.498,479.74,307.702,-1532.911,962.202,348.188,-1770.74,245.668,559.104,-1524.979,-50.448,-36.04,-1617.594,99.095,369.442,-1441.018,534.459,357.305,-1737.29,177.952,380.062,-1564.879,315.727,145.053,-1682.243,144.125,296.836,-1865.625,348.537,357.305,-1737.29,177.952,368.905,-1667.432,176.143,287.496,-1725.789,174.447,354.143,-1734.933,248.679,230.008,-1488.93,1494.13,244.699,-1323.915,1465.154,396.68,-1500.367,1513.502,247.045,-1519.338,1329.599,-35.591,-1595.84,1171.78,-248.531,-1781.473,1270.289,152.821,-1826.595,1144.216,57.492,-1553.422,1452.926,-15.188,-1543.09,869.646,-237.116,-1718.834,823.976,165.393,-1764.261,843.227,-34.221,-1592.298,1151.497,-25.358,-1529.47,828.614,-81.065,-1475.727,860.263,-84.714,-1588.182,823.836,-6.209,-1555.117,905.871,512.369,-1575.24,1186.15,695.058,-1821.987,1280.48,743.018,-1370.335,1275.438,383.594,-1558.287,1479.896,513.472,-1465.53,931.535,701.647,-1644.163,855.381,707.657,-1293.019,1006.708,512.396,-1572.531,1179.866,519.967,-1437.22,888.603,593.717,-1389.418,931.281,457.066,-1370.787,922.891,507.723,-1490.579,969.525,219.283,-1346.39,1751.01,219.699,-1372.816,1760.257,247.256,-1346.379,1749.782,218.127,-1355.646,1724.61,148.092,-1415.458,1745.936,289.152,-1417.937,1744.538,140.871,-1551.795,1726.587,280.585,-1567.762,1718.162,136.682,-1517.024,1659.138,293.824,-1510.56,1656.434,219.286,-1371.358,1750.856,212.612,-1617.301,1576.422,213.983,-1644.783,1539.988,241.717,-1694.278,1272.157,230.619,-1482.056,1492.918,236.593,-1441.672,1299.966,327.169,-1697.077,1436.295,50.425,-1547.933,1520.723,-30.616,-1564.597,1413.39,-45.629,-1550.056,1168.198,-36.1,-1517.679,967.826,16.283,-1482.497,878.734,-76.829,-1573.677,866.816,-36.683,-1518.543,835.048,389.02,-1554.926,1538.103,484.834,-1578.231,1435.338,533.543,-1534.425,1193.082,534.198,-1462.773,1015.736,489.604,-1404.262,953.807,572.508,-1501.369,924.524,532.8,-1428.904,896.029,124.036,-1480.529,1054.618,360.272,-1479.06,1047.788,219.045,-1696.946,1113.6,277.778,-1698.882,1110.973,74.782,-1511.565,755.76,111.126,-1437.469,888.038,144.225,-1417.643,709.931,118.332,-1485.705,548.479,122.516,-1505.37,354.815,177.72,-1444.711,431.303,198.51,-1458.606,329.903,179.255,-1540.438,93.95,232.225,-1597.797,70.73,210.497,-1432.506,97.572,241.023,-1375.461,62.315,161.184,-1410.049,46.392,222.324,-1331.877,52.944,430.023,-1502.294,759.495,379.042,-1425.338,888.22,375.329,-1375.02,678.524,417.44,-1470.186,548.652,427.271,-1594.761,426.747,382.094,-1485.602,424.771,375.332,-1553.213,367.719,382.18,-1793.905,252.728,321.751,-1837.626,274.031,369.79,-1719.34,162.071,341.424,-1719.368,91.41,418.693,-1757.563,120.463,371.293,-1692.692,60.932,263.145,-1431.634,1404.506,263.579,-1435.214,1443.365,215.611,-1426.941,1405.092,210.747,-1726.933,1048.923,216.916,-1722.387,1086.75,259.077,-1727.089,1040.146,64.018,-1509.948,681.526,54.996,-1524.316,716.936,60.913,-1464.234,696.943,116.676,-1520.995,266.853,104.557,-1519.829,305.269,127.762,-1474.188,269.431,442.997,-1498.402,663.605,445.872,-1509.689,701.157,448.093,-1451.592,675.878,425.298,-1691.632,381.771,431.358,-1662.819,407.74,435.852,-1661.645,345.091,148.81,-1561.37,987.683,332.438,-1558.72,983.141,173.022,-1486.23,540.84,364.945,-1456.23,522.431,217.296,-1528.07,103.509,348.188,-1770.74,245.668,219.417,-1453.42,91.307,357.305,-1737.29,177.952,61.462,-1551.61,1464.92,382.88,-1558.19,1481.53,-35.591,-1595.84,1171.78,512.369,-1575.24,1186.15,-25.358,-1529.47,828.614,519.967,-1437.22,888.603,241.099,-1535.29,1078.64,221.361,-1515.152,84.151,24.711,4.042,-1.838,15.258,2.885,-13.602,8.963,-1.158,9.015,-34.357,6.797,1.122,25.518,-8.98,-9.905,59.396,-1.719,-17.576,-3.419,-1.529,12.711,-40.136,5.301,5.812,-5.859,6.687,-6.564,-5.859,-6.687,6.564,-0.251,24.013,43.307,28.514,0,0,-8.209,17.196,84.004,8.773,-8.282,5.52,8.095,17.371,40.333,34.852,0,0,2.362,12.015,85.953,8.773,8.282,-5.52,-92.139,4.537,-6.72,-36.955,6.12,-15.816,15.661,1.598,-0.572,15.661,-1.598,0.572,10.471,-5.814,5.037,10.471,5.814,-5.037,-19.321,2.366,-0.852,-19.321,-2.366,0.852,0,0,0,0,0,0,0.141,0.13,1.585,-0.078,-0.025,0.62,-0.143,-0.01,0.008,0.237,0.243,1.017,-0.13,0.024,0.255,-0.089,0.059,0.053,0,0,0,0,0,0,-32.915,-8.425,-0.095,1.083,-9.333,-3.11,-3.742,-1.672,-2.716,-142.018,-50.412,18.963,92.902,-25.32,-11.236,-10.186,-2.963,-11.299,0,0,-0.096,0,0,0.003,0,0,0.003,0,0,0.378,0,0,0.107,0,0,0.027
30.28,239.922,-1543.99,988.441,235.999,-1366.982,939.454,56.291,-1546.881,992.701,243.256,-1494.931,1165.441,172.402,-1482.23,541.466,151.312,-1041.757,599.704,-271.529,-1500.723,520.567,154.128,-1541.344,981.948,217.231,-1527.64,103.82,98.4,-1101.391,43.079,-210.925,-1651.271,73.87,171.837,-1477.382,545.309,219.386,-1453.05,91.239,201.929,-1462.14,310.126,1.818,-1478.046,72.849,245.042,-1671.205,84.226,219.386,-1453.05,91.239,218.553,-1416.244,150.428,149.727,-1455.503,91.784,221.756,-1512.194,128.051,362.697,-1426.82,528.082,431.846,-992.797,625.022,-78.553,-1347.633,488.294,307.271,-1515.749,965.774,348.084,-1730.21,238.74,558.806,-1471.795,-46.542,-36.38,-1573.06,97.109,366.844,-1412.258,540.606,357.14,-1692.69,173.175,376.544,-1528.393,321.01,144.33,-1638.734,141.143,297.468,-1831.688,335.483,357.14,-1692.69,173.175,367.603,-1622.673,175.648,287.177,-1682.117,169.822,353.457,-1694.637,243.89,229.727,-1473.08,1496.6,244.115,-1308.057,1467.512,396.47,-1484.288,1515.486,246.32,-1503.535,1332.032,-36.283,-1573.2,1174.2,-247.386,-1763.135,1268.364,153.876,-1801.596,1139.822,57.429,-1537.607,1456.083,-16.368,-1511.43,873.927,-236.96,-1687.436,823.085,165.889,-1730.338,840.977,-34.956,-1569.094,1154.2,-27.068,-1495.77,833.544,-82.052,-1443.312,868.444,-86.797,-1553.913,826.836,-7.011,-1525.108,909.242,512.379,-1563.23,1188.91,695.369,-1808.316,1286.913,742.726,-1356.724,1275.239,383.491,-1542.128,1482.338,515.11,-1458.9,932.06,703.531,-1639.282,860.794,709.041,-1285.041,1004.741,512.447,-1560.656,1182.574,521.814,-1431.77,888.337,595.038,-1382.438,930.171,458.376,-1364.665,920.242,509.19,-1482.845,970.662,219.343,-1329.6,1752.8,219.791,-1355.999,1762.122,247.314,-1329.577,1751.522,218.146,-1338.933,1726.428,148.209,-1398.747,1747.995,289.307,-1401.039,1746.4,141.046,-1535.097,1729.093,280.763,-1551.03,1720.497,136.65,-1500.575,1661.541,293.837,-1493.955,1658.578,219.36,-1354.565,1752.717,212.716,-1601.287,1579.053,214.047,-1628.809,1542.621,241.071,-1678.414,1274.604,230.326,-1466.205,1495.39,235.855,-1426.265,1302.496,326.906,-1680.9,1438.752,50.549,-1532.443,1523.856,-31.073,-1548.108,1416.989,-46.982,-1527.494,1171.985,-37.031,-1489.151,972.858,15.48,-1451.411,885.122,-78.195,-1541.479,869.986,-38.245,-1485.107,840.639,388.837,-1538.688,1540.674,484.759,-1562.736,1437.965,533.258,-1522.148,1195.128,535.016,-1454.131,1016.397,490.807,-1397.146,952.6,574.347,-1494.759,926.528,534.555,-1423.186,895.616,122.352,-1465.52,1057.388,359.054,-1462.6,1051.688,218.444,-1681.243,1116.118,277.339,-1683.021,1113.587,74.164,-1503.092,756.73,109.577,-1425.362,887.884,142.776,-1409.548,708.723,117.668,-1482.245,548.58,122.033,-1503.977,355.047,176.654,-1442.152,430.915,197.857,-1456.839,329.698,179.293,-1540.33,94.24,232.193,-1597.746,70.98,210.498,-1432.55,97.419,240.922,-1375.468,62.256,161.06,-1410.044,46.321,222.18,-1331.84,52.887,428.887,-1478.003,764.018,376.968,-1405.603,894.473,372.524,-1349.468,686.347,415.278,-1440.953,553.532,425.879,-1561.277,427.208,380.001,-1452.237,429.226,373.775,-1517.603,369.49,382.122,-1753.604,244.845,322.364,-1799.814,263.021,369.342,-1673.994,158.919,341.469,-1670.232,88.179,419.146,-1708.865,115.436,371.151,-1641.114,59.726,262.785,-1415.854,1406.848,263.331,-1419.387,1445.782,215.278,-1411.186,1407.496,211.29,-1711.547,1051.475,217.228,-1706.864,1089.302,259.645,-1711.11,1042.876,63.545,-1503.423,682.392,54.359,-1516.979,718.184,60.171,-1457.344,696.778,116.429,-1520.267,267.142,104.225,-1518.858,305.487,127.079,-1473.465,269.439,442.263,-1470.996,668.345,445.346,-1483.184,705.58,446.232,-1424.433,681.792,424.489,-1656.317,378.42,430.352,-1628.554,405.505,434.892,-1624.862,342.933,148.108,-1545.84,990.28,331.737,-1542.14,986.603,172.402,-1482.23,541.466,362.697,-1426.82,528.082,217.231,-1527.64,103.82,348.084,-1730.21,238.74,219.386,-1453.05,91.239,357.14,-1692.69,173.175,61.4,-1536.1,1468.02,382.72,-1542,1484.1,-36.283,-1573.2,1174.2,512.379,-1563.23,1188.91,-27.068,-1495.77,833.544,521.814,-1431.77,888.337,240.281,-1518.59,1080.97,221.345,-1515.148,84.2,23.086,3.791,-2.001,14.239,2.884,-13.446,9.048,-1.209,9.497,-33.951,6.852,1.068,26.88,-8.555,-9.533,58.62,-1.419,-18.047,-2.224,-1.558,12.993,-40.057,5.402,5.793,-5.596,6.223,-6.662,-5.596,-6.223,6.662,1.113,24.111,42.45,28.754,-0,-0,-7.856,18.437,84.797,8.92,-8.226,5.459,7.347,17.585,40.623,34.349,0,0,2.143,11.672,86.27,8.92,8.226,-5.459,-91.841,4.587,-6.704,-40.576,5.21,-15.602,15.47,1.329,-0.902,15.47,-1.329,0.902,10.485,-5.662,4.931,10.485,5.662,-4.931,-19.488,2.451,-0.917,-19.488,-2.451,0.917,0,0,0,0,0,0,0.091,0.11,1.527,-0.075,-0.031,0.616,-0.144,-0.012,0.009,0.217,0.22,0.942,-0.143,0.024,0.261,-0.098,0.054,0.039,0,0,0,0,0,0,-26.018,-24.798,0.127,-2.531,-11.305,-2.982,-3.873,-1.746,-2.568,-122.225,-49.802,25.309,76.433,-31.154,-8.413,-8.602,-2.972,-8.406,0,0,-0.084,0,0,-0.004,0,0,0.003,0,0,0.298,0,0,0.131,0,0,0.021
30.29,239.086,-1527.89,991.158,234.088,-1350.725,942.842,55.467,-1532.073,994.815,241.513,-1479.496,1168.355,171.853,-1478.27,542.079,146.239,-1036.7,589.127,-271.845,-1501.793,521.295,153.708,-1526.397,983.902,217.198,-1527.13,104.128,94.174,-1102.509,40.402,-209.706,-1655.194,74.95,171.188,-1474.258,545.248,219.439,-1452.62,91.134,201.795,-1460.474,310.054,1.861,-1477.496,72.706,244.878,-1670.836,85.356,219.439,-1452.62,91.134,218.676,-1415.937,150.4,149.784,-1455.152,91.805,221.945,-1511.837,127.819,360.405,-1398.13,533.594,423.648,-965.776,641.415,-81.973,-1324.146,496.402,306.952,-1498.884,968.963,347.908,-1688.96,231.006,557.506,-1417.059,-42.32,-37.284,-1528.153,95.593,364.165,-1384.363,546.481,356.662,-1647.43,167.867,372.942,-1492.076,325.428,143.188,-1594.836,138.067,298.445,-1796.844,321.203,356.662,-1647.43,167.867,365.949,-1577.538,174.703,286.555,-1637.802,164.674,352.582,-1653.777,238.301,229.451,-1457.24,1498.73,243.486,-1292.209,1469.516,396.269,-1468.174,1517.104,245.581,-1487.75,1334.126,-36.953,-1550.69,1176.52,-245.975,-1745.056,1266.179,155.178,-1776.296,1135.358,57.4,-1521.869,1458.962,-17.433,-1479.68,878.441,-236.477,-1655.947,822.106,166.717,-1695.911,838.989,-35.663,-1545.996,1156.818,-28.659,-1461.98,838.801,-82.98,-1411.088,876.911,-88.693,-1519.541,830.097,-7.724,-1494.993,912.727,512.468,-1551.39,1191.33,695.358,-1795.031,1293.054,742.803,-1343.669,1274.727,383.416,-1525.927,1484.339,516.698,-1452.17,932.506,705.103,-1634.292,865.767,710.619,-1277.288,1002.718,512.572,-1548.953,1184.964,523.628,-1426.12,888.095,596.489,-1375.575,929.107,459.855,-1358.361,917.882,510.595,-1475.103,971.619,219.473,-1312.9,1754.28,219.951,-1339.275,1763.668,247.441,-1312.867,1752.949,218.23,-1322.3,1727.934,148.369,-1382.129,1749.732,289.426,-1384.254,1747.915,141.259,-1518.478,1731.22,280.98,-1534.377,1722.459,136.668,-1484.176,1663.588,293.886,-1477.419,1660.357,219.502,-1337.872,1754.256,212.868,-1585.317,1581.31,214.166,-1612.871,1544.885,240.447,-1662.575,1276.683,230.035,-1450.372,1497.511,235.035,-1410.887,1304.65,326.771,-1664.697,1440.908,50.712,-1517.013,1526.698,-31.513,-1531.643,1420.363,-48.405,-1505.113,1175.688,-37.974,-1460.66,978.026,14.722,-1420.292,891.807,-79.411,-1509.206,873.335,-39.701,-1451.634,846.548,388.68,-1522.387,1542.844,484.785,-1547.21,1440.261,533.159,-1510.116,1196.86,535.901,-1445.539,1016.9,492.135,-1389.97,951.447,576.041,-1488.106,928.289,536.306,-1417.33,895.231,120.639,-1450.601,1060.035,357.488,-1446.112,1055.174,218.069,-1665.543,1118.236,277.225,-1667.108,1115.807,73.588,-1494.651,757.56,108.084,-1413.268,887.478,141.357,-1401.467,707.476,117.086,-1478.913,548.666,121.674,-1502.744,355.306,175.553,-1439.622,430.571,197.25,-1455.101,329.485,179.365,-1540.203,94.549,232.19,-1597.675,71.25,210.601,-1432.564,97.229,240.854,-1375.45,62.173,160.961,-1410.029,46.249,222.044,-1331.782,52.8,427.855,-1454.111,768.353,374.768,-1386.206,900.375,369.648,-1324.512,693.99,413.043,-1412.359,558.107,424.428,-1527.912,427.011,377.732,-1419.282,433.432,372.006,-1482.121,370.96,382.047,-1712.493,236.007,323.022,-1760.987,250.95,368.538,-1628.007,155.187,341.066,-1620.372,84.691,419.196,-1659.347,109.944,370.424,-1588.895,58.357,262.384,-1400.099,1408.815,263.052,-1403.578,1447.835,214.844,-1395.411,1409.595,212.282,-1696.144,1053.54,217.995,-1691.361,1091.372,260.654,-1695.041,1045.109,63.147,-1496.907,683.152,53.789,-1509.616,719.301,59.527,-1450.467,696.535,116.296,-1519.668,267.473,104.056,-1518.017,305.721,126.451,-1472.854,269.481,441.55,-1444.069,672.989,444.884,-1457.117,709.897,444.286,-1397.792,687.563,423.736,-1620.773,374.129,429.387,-1594.175,402.374,433.84,-1587.759,339.986,147.281,-1530.39,992.694,330.89,-1525.39,989.623,171.853,-1478.27,542.079,360.405,-1398.13,533.594,217.198,-1527.13,104.128,347.908,-1688.96,231.006,219.439,-1452.62,91.134,356.662,-1647.43,167.867,61.363,-1520.65,1470.82,382.568,-1525.76,1486.27,-36.953,-1550.69,1176.52,512.468,-1551.39,1191.33,-28.659,-1461.98,838.801,523.628,-1426.12,888.095,239.437,-1501.92,1083.03,221.395,-1515.12,84.24,21.421,3.613,-2.128,13.191,2.886,-13.381,9.084,-1.275,10.123,-33.491,6.895,0.942,28.161,-8.225,-9.16,57.606,-1.048,-18.434,-1.159,-1.587,13.281,-39.966,5.466,5.703,-5.309,5.817,-6.836,-5.309,-5.817,6.836,2.472,24.209,41.535,29.052,0,-0,-7.459,19.684,85.594,9.047,-8.171,5.378,6.557,17.821,40.817,33.953,0,-0,1.972,11.416,86.515,9.047,8.171,-5.378,-91.517,4.636,-6.647,-44.258,4.361,-15.212,15.252,1.141,-1.305,15.252,-1.141,1.305,10.5,-5.503,4.809,10.5,5.503,-4.809,-19.636,2.545,-0.979,-19.636,-2.545,0.979,0,0,0,0,0,0,0.042,0.083,1.455,-0.075,-0.036,0.608,-0.145,-0.012,0.01,0.186,0.191,0.882,-0.154,0.027,0.276,-0.113,0.05,0.028,0,0,0,0,0,0,-15.914,-39.799,0.335,-7.528,-13.277,-2.708,-3.94,-1.792,-2.284,-102.032,-47.452,32.505,63.776,-37.737,-5.094,-7.896,-3.078,-5.039,0,0,-0.057,0,0,-0.014,0,0,0.003,0,0,0.225,0,0,0.15,0,0,0.016
30.3,238.186,-1511.78,993.482,231.826,-1334.466,945.879,54.6,-1517.502,996.696,239.806,-1464.096,1170.881,171.415,-1474.32,542.67,141.497,-1031.967,578.482,-272.016,-1502.652,522.177,153.317,-1511.399,985.559,217.201,-1526.56,104.435,89.453,-1103.783,37.809,-208.256,-1659.563,76.232,170.666,-1471.162,545.19,219.575,-1452.13,90.997,201.747,-1458.642,309.946,1.97,-1476.758,72.546,244.657,-1670.419,86.547,219.575,-1452.13,90.997,218.913,-1415.584,150.348,149.926,-1454.769,91.845,222.267,-1511.427,127.539,358.092,-1370.2,538.876,414.907,-939.687,657.135,-85.404,-1302.063,503.897,306.729,-1482.318,971.711,347.59,-1647,222.604,554.882,-1360.903,-37.679,-38.94,-1483.167,94.85,361.475,-1357.387,551.997,355.874,-1601.54,162.17,369.306,-1455.943,329.043,141.694,-1550.485,134.865,299.555,-1760.978,305.813,355.874,-1601.54,162.17,364.001,-1532.075,173.415,285.64,-1592.83,159.125,351.505,-1612.34,232.043,229.18,-1441.42,1500.47,242.816,-1276.378,1471.13,396.077,-1452.037,1518.312,244.837,-1471.982,1335.83,-37.633,-1528.3,1178.67,-244.361,-1727.152,1263.69,156.637,-1750.729,1130.806,57.39,-1506.166,1461.491,-18.385,-1447.9,883.142,-235.71,-1624.337,820.983,167.814,-1661.088,837.266,-36.371,-1523.032,1159.286,-30.107,-1428.18,844.337,-83.86,-1379.105,885.513,-90.365,-1485.159,833.585,-8.362,-1464.761,916.324,512.631,-1539.69,1193.37,695.042,-1782.083,1298.863,743.229,-1331.12,1273.872,383.371,-1509.669,1485.856,518.23,-1445.3,932.792,706.373,-1629.168,870.235,712.372,-1269.703,1000.567,512.768,-1537.371,1186.981,525.399,-1420.25,887.793,598.065,-1368.797,928.015,461.495,-1351.821,915.708,511.929,-1467.32,972.341,219.645,-1296.29,1755.4,220.151,-1322.643,1764.847,247.611,-1296.249,1754.017,218.358,-1305.751,1729.078,148.552,-1365.585,1751.121,289.489,-1367.573,1749.065,141.496,-1501.929,1732.945,281.233,-1517.79,1724.033,136.745,-1467.817,1665.254,293.956,-1460.949,1661.751,219.684,-1321.259,1755.437,213.064,-1569.371,1583.169,214.338,-1596.951,1546.756,239.861,-1646.765,1278.377,229.748,-1434.551,1499.248,234.141,-1395.527,1306.398,326.756,-1648.47,1442.744,50.906,-1501.62,1529.194,-31.928,-1515.158,1423.448,-49.919,-1482.941,1179.246,-38.947,-1432.255,983.268,13.991,-1389.186,898.742,-80.473,-1476.93,876.809,-41.035,-1418.204,852.708,388.559,-1506.01,1544.558,484.91,-1531.661,1442.169,533.239,-1498.293,1198.234,536.865,-1436.972,1017.177,493.589,-1382.691,950.276,577.576,-1481.394,929.723,538.043,-1411.303,894.792,118.952,-1435.809,1062.409,355.61,-1429.572,1058.19,217.935,-1649.84,1119.924,277.425,-1651.132,1117.592,73.105,-1486.16,758.227,106.694,-1401.169,886.802,140.072,-1393.388,706.206,116.603,-1475.635,548.736,121.435,-1501.581,355.581,174.462,-1437.086,430.259,196.702,-1453.361,329.27,179.474,-1540.054,94.876,232.222,-1597.582,71.536,210.801,-1432.545,97.005,240.82,-1375.411,62.065,160.893,-1410.003,46.177,221.92,-1331.704,52.682,426.923,-1430.655,772.434,372.438,-1367.15,905.855,366.697,-1300.182,701.35,410.758,-1384.411,562.324,422.936,-1494.637,426.124,375.291,-1386.779,437.358,370.003,-1446.799,372.139,381.896,-1670.552,226.344,323.626,-1721.05,237.955,367.418,-1581.405,150.987,340.268,-1569.829,81.052,418.869,-1609.089,104.136,369.204,-1536.14,56.939,261.929,-1384.365,1410.384,262.734,-1387.779,1449.489,214.315,-1379.617,1411.359,213.67,-1680.703,1055.085,219.169,-1675.867,1092.926,262.048,-1678.898,1046.813,62.847,-1490.302,683.803,53.339,-1502.149,720.265,59.035,-1443.516,696.219,116.271,-1519.122,267.833,104.035,-1517.228,305.972,125.941,-1472.271,269.52,440.831,-1417.668,677.453,444.465,-1431.533,714.027,442.277,-1371.713,693.11,423.039,-1584.956,368.931,428.467,-1559.645,398.361,432.69,-1550.315,336.293,146.402,-1515.05,994.795,329.97,-1508.51,992.17,171.415,-1474.32,542.67,358.092,-1370.2,538.876,217.201,-1526.56,104.435,347.59,-1647,222.604,219.575,-1452.13,90.997,355.874,-1601.54,162.17,61.347,-1505.25,1473.27,382.427,-1509.45,1488,-37.633,-1528.3,1178.67,512.631,-1539.69,1193.37,-30.107,-1428.18,844.337,525.399,-1420.25,887.793,238.588,-1485.28,1084.76,221.511,-1515.063,84.271,19.736,3.479,-2.162,12.126,2.895,-13.415,9.084,-1.353,10.855,-32.985,6.941,0.749,29.37,-7.969,-8.791,56.365,-0.596,-18.705,-0.216,-1.608,13.485,-39.875,5.498,5.563,-5.012,5.441,-7.085,-5.012,-5.441,7.085,3.817,24.313,40.577,29.417,0,-0,-7.04,20.877,86.365,9.159,-8.109,5.277,5.726,18.072,40.92,33.659,-0,-0,1.839,11.241,86.679,9.159,8.109,-5.277,-91.168,4.684,-6.553,-47.983,3.589,-14.705,15.021,1.003,-1.785,15.021,-1.003,1.785,10.516,-5.342,4.671,10.516,5.342,-4.671,-19.77,2.635,-1.037,-19.77,-2.635,1.037,0,0,0,0,0,0,0.004,0.049,1.376,-0.076,-0.04,0.599,-0.145,-0.013,0.009,0.147,0.155,0.842,-0.162,0.031,0.301,-0.132,0.048,0.02,0,0,0,0,0,0,-5.643,-51.885,0.714,-12.235,-15.142,-2.158,-4.121,-1.81,-1.722,-80.734,-42.679,38.742,54.269,-43.288,-1.882,-7.636,-3.265,-1.779,0,0,-0.028,0,0,-0.023,0,0,0.002,0,0,0.158,0,0,0.165,0,0,0.012
30.31,237.275,-1495.68,995.352,229.291,-1318.247,948.442,53.748,-1503.18,998.222,238.132,-1448.69,1172.941,171.106,-1470.37,543.234,137.479,-1027.518,567.832,-272.056,-1502.907,523.183,152.942,-1496.393,986.908,217.237,-1525.96,104.749,84.699,-1105.125,35.245,-206.702,-1663.949,77.665,170.246,-1468.028,545.129,219.782,-1451.62,90.836,201.763,-1456.691,309.808,2.14,-1475.901,72.365,244.401,-1669.986,87.806,219.782,-1451.62,90.836,219.235,-1415.214,150.275,150.141,-1454.391,91.892,222.696,-1510.996,127.232,355.779,-1343.05,543.836,405.636,-914.524,672.034,-88.799,-1281.39,510.625,306.593,-1466.007,973.972,347.08,-1604.33,213.667,550.794,-1303.506,-32.451,-41.418,-1438.338,94.992,358.823,-1331.347,557.048,354.795,-1555.05,156.216,365.701,-1419.986,331.898,139.922,-1505.594,131.533,300.608,-1723.979,289.453,354.795,-1555.05,156.216,361.841,-1486.327,171.881,284.457,-1547.176,153.312,350.236,-1570.316,225.238,228.917,-1425.61,1501.8,242.111,-1260.557,1472.322,395.892,-1435.866,1519.112,244.109,-1456.234,1337.128,-38.351,-1506.06,1180.62,-242.615,-1709.381,1260.891,158.163,-1724.979,1126.177,57.386,-1490.506,1463.638,-19.232,-1416.13,887.994,-234.707,-1592.565,819.692,169.116,-1625.953,835.813,-37.105,-1500.205,1161.555,-31.392,-1394.45,850.103,-84.72,-1347.42,894.12,-91.772,-1450.854,837.216,-8.952,-1434.45,920.029,512.868,-1528.09,1195.01,694.471,-1769.393,1304.327,743.962,-1318.99,1272.664,383.357,-1493.342,1486.861,519.697,-1438.29,932.854,707.369,-1623.904,874.155,714.257,-1262.247,998.232,513.035,-1525.9,1188.586,527.118,-1414.14,887.357,599.767,-1362.09,926.834,463.294,-1344.996,913.646,513.186,-1459.477,972.773,219.831,-1279.73,1756.15,220.365,-1306.062,1765.655,247.794,-1279.679,1754.72,218.503,-1289.25,1729.852,148.744,-1349.094,1752.137,289.497,-1350.981,1749.838,141.746,-1485.442,1734.252,281.516,-1501.26,1725.203,136.881,-1451.49,1666.521,294.037,-1444.54,1662.746,219.882,-1304.705,1756.237,213.302,-1553.43,1584.612,214.558,-1581.036,1548.214,239.333,-1630.984,1279.675,229.466,-1418.739,1500.575,233.173,-1380.166,1307.724,326.85,-1632.226,1444.236,51.119,-1486.246,1531.294,-32.318,-1498.623,1426.188,-51.535,-1460.994,1182.6,-39.961,-1403.982,988.526,13.268,-1358.141,905.88,-81.388,-1444.71,880.365,-42.233,-1384.894,859.051,388.487,-1489.55,1545.775,485.125,-1516.105,1443.637,533.489,-1486.634,1199.217,537.918,-1428.404,1017.177,495.166,-1375.272,949.022,578.945,-1474.606,930.77,539.759,-1405.077,894.226,117.322,-1421.159,1064.366,353.488,-1412.951,1060.685,218.044,-1634.132,1121.16,277.912,-1635.084,1118.918,72.757,-1477.546,758.713,105.465,-1389.046,885.857,139.019,-1385.32,704.911,116.218,-1472.341,548.791,121.293,-1500.389,355.86,173.44,-1434.529,429.962,196.217,-1451.593,329.063,179.615,-1539.878,95.216,232.295,-1597.466,71.832,211.079,-1432.492,96.756,240.818,-1375.354,61.935,160.857,-1409.966,46.108,221.802,-1331.609,52.537,426.077,-1407.653,776.2,369.988,-1348.414,910.842,363.667,-1276.503,708.32,408.449,-1357.121,566.133,421.407,-1461.436,424.545,372.687,-1354.77,440.975,367.762,-1411.656,373.025,381.617,-1627.756,215.996,324.084,-1679.92,224.185,366.027,-1534.204,146.446,339.119,-1518.637,77.377,418.193,-1558.154,98.163,367.575,-1482.93,55.59,261.414,-1368.641,1411.538,262.372,-1371.982,1450.717,213.714,-1363.813,1412.758,215.376,-1665.204,1056.095,220.676,-1660.367,1093.951,263.751,-1662.701,1047.977,62.657,-1483.539,684.352,53.04,-1494.525,721.069,58.736,-1436.428,695.832,116.329,-1518.546,268.206,104.127,-1516.406,306.24,125.593,-1471.63,269.529,440.076,-1391.83,681.649,444.054,-1406.469,717.883,440.226,-1346.235,698.351,422.377,-1548.835,362.884,427.573,-1524.946,393.508,431.434,-1512.531,331.929,145.524,-1499.84,996.49,329.025,-1491.53,994.213,171.106,-1470.37,543.234,355.779,-1343.05,543.836,217.237,-1525.96,104.749,347.08,-1604.33,213.667,219.782,-1451.62,90.836,354.795,-1555.05,156.216,61.342,-1489.86,1475.33,382.306,-1493.06,1489.23,-38.351,-1506.06,1180.62,512.868,-1528.09,1195.01,-31.392,-1394.45,850.103,527.118,-1414.14,887.357,237.752,-1468.68,1086.14,221.687,-1514.979,84.294,18.058,3.369,-2.052,11.061,2.917,-13.535,9.061,-1.435,11.623,-32.445,6.985,0.505,30.521,-7.774,-8.421,54.902,-0.06,-18.86,0.605,-1.614,13.544,-39.794,5.494,5.4,-4.72,5.08,-7.403,-4.72,-5.08,7.403,5.145,24.43,39.588,29.854,0,0,-6.595,21.969,87.075,9.264,-8.042,5.163,4.86,18.332,40.946,33.461,-0,0,1.739,11.147,86.741,9.264,8.042,-5.163,-90.795,4.733,-6.432,-51.737,2.906,-14.137,14.797,0.895,-2.34,14.797,-0.895,2.34,10.535,-5.183,4.518,10.535,5.183,-4.518,-19.9,2.718,-1.095,-19.9,-2.718,1.095,0,0,0,0,0,0,-0.019,0.013,1.295,-0.077,-0.042,0.588,-0.145,-0.012,0.009,0.103,0.115,0.821,-0.169,0.034,0.335,-0.155,0.046,0.015,0,0,0,0,0,0,1.121,-59.873,1.419,-15.287,-16.653,-1.21,-4.642,-1.806,-0.751,-58.103,-35.104,42.757,47.776,-46.7,0.584,-7.836,-3.516,0.742,0,0,-0.009,0,0,-0.028,0,0,0.001,0,0,0.097,0,0,0.178,0,0,0.01
30.32,236.401,-1479.62,996.698,226.565,-1302.117,950.409,52.962,-1489.117,999.261,236.484,-1433.26,1174.455,170.923,-1466.42,543.768,134.516,-1023.31,557.227,-272.012,-1502.22,524.271,152.584,-1481.418,987.944,217.304,-1525.34,105.071,80.387,-1106.395,32.702,-205.195,-1667.896,79.153,169.896,-1464.83,545.06,220.031,-1451.1,90.666,201.811,-1454.672,309.651,2.35,-1475.005,72.165,244.151,-1669.537,89.11,220.031,-1451.1,90.666,219.619,-1414.827,150.188,150.399,-1454,91.951,223.176,-1510.552,126.919,353.485,-1316.72,548.379,395.936,-890.305,685.939,-92.101,-1262.058,516.444,306.521,-1449.901,975.711,346.348,-1560.91,204.313,545.332,-1245.059,-26.364,-44.646,-1393.73,95.947,356.231,-1306.239,561.543,353.457,-1508,150.107,362.216,-1384.165,333.992,137.95,-1460.068,128.093,301.444,-1685.744,272.284,353.457,-1508,150.107,359.544,-1440.345,170.197,283.035,-1500.85,147.366,348.811,-1527.737,217.98,228.667,-1409.8,1502.7,241.391,-1244.741,1473.05,395.718,-1419.66,1519.502,243.419,-1440.521,1338.006,-39.118,-1483.97,1182.32,-240.765,-1691.702,1257.772,159.705,-1699.077,1121.452,57.395,-1474.853,1465.355,-19.994,-1384.42,892.956,-233.51,-1560.629,818.219,170.571,-1590.588,834.617,-37.879,-1477.528,1163.575,-32.5,-1360.88,856.05,-85.572,-1316.066,902.614,-92.905,-1416.696,840.919,-9.528,-1404.118,923.844,513.176,-1516.56,1196.19,693.698,-1756.892,1309.37,744.954,-1307.203,1271.063,383.376,-1476.968,1487.294,521.1,-1431.08,932.642,708.133,-1618.422,877.502,716.235,-1254.82,995.678,513.369,-1514.472,1189.751,528.784,-1407.74,886.725,601.571,-1355.374,925.524,465.225,-1337.841,911.621,514.369,-1451.528,972.866,220.017,-1263.22,1756.49,220.581,-1289.532,1766.049,247.978,-1263.156,1755.015,218.653,-1272.795,1730.214,148.935,-1332.637,1752.764,289.468,-1334.46,1750.225,142.004,-1469.004,1735.132,281.808,-1484.776,1725.954,137.072,-1435.186,1667.375,294.121,-1428.183,1663.333,220.082,-1288.19,1756.637,213.578,-1537.48,1585.625,214.819,-1565.115,1549.246,238.886,-1615.228,1280.568,229.197,-1402.926,1501.469,232.137,-1364.785,1308.615,327.031,-1615.971,1445.355,51.341,-1470.869,1532.957,-32.691,-1482.025,1428.538,-53.258,-1439.277,1185.698,-41.025,-1375.876,993.747,12.533,-1327.202,913.175,-82.173,-1412.594,883.966,-43.289,-1351.771,865.516,388.473,-1473.009,1546.469,485.422,-1500.557,1444.626,533.894,-1475.092,1199.79,539.062,-1419.809,1016.866,496.852,-1367.685,947.629,580.154,-1467.72,931.394,541.449,-1398.632,893.476,115.762,-1406.641,1065.787,351.203,-1396.231,1062.611,218.392,-1618.416,1121.937,278.65,-1618.963,1119.775,72.562,-1468.758,759.013,104.451,-1376.879,884.658,138.271,-1377.27,703.578,115.914,-1468.973,548.834,121.217,-1499.082,356.132,172.542,-1431.944,429.662,195.788,-1449.775,328.875,179.783,-1539.674,95.562,232.413,-1597.32,72.133,211.399,-1432.406,96.497,240.844,-1375.281,61.789,160.843,-1409.916,46.044,221.686,-1331.502,52.371,425.294,-1385.103,779.59,367.438,-1329.96,915.268,360.566,-1253.491,714.783,406.141,-1330.516,569.479,419.841,-1428.317,422.298,369.94,-1323.3,444.265,365.301,-1376.702,373.614,381.172,-1584.083,205.12,324.317,-1637.536,209.807,364.41,-1486.416,141.701,337.648,-1466.828,73.794,417.191,-1506.594,92.178,365.604,-1429.325,54.443,260.841,-1352.916,1412.263,261.968,-1356.177,1451.496,213.065,-1348.009,1413.764,217.311,-1649.635,1056.577,222.427,-1644.85,1094.451,265.676,-1646.462,1048.607,62.574,-1476.58,684.801,52.886,-1486.713,721.724,58.65,-1429.169,695.376,116.441,-1517.867,268.58,104.29,-1515.478,306.521,125.405,-1470.861,269.491,439.253,-1366.594,685.488,443.61,-1381.96,721.379,438.158,-1321.388,703.193,421.711,-1512.401,356.074,426.669,-1490.076,387.881,430.069,-1474.43,326.996,144.7,-1484.77,997.682,328.103,-1474.47,995.715,170.923,-1466.42,543.768,353.485,-1316.72,548.379,217.304,-1525.34,105.071,346.348,-1560.91,204.313,220.031,-1451.1,90.666,353.457,-1508,150.107,61.353,-1474.48,1476.96,382.201,-1476.61,1489.93,-39.118,-1483.97,1182.32,513.176,-1516.56,1196.19,-32.5,-1360.88,856.05,528.784,-1407.74,886.725,236.947,-1452.12,1087.12,221.906,-1514.863,84.315,16.406,3.259,-1.759,10.002,2.958,-13.72,9.027,-1.513,12.347,-31.895,7.044,0.247,31.617,-7.628,-8.056,53.21,0.549,-18.919,1.292,-1.603,13.433,-39.695,5.459,5.253,-4.438,4.723,-7.785,-4.438,-4.723,7.785,6.458,24.569,38.568,30.365,-0,0,-6.115,22.915,87.719,9.349,-7.975,5.045,3.979,18.594,40.905,33.35,0,-0,1.675,11.132,86.711,9.349,7.975,-5.045,-90.408,4.784,-6.301,-55.496,2.327,-13.558,14.596,0.799,-2.964,14.596,-0.799,2.964,10.567,-5.032,4.356,10.567,5.032,-4.356,-20.022,2.792,-1.156,-20.022,-2.792,1.156,0,0,0,0,0,0,-0.022,-0.025,1.22,-0.075,-0.043,0.578,-0.144,-0.012,0.007,0.058,0.071,0.823,-0.176,0.035,0.375,-0.181,0.046,0.013,0,0,0,0,0,0,3.711,-63.319,2.327,-17.06,-17.329,0.078,-5.583,-1.788,0.576,-34.45,-25.861,43.951,43.605,-47.633,1.753,-8.888,-3.814,1.972,0,0,-0.005,0,0,-0.03,0,0,-0.001,0,0,0.042,0,0,0.191,0,0,0.01
30.33,235.601,-1463.6,997.488,223.733,-1286.087,951.717,52.283,-1475.278,999.73,234.858,-1417.78,1175.383,170.843,-1462.46,544.269,132.75,-1019.294,546.699,-271.94,-1500.417,525.397,152.248,-1466.495,988.669,217.39,-1524.72,105.402,76.678,-1107.545,30.142,-203.817,-1671.254,80.671,169.6,-1461.539,544.974,220.281,-1450.59,90.51,201.885,-1452.681,309.498,2.566,-1474.171,71.995,243.955,-1669.081,90.412,220.281,-1450.59,90.51,219.999,-1414.417,150.093,150.658,-1453.598,92.007,223.629,-1510.098,126.653,351.229,-1291.25,552.407,385.941,-867.025,698.637,-95.256,-1243.974,521.241,306.492,-1433.914,976.907,345.396,-1516.75,194.669,538.754,-1185.874,-19.111,-48.446,-1349.353,97.537,353.708,-1282.085,565.387,351.886,-1460.39,143.978,358.852,-1348.492,335.435,135.806,-1413.894,124.665,302.023,-1646.246,254.417,351.886,-1460.39,143.978,357.153,-1394.121,168.445,281.396,-1453.854,141.451,347.265,-1484.549,210.408,228.437,-1393.97,1503.15,240.674,-1228.906,1473.321,395.558,-1403.407,1519.489,242.799,-1424.8,1338.442,-39.965,-1462.03,1183.73,-238.93,-1674.01,1254.329,161.131,-1673.13,1116.62,57.401,-1459.207,1466.606,-20.686,-1352.83,898.001,-232.225,-1528.468,816.6,172.056,-1555.159,833.679,-38.723,-1454.997,1165.322,-33.417,-1327.52,862.134,-86.429,-1285.05,910.911,-93.751,-1382.711,844.616,-10.122,-1373.817,927.763,513.551,-1505.06,1196.93,692.77,-1744.511,1313.982,746.168,-1295.682,1269.09,383.447,-1460.55,1487.187,522.443,-1423.67,932.126,708.694,-1612.724,880.278,718.285,-1247.392,992.878,513.768,-1503.066,1190.467,530.397,-1401.07,885.858,603.465,-1348.636,924.031,467.277,-1330.357,909.547,515.482,-1443.448,972.617,220.197,-1246.73,1756.43,220.791,-1273.021,1766.044,248.156,-1246.651,1754.917,218.803,-1256.362,1730.176,149.124,-1316.201,1752.987,289.433,-1317.993,1750.218,142.267,-1452.606,1735.583,282.081,-1468.334,1726.276,137.307,-1418.896,1667.806,294.207,-1411.866,1663.503,220.278,-1271.703,1756.628,213.888,-1521.51,1586.199,215.108,-1549.177,1549.838,238.544,-1599.487,1281.051,228.946,-1387.102,1501.913,231.042,-1349.362,1309.065,327.275,-1599.711,1446.067,51.562,-1455.472,1534.155,-33.06,-1465.366,1430.46,-55.082,-1417.783,1188.493,-42.141,-1347.968,998.891,11.771,-1296.416,920.586,-82.847,-1380.622,887.583,-44.194,-1318.894,872.05,388.525,-1456.401,1546.627,485.787,-1485.032,1445.109,534.436,-1463.618,1199.943,540.295,-1411.16,1016.223,498.63,-1359.908,946.055,581.221,-1460.711,931.581,543.111,-1391.953,892.5,114.265,-1392.223,1066.591,348.837,-1379.405,1063.928,218.96,-1602.688,1122.25,279.59,-1602.773,1120.171,72.509,-1459.776,759.128,103.682,-1364.649,883.219,137.861,-1369.236,702.178,115.664,-1465.482,548.869,121.175,-1497.601,356.391,171.8,-1429.326,429.342,195.397,-1447.885,328.708,179.97,-1539.443,95.902,232.574,-1597.142,72.435,211.709,-1432.282,96.253,240.886,-1375.193,61.637,160.842,-1409.852,45.986,221.566,-1331.384,52.187,424.544,-1362.992,782.545,364.824,-1311.742,919.066,357.415,-1231.154,720.619,403.863,-1304.638,572.3,418.232,-1395.306,419.43,367.084,-1292.416,447.209,362.659,-1341.948,373.906,380.544,-1539.515,193.885,324.271,-1593.861,195.007,362.596,-1438.058,136.907,335.867,-1414.441,70.454,415.876,-1454.445,86.339,363.338,-1375.373,53.646,260.224,-1337.175,1412.541,261.533,-1340.354,1451.808,212.394,-1332.214,1414.347,219.381,-1633.986,1056.553,224.331,-1629.297,1094.447,267.734,-1630.189,1048.729,62.578,-1469.407,685.158,52.842,-1478.7,722.249,58.776,-1421.726,694.848,116.577,-1517.042,268.947,104.481,-1514.401,306.811,125.336,-1469.923,269.41,438.33,-1341.997,688.875,443.081,-1358.04,724.423,436.092,-1297.203,707.54,420.989,-1475.659,348.603,425.71,-1455.046,381.562,428.592,-1436.05,321.608,143.966,-1469.84,998.31,327.237,-1457.36,996.666,170.843,-1462.46,544.269,351.229,-1291.25,552.407,217.39,-1524.72,105.402,345.396,-1516.75,194.669,220.281,-1450.59,90.51,351.886,-1460.39,143.978,61.366,-1459.09,1478.13,382.138,-1460.1,1490.11,-39.965,-1462.03,1183.73,513.551,-1505.06,1196.93,-33.417,-1327.52,862.134,530.397,-1401.07,885.858,236.192,-1435.59,1087.68,222.142,-1514.712,84.344,14.796,3.123,-1.273,8.957,3.02,-13.969,9.009,-1.581,12.98,-31.384,7.105,0.019,32.652,-7.519,-7.705,51.277,1.21,-18.921,1.866,-1.577,13.181,-39.624,5.391,5.139,-4.184,4.362,-8.224,-4.184,-4.362,8.224,7.744,24.742,37.545,30.949,-0,-0,-5.589,23.693,88.266,9.433,-7.914,4.923,3.081,18.843,40.814,33.311,0,0,1.626,11.176,86.588,9.433,7.914,-4.923,-90.026,4.83,-6.184,-59.28,1.846,-12.988,14.429,0.699,-3.645,14.429,-0.699,3.645,10.601,-4.898,4.188,10.601,4.898,-4.188,-20.147,2.854,-1.218,-20.147,-2.854,1.218,0,0,0,0,0,0,-0.004,-0.061,1.156,-0.069,-0.042,0.568,-0.144,-0.011,0.006,0.016,0.028,0.846,-0.185,0.033,0.423,-0.21,0.045,0.011,0,0,0,0,0,0,0.944,-64.318,3.455,-17.912,-17.707,1.589,-6.774,-1.767,2.141,-10.204,-16.323,42.926,40.563,-46.756,1.791,-10.28,-4.141,2.076,0,0,-0.018,0,0,-0.029,0,0,-0.002,0,0,-0.005,0,0,0.201,0,0,0.01
30.34,234.884,-1447.62,997.706,220.863,-1270.167,952.311,51.724,-1461.604,999.615,233.273,-1402.214,1175.702,170.832,-1458.46,544.733,132.13,-1015.421,536.255,-271.885,-1497.482,526.515,151.943,-1451.607,989.086,217.489,-1524.12,105.738,73.613,-1108.573,27.51,-202.607,-1674.002,82.201,169.34,-1458.125,544.857,220.481,-1450.08,90.39,201.979,-1450.796,309.379,2.744,-1473.497,71.917,243.875,-1668.598,91.652,220.481,-1450.08,90.39,220.299,-1413.953,150.001,150.865,-1453.165,92.047,223.978,-1509.612,126.479,349.031,-1266.67,555.822,375.769,-844.655,709.911,-98.217,-1227.055,524.931,306.501,-1417.96,977.553,344.24,-1471.83,184.869,531.449,-1126.286,-10.376,-52.587,-1305.052,99.537,351.251,-1258.867,568.491,350.102,-1412.23,137.953,355.626,-1312.928,336.281,133.505,-1367.1,121.39,302.348,-1605.434,236.019,350.102,-1412.23,137.953,354.689,-1347.668,166.739,279.556,-1406.22,135.714,345.619,-1440.753,202.639,228.234,-1378.12,1503.14,239.985,-1213.057,1473.115,395.418,-1387.122,1519.08,242.271,-1409.081,1338.428,-40.886,-1440.23,1184.83,-237.109,-1656.292,1250.562,162.439,-1647.143,1111.667,57.413,-1443.543,1467.378,-21.312,-1321.38,903.098,-230.862,-1496.089,814.838,173.566,-1519.696,832.976,-39.629,-1432.607,1166.759,-34.139,-1294.46,868.316,-87.289,-1254.382,918.933,-94.306,-1348.983,848.308,-10.726,-1343.594,931.805,513.999,-1493.53,1197.24,691.815,-1732.094,1318.178,747.503,-1284.245,1266.757,383.559,-1444.093,1486.547,523.73,-1416.05,931.289,709.152,-1606.73,882.519,720.319,-1239.851,989.816,514.237,-1491.64,1190.74,531.963,-1394.12,884.722,605.423,-1341.827,922.333,469.425,-1322.553,907.364,516.531,-1435.219,972.005,220.377,-1230.26,1755.96,221,-1256.532,1765.625,248.334,-1230.166,1754.412,218.957,-1239.945,1729.727,149.312,-1299.776,1752.797,289.423,-1301.561,1749.81,142.536,-1436.234,1735.605,282.307,-1451.927,1726.159,137.574,-1402.611,1667.807,294.3,-1395.574,1663.251,220.475,-1255.232,1756.207,214.228,-1505.509,1586.328,215.415,-1533.211,1549.987,238.329,-1583.748,1281.119,228.723,-1371.252,1501.894,229.909,-1333.878,1309.064,327.557,-1583.451,1446.335,51.78,-1440.039,1534.87,-33.44,-1448.663,1431.925,-56.994,-1396.498,1190.947,-43.303,-1320.283,1003.921,10.981,-1265.832,928.07,-83.416,-1348.822,891.192,-44.944,-1286.315,878.606,388.646,-1439.743,1546.25,486.205,-1469.538,1445.071,535.092,-1452.164,1199.677,541.604,-1402.429,1015.239,500.473,-1351.922,944.267,582.167,-1453.549,931.333,544.745,-1385.024,891.266,112.818,-1377.852,1066.737,346.47,-1362.475,1064.612,219.725,-1586.943,1122.105,280.68,-1586.519,1120.12,72.56,-1450.606,759.067,103.159,-1352.345,881.549,137.768,-1361.197,700.678,115.441,-1461.832,548.896,121.145,-1495.92,356.631,171.213,-1426.655,428.983,195.029,-1445.904,328.553,180.172,-1539.19,96.229,232.773,-1596.931,72.739,211.954,-1432.116,96.058,240.928,-1375.087,61.489,160.844,-1409.778,45.933,221.436,-1331.256,51.991,423.799,-1341.301,785.006,362.191,-1293.716,922.173,354.241,-1209.49,725.707,401.644,-1279.541,574.525,416.577,-1362.442,416.005,364.164,-1262.165,449.788,359.889,-1307.415,373.911,379.726,-1494.044,182.479,323.916,-1548.894,179.988,360.594,-1389.16,132.235,333.778,-1361.525,67.532,414.246,-1401.735,80.819,360.796,-1321.12,53.371,259.588,-1321.404,1412.358,261.081,-1324.504,1451.641,211.718,-1316.429,1414.481,221.496,-1618.247,1056.062,226.3,-1613.688,1093.977,269.838,-1613.88,1048.38,62.634,-1462.019,685.424,52.859,-1470.481,722.66,59.088,-1414.102,694.237,116.717,-1516.054,269.303,104.67,-1513.156,307.103,125.323,-1468.805,269.295,437.279,-1318.086,691.716,442.418,-1334.75,726.925,434.041,-1273.712,711.285,420.159,-1438.623,340.589,424.661,-1419.872,374.646,426.998,-1397.432,315.888,143.333,-1455.01,998.361,326.435,-1440.23,997.051,170.832,-1458.46,544.733,349.031,-1266.67,555.822,217.489,-1524.12,105.738,344.24,-1471.83,184.869,220.481,-1450.08,90.39,350.102,-1412.23,137.953,61.386,-1443.68,1478.8,382.114,-1443.54,1489.75,-40.886,-1440.23,1184.83,513.999,-1493.53,1197.24,-34.139,-1294.46,868.316,531.963,-1394.12,884.722,235.502,-1419.11,1087.82,222.363,-1514.523,84.398,13.241,2.955,-0.616,7.933,3.099,-14.271,9.037,-1.636,13.487,-30.962,7.153,-0.127,33.623,-7.443,-7.362,49.089,1.9,-18.922,2.33,-1.542,12.842,-39.566,5.29,5.065,-3.966,4.007,-8.706,-3.966,-4.007,8.706,9.005,24.955,36.51,31.604,0,0,-5.053,24.266,88.714,9.499,-7.866,4.802,2.185,19.076,40.704,33.332,0,0,1.589,11.278,86.369,9.499,7.866,-4.802,-89.669,4.857,-6.111,-63.089,1.461,-12.429,14.307,0.596,-4.366,14.307,-0.596,4.366,10.646,-4.788,4.021,10.646,4.788,-4.021,-20.263,2.907,-1.277,-20.263,-2.907,1.277,0,0,0,0,0,0,0.033,-0.094,1.11,-0.06,-0.04,0.56,-0.143,-0.01,0.005,-0.02,-0.011,0.892,-0.197,0.027,0.477,-0.241,0.045,0.009,0,0,0,0,0,0,-8.481,-65.449,4.592,-17.43,-18.291,2.983,-7.898,-1.75,3.59,11.534,-6.377,40.737,38.591,-45.186,1.107,-11.917,-4.481,1.455,0,0,-0.05,0,0,-0.026,0,0,-0.002,0,0,-0.042,0,0,0.211,0,0,0.009
30.35,234.267,-1431.68,997.355,218.027,-1254.359,952.185,51.301,-1448.045,998.896,231.731,-1386.555,1175.411,170.852,-1454.39,545.152,132.46,-1011.661,525.913,-271.879,-1493.546,527.575,151.664,-1436.758,989.195,217.6,-1523.52,106.077,71.113,-1109.481,24.76,-201.551,-1676.203,83.74,169.096,-1454.536,544.697,220.592,-1449.57,90.332,202.104,-1449.112,309.323,2.854,-1473.083,71.999,243.984,-1668.078,92.764,220.592,-1449.57,90.332,220.452,-1413.406,149.921,150.979,-1452.689,92.062,224.156,-1509.077,126.455,346.909,-1243.04,558.531,365.634,-823.181,719.535,-100.946,-1211.158,527.475,306.532,-1401.963,977.659,342.898,-1426.15,175.061,523.804,-1066.648,0.134,-56.859,-1260.633,101.803,348.862,-1236.596,570.791,348.111,-1363.52,132.184,352.523,-1277.466,336.636,131.033,-1319.769,118.453,302.469,-1563.285,217.25,348.111,-1363.52,132.184,352.138,-1300.986,165.218,277.515,-1357.989,130.319,343.885,-1396.335,194.82,228.068,-1362.23,1502.66,239.353,-1197.17,1472.437,395.304,-1370.802,1518.289,241.867,-1393.332,1337.955,-41.886,-1418.55,1185.59,-235.388,-1638.455,1246.466,163.549,-1621.189,1106.591,57.413,-1427.843,1467.654,-21.87,-1290.12,908.221,-229.484,-1463.467,812.979,175.029,-1484.341,832.505,-40.607,-1410.341,1167.874,-34.667,-1261.74,874.553,-88.137,-1224.052,926.646,-94.58,-1315.535,851.976,-11.331,-1313.498,935.951,514.498,-1481.96,1197.09,690.795,-1719.675,1321.862,748.967,-1272.922,1264.055,383.729,-1427.631,1485.369,524.971,-1408.18,930.119,709.489,-1600.444,884.225,722.373,-1232.189,986.497,514.754,-1480.155,1190.569,533.488,-1386.88,883.298,607.412,-1334.885,920.408,471.634,-1314.437,905.013,517.528,-1426.804,971.029,220.569,-1213.8,1755.08,221.221,-1240.053,1764.794,248.524,-1213.691,1753.5,219.125,-1223.535,1728.867,149.509,-1283.359,1752.193,289.465,-1285.151,1748.995,142.811,-1419.877,1735.202,282.465,-1435.546,1725.603,137.86,-1386.319,1667.377,294.408,-1379.292,1662.573,220.683,-1238.772,1755.379,214.594,-1489.471,1586.006,215.73,-1517.21,1549.688,238.259,-1567.994,1280.771,228.538,-1355.364,1501.405,228.768,-1318.314,1308.605,327.849,-1567.195,1446.124,51.997,-1424.558,1535.095,-33.836,-1431.938,1432.912,-58.972,-1375.399,1193.029,-44.501,-1292.838,1008.81,10.17,-1235.501,935.586,-83.871,-1317.221,894.773,-45.537,-1254.078,885.143,388.829,-1423.061,1545.347,486.661,-1454.081,1444.512,535.837,-1440.687,1198.994,542.968,-1393.585,1013.91,502.355,-1343.711,942.237,583.02,-1446.204,930.665,546.351,-1377.834,889.755,111.409,-1363.473,1066.224,344.175,-1345.452,1064.658,220.654,-1571.17,1121.505,281.866,-1570.204,1119.636,72.664,-1441.267,758.838,102.847,-1339.961,879.647,137.928,-1353.121,699.041,115.223,-1457.99,548.914,121.115,-1494.036,356.85,170.749,-1423.894,428.571,194.676,-1443.814,328.388,180.389,-1538.916,96.541,233,-1596.688,73.049,212.085,-1431.901,95.94,240.953,-1374.961,61.356,160.848,-1409.694,45.88,221.297,-1331.113,51.78,423.032,-1320.02,786.917,359.595,-1275.849,924.537,351.086,-1188.494,729.933,399.512,-1255.286,576.084,414.879,-1329.77,412.096,361.232,-1232.593,451.983,357.047,-1273.143,373.66,378.716,-1447.669,171.104,323.246,-1502.661,164.974,358.394,-1339.769,127.874,331.366,-1308.146,65.233,412.282,-1348.491,75.81,357.975,-1266.628,53.818,258.963,-1305.593,1411.704,260.633,-1308.616,1450.988,211.058,-1300.649,1414.142,223.577,-1602.41,1055.151,228.256,-1597.995,1093.084,271.913,-1597.529,1047.601,62.693,-1454.422,685.594,52.887,-1462.061,722.961,59.54,-1406.303,693.525,116.854,-1514.907,269.645,104.839,-1511.743,307.394,125.305,-1467.519,269.156,436.075,-1294.916,693.922,441.576,-1312.14,728.802,432.011,-1250.954,714.325,419.176,-1401.308,332.156,423.5,-1384.567,367.242,425.282,-1358.623,309.962,142.819,-1440.26,997.825,325.715,-1423.09,996.885,170.852,-1454.39,545.152,346.909,-1243.04,558.531,217.6,-1523.52,106.077,342.898,-1426.15,175.061,220.592,-1449.57,90.332,348.111,-1363.52,132.184,61.407,-1428.22,1479,382.136,-1426.97,1488.88,-41.886,-1418.55,1185.59,514.498,-1481.96,1197.09,-34.667,-1261.74,874.553,533.488,-1386.88,883.298,234.889,-1402.65,1087.5,222.542,-1514.294,84.494,11.749,2.74,0.176,6.939,3.192,-14.62,9.142,-1.676,13.853,-30.685,7.171,-0.146,34.514,-7.39,-7.04,46.626,2.588,-18.967,2.699,-1.506,12.486,-39.524,5.16,5.031,-3.791,3.659,-9.223,-3.791,-3.659,9.223,10.232,25.215,35.483,32.322,-0,0,-4.528,24.643,89.052,9.556,-7.844,4.687,1.295,19.278,40.575,33.397,-0,0,1.56,11.42,86.095,9.556,7.844,-4.687,-89.362,4.853,-6.11,-66.934,1.164,-11.872,14.235,0.481,-5.111,14.235,-0.481,5.111,10.693,-4.706,3.86,10.693,4.706,-3.86,-20.374,2.956,-1.335,-20.374,-2.956,1.335,0,0,0,0,0,0,0.085,-0.123,1.084,-0.047,-0.037,0.553,-0.142,-0.01,0.004,-0.047,-0.044,0.958,-0.214,0.017,0.537,-0.273,0.044,0.007,0,0,0,0,0,0,-22.801,-67.261,5.104,-16.973,-18.582,3.754,-8.489,-1.742,4.396,29.317,2.916,38.017,36.602,-43.707,-0.04,-13.921,-4.818,0.37,0,0,-0.093,0,0,-0.023,0,0,0,0,0,-0.064,0,0,0.218,0,0,0.008
30.36,233.738,-1415.74,996.448,215.275,-1238.612,951.377,50.998,-1434.49,997.619,230.267,-1370.787,1174.532,170.868,-1450.18,545.511,133.447,-1007.956,515.669,-271.934,-1488.796,528.531,151.396,-1421.901,988.991,217.728,-1522.92,106.413,69.027,-1110.323,21.85,-200.6,-1678.016,85.293,168.855,-1450.751,544.479,220.595,-1449.03,90.345,202.271,-1447.649,309.346,2.88,-1472.957,72.279,244.325,-1667.489,93.708,220.595,-1449.03,90.345,220.411,-1412.726,149.849,150.981,-1452.153,92.036,224.142,-1508.452,126.61,344.883,-1220.37,560.453,355.738,-802.551,727.379,-103.413,-1196.108,528.877,306.571,-1385.88,977.218,341.384,-1379.72,165.417,516.091,-1007.277,12.669,-61.132,-1215.953,104.347,346.557,-1215.298,572.242,345.905,-1314.3,126.848,349.515,-1242.144,336.624,128.365,-1272.045,116.057,302.444,-1519.808,198.284,345.905,-1314.3,126.848,349.478,-1254.133,164.065,275.263,-1309.24,125.45,342.059,-1351.344,187.105,227.947,-1346.29,1501.71,238.796,-1181.238,1471.286,395.223,-1354.443,1517.128,241.604,-1377.544,1337.022,-42.964,-1396.98,1186.01,-233.836,-1620.429,1242.094,164.395,-1595.346,1101.392,57.422,-1412.094,1467.437,-22.342,-1259.11,913.344,-228.139,-1430.605,811.066,176.4,-1449.235,832.241,-41.652,-1388.206,1168.658,-35.004,-1229.4,880.802,-88.956,-1194.08,934.045,-94.577,-1282.396,855.591,-11.91,-1283.594,940.155,515.05,-1470.3,1196.52,689.853,-1707.099,1325.08,750.443,-1261.522,1261.012,383.934,-1411.179,1483.697,526.167,-1400.08,928.617,709.814,-1593.806,885.459,724.346,-1224.308,982.913,515.322,-1468.586,1189.975,534.983,-1379.35,881.575,609.416,-1327.772,918.247,473.889,-1306.016,902.435,518.469,-1418.174,969.697,220.786,-1197.35,1753.81,221.462,-1223.586,1763.567,248.739,-1197.228,1752.2,219.319,-1207.129,1727.614,149.725,-1266.944,1751.178,289.583,-1268.75,1747.771,143.097,-1403.52,1734.38,282.557,-1419.181,1724.605,138.156,-1370.007,1666.515,294.539,-1363.005,1661.466,220.914,-1222.318,1754.153,214.98,-1473.39,1585.234,216.045,-1501.162,1548.945,238.347,-1552.203,1280.005,228.399,-1339.423,1500.444,227.653,-1302.655,1307.683,328.129,-1550.944,1445.402,52.219,-1409.019,1534.834,-34.243,-1415.22,1433.404,-60.994,-1354.463,1194.719,-45.717,-1265.651,1013.535,9.353,-1205.475,943.093,-84.19,-1285.846,898.305,-45.972,-1222.221,891.626,389.065,-1406.38,1543.938,487.137,-1438.657,1443.446,536.641,-1429.143,1197.902,544.359,-1384.6,1012.24,504.242,-1335.262,939.948,583.805,-1438.645,929.597,547.934,-1370.375,887.956,110.031,-1349.03,1065.083,342.014,-1328.343,1064.08,221.708,-1555.353,1120.458,283.098,-1553.826,1118.733,72.769,-1431.783,758.442,102.688,-1327.501,877.502,138.249,-1344.969,697.236,114.995,-1453.92,548.913,121.086,-1491.954,357.044,170.358,-1420.989,428.087,194.339,-1441.591,328.186,180.624,-1538.621,96.842,233.249,-1596.42,73.371,212.082,-1431.634,95.915,240.945,-1374.81,61.243,160.857,-1409.606,45.819,221.154,-1330.951,51.548,422.221,-1299.156,788.225,357.094,-1258.117,926.118,348.003,-1168.155,733.195,397.493,-1231.929,576.91,413.143,-1297.335,407.785,358.339,-1203.744,453.781,354.188,-1239.196,373.204,377.51,-1400.403,159.981,322.274,-1455.215,150.207,355.971,-1289.957,124.035,328.599,-1254.398,63.784,409.95,-1294.751,71.526,354.84,-1211.982,55.206,258.38,-1289.731,1410.574,260.209,-1292.679,1449.847,210.432,-1284.861,1413.316,225.561,-1586.463,1053.867,230.138,-1582.187,1091.82,273.892,-1581.124,1046.438,62.711,-1446.62,685.655,52.888,-1453.443,723.142,60.069,-1398.341,692.687,116.992,-1513.608,269.974,104.985,-1510.162,307.681,125.251,-1466.078,268.994,434.705,-1272.552,695.409,440.525,-1290.268,729.983,430.002,-1228.978,716.558,418.012,-1363.727,323.443,422.224,-1349.14,359.468,423.443,-1319.663,303.959,142.408,-1425.51,996.733,325.067,-1405.97,996.163,170.868,-1450.18,545.511,344.883,-1220.37,560.453,217.728,-1522.92,106.413,341.384,-1379.72,165.417,220.595,-1449.03,90.345,345.905,-1314.3,126.848,61.441,-1412.7,1478.7,382.197,-1410.4,1487.5,-42.964,-1396.98,1186.01,515.05,-1470.3,1196.52,-35.004,-1229.4,880.802,534.983,-1379.35,881.575,234.364,-1386.21,1086.76,222.665,-1514.027,84.643,10.316,2.488,1.045,5.982,3.294,-15.003,9.34,-1.701,14.082,-30.587,7.139,-0.021,35.31,-7.361,-6.739,43.875,3.244,-19.081,2.983,-1.473,12.17,-39.477,4.996,5.033,-3.651,3.337,-9.758,-3.651,-3.337,9.758,11.426,25.528,34.475,33.101,0,-0,-4.03,24.857,89.261,9.595,-7.85,4.578,0.426,19.451,40.459,33.493,0,0,1.518,11.6,85.756,9.595,7.85,-4.578,-89.118,4.811,-6.199,-70.832,0.951,-11.297,14.203,0.365,-5.858,14.203,-0.365,5.858,10.745,-4.658,3.711,10.745,4.658,-3.711,-20.472,3.002,-1.386,-20.472,-3.002,1.386,0,0,0,0,0,0,0.145,-0.147,1.08,-0.031,-0.035,0.55,-0.142,-0.01,0.003,-0.064,-0.066,1.041,-0.237,0.006,0.601,-0.305,0.042,0.003,0,0,0,0,0,0,-41.177,-70.621,4.597,-18.061,-18.393,3.601,-8.238,-1.747,4.24,44.859,11.134,34.782,33.143,-42.342,-1.361,-15.925,-5.131,-0.902,0,0,-0.141,0,0,-0.024,0,0,0.002,0,0,-0.076,0,0,0.214,0,0,0.006
30.37,233.298,-1399.78,995.019,212.66,-1222.895,949.936,50.811,-1420.866,995.825,228.899,-1354.905,1173.102,170.859,-1445.77,545.784,134.718,-1004.265,505.532,-272.038,-1483.524,529.344,151.125,-1407.027,988.461,217.881,-1522.29,106.746,67.043,-1111.202,18.693,-199.636,-1679.727,86.954,168.628,-1446.664,544.186,220.499,-1448.44,90.423,202.51,-1446.37,309.445,2.829,-1473.085,72.778,244.894,-1666.814,94.49,220.499,-1448.44,90.423,220.193,-1411.908,149.786,150.882,-1451.554,91.98,223.967,-1507.723,126.922,342.971,-1198.69,561.522,346.322,-782.716,733.306,-105.606,-1181.722,529.184,306.606,-1369.667,976.25,339.705,-1332.56,156.14,508.597,-948.527,27.446,-65.292,-1170.835,107.241,344.341,-1194.968,572.811,343.461,-1264.6,122.161,346.55,-1207.007,336.401,125.459,-1224.097,114.416,302.34,-1475,179.314,343.461,-1264.6,122.161,346.664,-1207.142,163.467,272.775,-1260.055,121.319,340.127,-1305.78,179.702,227.876,-1330.28,1500.29,238.331,-1165.237,1469.679,395.18,-1338.038,1515.606,241.494,-1361.683,1335.627,-44.096,-1375.51,1186.06,-232.434,-1602.224,1237.409,165.019,-1569.614,1096.053,57.425,-1396.28,1466.718,-22.712,-1228.38,918.439,-226.8,-1397.558,809.12,177.714,-1414.42,832.172,-42.741,-1366.19,1169.1,-35.162,-1197.48,887.028,-89.721,-1164.464,941.124,-94.317,-1249.623,859.19,-12.422,-1253.909,944.403,515.625,-1458.54,1195.52,688.922,-1694.411,1327.771,751.941,-1250.086,1257.639,384.172,-1394.751,1481.541,527.322,-1391.71,926.783,710.092,-1586.822,886.223,726.278,-1216.21,979.082,515.91,-1456.903,1188.963,536.457,-1371.53,879.543,611.4,-1320.442,915.863,476.154,-1297.32,899.59,519.352,-1409.324,967.999,221.043,-1180.9,1752.17,221.743,-1207.123,1761.961,248.994,-1180.767,1750.527,219.55,-1190.715,1725.989,149.972,-1250.529,1749.766,289.793,-1252.343,1746.144,143.397,-1387.152,1733.147,282.617,-1402.815,1723.171,138.457,-1353.666,1665.223,294.701,-1346.698,1659.932,221.183,-1205.866,1752.544,215.378,-1457.261,1584.017,216.355,-1485.06,1547.764,238.597,-1536.354,1278.822,228.311,-1323.414,1499.017,226.598,-1286.887,1306.292,328.376,-1534.694,1444.148,52.454,-1393.413,1534.099,-34.639,-1398.536,1433.393,-63.031,-1333.664,1196.006,-46.929,-1238.734,1018.075,8.549,-1175.806,950.549,-84.353,-1254.723,901.773,-46.253,-1190.774,898.025,389.336,-1389.724,1542.049,487.62,-1423.261,1441.893,537.477,-1417.496,1196.411,545.75,-1375.442,1010.233,506.104,-1326.565,937.387,584.537,-1430.843,928.153,549.497,-1362.638,885.863,108.686,-1334.476,1063.369,340.041,-1311.156,1062.91,222.85,-1539.47,1118.973,284.335,-1537.375,1117.414,72.828,-1422.169,757.871,102.607,-1314.973,875.097,138.626,-1336.707,695.238,114.756,-1449.576,548.875,121.07,-1489.665,357.206,169.995,-1417.875,427.518,194.028,-1439.207,327.917,180.885,-1538.301,97.143,233.517,-1596.134,73.715,211.96,-1431.317,95.978,240.9,-1374.635,61.146,160.881,-1409.517,45.743,221.017,-1330.764,51.283,421.354,-1278.742,788.881,354.751,-1240.51,926.891,345.054,-1148.462,735.408,395.61,-1209.516,576.95,411.376,-1265.177,403.163,355.519,-1175.655,455.178,351.357,-1205.654,372.618,376.097,-1352.277,149.346,321.034,-1406.639,135.948,353.285,-1239.823,120.95,325.432,-1200.413,63.436,407.205,-1240.575,68.206,351.329,-1157.308,57.771,257.863,-1273.81,1408.97,259.83,-1276.679,1448.224,209.858,-1269.043,1411.995,227.4,-1570.395,1052.261,231.902,-1566.235,1090.231,275.726,-1564.653,1044.928,62.657,-1438.618,685.584,52.839,-1444.635,723.176,60.6,-1390.22,691.694,117.143,-1512.15,270.289,105.118,-1508.4,307.964,125.157,-1464.489,268.799,433.169,-1251.071,696.115,439.257,-1269.204,730.411,428.016,-1207.841,717.9,416.665,-1325.892,314.609,420.852,-1313.596,351.467,421.486,-1280.597,298.025,142.1,-1410.72,995.121,324.495,-1388.84,994.917,170.859,-1445.77,545.784,342.971,-1198.69,561.522,217.881,-1522.29,106.746,339.705,-1332.56,156.14,220.499,-1448.44,90.423,343.461,-1264.6,122.161,61.484,-1397.11,1477.94,382.288,-1393.83,1485.64,-44.096,-1375.51,1186.06,515.625,-1458.54,1195.52,-35.162,-1197.48,887.028,536.457,-1371.53,879.543,233.935,-1369.76,1085.59,222.738,-1513.726,84.846,8.946,2.203,1.928,5.08,3.396,-15.42,9.642,-1.716,14.221,-30.649,7.054,0.232,35.994,-7.349,-6.473,40.826,3.838,-19.286,3.205,-1.452,11.955,-39.442,4.797,5.062,-3.548,3.049,-10.298,-3.548,-3.049,10.298,12.579,25.892,33.485,33.931,-0,0,-3.603,24.926,89.352,9.617,-7.898,4.48,-0.423,19.586,40.35,33.609,0,0,1.463,11.816,85.399,9.617,7.898,-4.48,-88.933,4.724,-6.373,-74.803,0.812,-10.681,14.206,0.251,-6.591,14.206,-0.251,6.591,10.797,-4.644,3.575,10.797,4.644,-3.575,-20.551,3.056,-1.435,-20.551,-3.056,1.435,0,0,0,0,0,0,0.206,-0.167,1.099,-0.013,-0.033,0.549,-0.142,-0.01,0.002,-0.07,-0.076,1.14,-0.268,-0.007,0.668,-0.334,0.04,-0.004,0,0,0,0,0,0,-62.049,-76.212,3.19,-20.251,-17.936,2.591,-7.171,-1.761,3.187,59.431,17.985,31.163,26.772,-41.4,-2.648,-17.596,-5.397,-2.152,0,0,-0.189,0,0,-0.026,0,0,0.004,0,0,-0.078,0,0,0.188,0,0,0.005
30.38,232.942,-1383.75,993.105,210.224,-1207.142,947.935,50.726,-1407.072,993.566,227.65,-1338.888,1171.167,170.815,-1441.05,545.939,135.973,-1000.481,495.556,-272.174,-1477.91,529.967,150.82,-1392.124,987.595,218.07,-1521.62,107.077,65.17,-1112.129,15.223,-198.649,-1681.332,88.74,168.413,-1442.199,543.798,220.345,-1447.81,90.545,202.842,-1445.208,309.601,2.74,-1473.405,73.462,245.655,-1666.069,95.16,220.345,-1447.81,90.545,219.852,-1410.966,149.713,150.723,-1450.917,91.899,223.698,-1506.899,127.367,341.191,-1177.98,561.696,337.703,-763.608,737.304,-107.526,-1167.686,528.493,306.605,-1353.321,974.751,337.855,-1284.73,147.468,501.338,-890.687,44.65,-69.358,-1125.361,110.762,342.236,-1175.644,572.497,340.75,-1214.5,118.359,343.599,-1172.114,336.122,122.275,-1176.12,113.747,302.199,-1428.873,160.59,340.75,-1214.5,118.359,343.615,-1160.11,163.651,270.021,-1210.588,118.136,338.077,-1259.714,172.824,227.855,-1314.19,1498.42,237.957,-1149.158,1467.631,395.176,-1321.574,1513.742,241.538,-1345.741,1333.791,-45.269,-1354.13,1185.76,-231.218,-1583.801,1232.463,165.399,-1544.046,1090.589,57.438,-1380.396,1465.524,-22.968,-1197.97,923.487,-225.496,-1364.35,807.196,178.947,-1379.997,832.27,-43.862,-1344.283,1169.21,-35.155,-1166.02,893.196,-90.417,-1135.24,947.894,-93.819,-1217.257,862.759,-12.844,-1224.505,948.648,516.222,-1446.62,1194.11,688.123,-1681.479,1329.935,753.369,-1238.441,1253.943,384.433,-1378.356,1478.941,528.428,-1383.07,924.627,710.402,-1579.426,886.565,728.084,-1207.802,975.001,516.519,-1445.073,1187.558,537.912,-1363.4,877.202,613.352,-1312.856,913.253,478.42,-1288.327,896.44,520.163,-1400.207,965.947,221.35,-1164.44,1750.18,222.071,-1190.653,1759.995,249.299,-1164.3,1748.502,219.828,-1174.281,1724.01,150.268,-1234.11,1747.974,290.107,-1235.921,1744.126,143.719,-1370.762,1731.511,282.702,-1386.433,1721.307,138.756,-1337.288,1663.51,294.899,-1330.358,1657.974,221.499,-1189.407,1750.571,215.783,-1441.079,1582.364,216.657,-1468.893,1546.154,239.009,-1520.425,1277.227,228.275,-1307.322,1497.138,225.629,-1270.995,1304.431,328.575,-1518.436,1442.352,52.706,-1377.734,1532.904,-34.997,-1381.909,1432.876,-65.055,-1312.979,1196.892,-48.11,-1212.1,1022.416,7.778,-1146.544,957.915,-84.352,-1223.881,905.168,-46.389,-1159.763,904.315,389.628,-1373.111,1539.714,488.102,-1407.886,1439.881,538.318,-1405.711,1194.534,547.111,-1366.079,1007.895,507.913,-1317.611,934.542,585.225,-1422.774,926.357,551.039,-1354.613,883.475,107.383,-1319.773,1061.146,338.297,-1293.89,1061.193,224.044,-1523.499,1117.056,285.539,-1520.835,1115.675,72.805,-1412.428,757.112,102.527,-1302.383,872.422,138.957,-1328.302,693.036,114.515,-1444.894,548.773,121.089,-1487.14,357.326,169.639,-1414.483,426.847,193.763,-1436.627,327.554,181.177,-1537.949,97.462,233.807,-1595.837,74.089,211.765,-1430.958,96.103,240.822,-1374.435,61.054,160.931,-1409.432,45.647,220.899,-1330.548,50.971,420.429,-1258.838,788.839,352.625,-1223.018,926.844,342.31,-1129.41,736.505,393.88,-1188.071,576.173,409.582,-1233.336,398.339,352.795,-1148.351,456.188,348.584,-1172.608,371.998,374.465,-1303.352,139.456,319.568,-1357.048,122.466,350.293,-1189.5,118.862,321.808,-1146.371,64.446,403.995,-1186.063,66.11,347.358,-1102.778,61.76,257.43,-1257.817,1406.902,259.515,-1260.602,1446.132,209.35,-1253.17,1410.183,229.063,-1554.2,1050.371,233.521,-1550.111,1088.358,277.378,-1548.104,1043.099,62.522,-1430.417,685.349,52.735,-1435.644,723.028,61.055,-1381.938,690.519,117.321,-1510.511,270.588,105.254,-1506.426,308.238,125.046,-1462.74,268.558,431.491,-1230.551,695.993,437.79,-1249.017,730.053,426.059,-1187.604,718.287,415.158,-1287.824,305.837,419.411,-1277.946,343.403,419.419,-1241.477,292.324,141.886,-1395.81,993.035,323.998,-1371.7,993.175,170.815,-1441.05,545.939,341.191,-1177.98,561.696,218.07,-1521.62,107.077,337.855,-1284.73,147.468,220.345,-1447.81,90.545,340.75,-1214.5,118.359,61.545,-1381.45,1476.71,382.406,-1377.31,1483.33,-45.269,-1354.13,1185.76,516.222,-1446.62,1194.11,-35.155,-1166.02,893.196,537.912,-1363.4,877.202,233.609,-1353.28,1084.02,222.786,-1513.397,85.096,7.638,1.898,2.772,4.256,3.49,-15.834,10.035,-1.724,14.289,-30.844,6.923,0.575,36.556,-7.353,-6.264,37.479,4.343,-19.546,3.372,-1.442,11.864,-39.402,4.59,5.12,-3.47,2.805,-10.828,-3.47,-2.805,10.828,13.693,26.307,32.524,34.804,0,0,-3.258,24.89,89.321,9.615,-7.987,4.392,-1.235,19.684,40.272,33.732,0,0,1.374,12.07,85.006,9.615,7.987,-4.392,-88.789,4.599,-6.613,-78.856,0.747,-10.006,14.234,0.144,-7.294,14.234,-0.144,7.294,10.849,-4.667,3.455,10.849,4.667,-3.455,-20.608,3.117,-1.477,-20.608,-3.117,1.477,0,0,0,0,0,0,0.261,-0.183,1.138,0.006,-0.031,0.552,-0.143,-0.01,0.001,-0.067,-0.072,1.248,-0.304,-0.019,0.736,-0.36,0.035,-0.014,0,0,0,0,0,0,-82.294,-81.99,1.222,-22.889,-16.828,1.056,-5.59,-1.78,1.578,75.625,21.529,26.685,16.087,-40.502,-3.875,-18.722,-5.591,-3.359,0,0,-0.23,0,0,-0.028,0,0,0.004,0,0,-0.072,0,0,0.128,0,0,0.005
30.39,232.675,-1367.62,990.738,208.002,-1191.302,945.462,50.74,-1393.046,990.866,226.532,-1322.762,1168.774,170.735,-1435.95,545.947,136.949,-996.53,485.765,-272.323,-1472.149,530.37,150.449,-1377.187,986.388,218.306,-1520.91,107.412,63.362,-1113.147,11.386,-197.609,-1682.883,90.717,168.242,-1437.284,543.301,220.185,-1447.14,90.679,203.29,-1444.041,309.777,2.656,-1473.807,74.282,246.539,-1665.264,95.796,220.185,-1447.14,90.679,219.458,-1409.942,149.623,150.56,-1450.276,91.8,223.435,-1506.005,127.868,339.56,-1158.23,560.951,330.155,-745.154,739.373,-109.19,-1153.745,526.914,306.542,-1336.843,972.73,335.832,-1236.31,139.671,494.415,-834.122,64.405,-73.314,-1079.572,115.154,340.245,-1157.275,571.298,337.743,-1164.12,115.714,340.609,-1137.559,335.968,118.779,-1128.369,114.251,302.077,-1381.472,142.389,337.743,-1164.12,115.714,340.303,-1113.149,164.839,266.976,-1161.001,116.166,335.905,-1213.213,166.747,227.882,-1298,1496.12,237.674,-1132.977,1465.185,395.208,-1305.036,1511.552,241.729,-1329.676,1331.528,-46.461,-1332.83,1185.14,-230.192,-1565.15,1227.297,165.554,-1518.667,1085.036,57.459,-1364.432,1463.903,-23.115,-1167.94,928.461,-224.243,-1331.086,805.357,180.091,-1346.057,832.516,-44.994,-1322.476,1169.01,-35.006,-1135.02,899.278,-91.021,-1106.404,954.383,-93.138,-1185.27,866.281,-13.185,-1195.429,952.83,516.82,-1434.55,1192.33,687.417,-1668.348,1331.588,754.735,-1226.625,1249.957,384.72,-1362.004,1475.956,529.479,-1374.16,922.153,710.711,-1571.651,886.5,729.782,-1199.106,970.669,517.126,-1433.087,1185.77,539.351,-1354.99,874.553,615.25,-1305.008,910.423,480.663,-1279.079,892.956,520.895,-1390.833,963.548,221.72,-1147.97,1747.85,222.458,-1174.178,1757.677,249.667,-1147.828,1746.132,220.162,-1157.824,1721.688,150.629,-1217.683,1745.826,290.528,-1219.475,1741.737,144.071,-1354.341,1729.489,282.885,-1370.018,1719.029,139.045,-1320.873,1661.393,295.136,-1313.974,1655.603,221.872,-1172.935,1748.255,216.189,-1424.837,1580.291,216.952,-1452.653,1544.127,239.575,-1504.396,1275.228,228.29,-1291.133,1494.828,224.759,-1254.961,1302.11,328.714,-1502.158,1440.019,52.976,-1361.971,1531.271,-35.288,-1365.352,1431.856,-67.031,-1292.391,1197.386,-49.232,-1185.76,1026.544,7.06,-1117.736,965.147,-84.2,-1193.354,908.487,-46.393,-1129.204,910.48,389.931,-1356.552,1536.969,488.577,-1392.524,1437.442,539.143,-1393.759,1192.287,548.419,-1356.483,1005.233,509.647,-1308.393,931.408,585.87,-1414.415,924.23,552.557,-1346.293,880.794,106.138,-1304.888,1058.481,336.817,-1276.54,1058.987,225.259,-1507.419,1114.721,286.684,-1504.192,1113.511,72.676,-1402.548,756.148,102.378,-1289.732,869.477,139.146,-1319.715,690.635,114.288,-1439.801,548.569,121.165,-1484.325,357.395,169.305,-1410.748,426.061,193.563,-1433.812,327.076,181.508,-1537.558,97.814,234.129,-1595.529,74.506,211.56,-1430.569,96.249,240.728,-1374.216,60.951,161.014,-1409.354,45.533,220.809,-1330.302,50.597,419.455,-1239.527,788.062,350.767,-1205.635,925.975,339.841,-1110.998,736.438,392.313,-1167.588,574.582,407.766,-1201.848,393.44,350.173,-1121.845,456.847,345.886,-1140.142,371.456,372.604,-1253.735,130.579,317.922,-1306.593,110.037,346.957,-1139.159,118.02,317.668,-1092.508,67.065,400.274,-1131.364,65.506,342.835,-1048.62,67.409,257.09,-1241.734,1404.387,259.272,-1244.432,1443.595,208.918,-1237.216,1407.893,230.535,-1537.874,1048.228,234.983,-1533.798,1086.227,278.831,-1531.47,1040.968,62.318,-1422.013,684.917,52.58,-1426.469,722.665,61.365,-1373.48,689.142,117.54,-1508.649,270.87,105.412,-1504.194,308.496,124.95,-1460.799,268.255,429.717,-1211.066,695.021,436.174,-1229.771,728.896,424.155,-1168.328,717.68,413.532,-1249.564,297.336,417.933,-1242.215,335.468,417.259,-1202.372,287.045,141.764,-1380.73,990.502,323.586,-1354.51,990.974,170.735,-1435.95,545.947,339.56,-1158.23,560.951,218.306,-1520.91,107.412,335.832,-1236.31,139.671,220.185,-1447.14,90.679,337.743,-1164.12,115.714,61.618,-1365.7,1475.05,382.549,-1360.81,1480.61,-46.461,-1332.83,1185.14,516.82,-1434.55,1192.33,-35.006,-1135.02,899.278,539.351,-1354.99,874.553,233.389,-1336.74,1082.07,222.845,-1513.049,85.377,6.383,1.58,3.533,3.529,3.568,-16.219,10.498,-1.727,14.323,-31.096,6.75,0.946,36.979,-7.367,-6.139,33.844,4.739,-19.839,3.504,-1.449,11.932,-39.383,4.36,5.211,-3.408,2.604,-11.338,-3.408,-2.604,11.338,14.762,26.767,31.6,35.701,0,-0,-2.964,24.794,89.201,9.595,-8.121,4.309,-2.02,19.745,40.221,33.853,0,0,1.246,12.356,84.606,9.595,8.121,-4.309,-88.656,4.441,-6.887,-83.003,0.75,-9.251,14.268,0.04,-7.956,14.268,-0.04,7.956,10.893,-4.723,3.349,10.893,4.723,-3.349,-20.638,3.19,-1.512,-20.638,-3.19,1.512,0,0,0,0,0,0,0.303,-0.193,1.194,0.022,-0.03,0.559,-0.144,-0.01,0.001,-0.056,-0.053,1.361,-0.344,-0.029,0.803,-0.38,0.029,-0.028,0,0,0,0,0,0,-100.046,-86.478,-0.754,-26.061,-15.425,-0.478,-3.878,-1.795,-0.04,94.92,20.314,20.979,-0.471,-39.285,-4.96,-18.824,-5.689,-4.439,0,0,-0.261,0,0,-0.029,0,0,0.003,0,0,-0.061,0,0,0.017,0,0,0.005
30.4,232.484,-1351.34,987.964,206.011,-1175.307,942.593,50.83,-1378.699,987.805,225.574,-1306.498,1165.976,170.628,-1430.33,545.773,137.388,-992.254,476.221,-272.455,-1466.368,530.544,149.994,-1362.185,984.845,218.592,-1520.16,107.757,61.688,-1114.259,7.137,-196.54,-1684.307,92.932,168.142,-1431.849,542.676,220.066,-1446.43,90.796,203.87,-1442.749,309.937,2.614,-1474.177,75.191,247.472,-1664.41,96.483,220.066,-1446.43,90.796,219.09,-1408.866,149.504,150.442,-1449.644,91.695,223.258,-1505.058,128.362,338.086,-1139.41,559.288,323.933,-727.291,739.601,-110.635,-1139.635,524.581,306.395,-1320.277,970.187,333.634,-1187.44,133.031,487.843,-779.209,86.82,-77.177,-1033.651,120.709,338.366,-1139.849,569.243,334.417,-1113.66,114.487,337.552,-1103.45,336.098,114.95,-1081.146,116.093,302.014,-1332.895,125.046,334.417,-1113.66,114.487,336.693,-1066.448,167.248,263.621,-1111.543,115.646,333.613,-1166.428,161.74,227.956,-1281.7,1493.41,237.474,-1116.682,1462.359,395.276,-1288.409,1509.047,242.06,-1313.477,1328.86,-47.624,-1311.61,1184.18,-229.23,-1546.358,1221.855,165.626,-1493.404,1079.383,57.498,-1348.369,1461.858,-23.166,-1138.32,933.338,-222.973,-1297.914,803.604,181.224,-1312.561,832.896,-46.096,-1300.781,1168.507,-34.739,-1104.5,905.254,-91.529,-1077.966,960.608,-92.314,-1153.679,869.761,-13.448,-1166.714,956.919,517.414,-1422.29,1190.17,686.866,-1654.943,1332.704,755.984,-1214.534,1245.657,385.023,-1345.692,1472.593,530.469,-1364.96,919.373,711.063,-1563.441,886.058,731.323,-1190.048,966.088,517.729,-1420.905,1183.62,540.761,-1346.27,871.603,617.074,-1296.855,907.38,482.861,-1269.554,889.145,521.541,-1381.173,960.81,222.158,-1131.47,1745.21,222.911,-1157.677,1755.041,250.102,-1131.329,1743.444,220.555,-1141.329,1719.052,151.076,-1201.245,1743.351,291.044,-1202.997,1739.005,144.465,-1337.883,1727.099,283.229,-1353.558,1716.362,139.321,-1304.423,1658.898,295.417,-1297.532,1652.84,222.31,-1156.442,1745.625,216.595,-1408.526,1577.817,217.244,-1436.329,1541.703,240.288,-1488.252,1272.844,228.352,-1274.833,1492.116,223.992,-1238.766,1299.352,328.788,-1485.842,1437.17,53.262,-1346.113,1529.224,-35.491,-1348.867,1430.347,-68.929,-1271.885,1197.502,-50.27,-1159.725,1030.449,6.414,-1089.424,972.201,-83.932,-1163.172,911.735,-46.284,-1099.115,916.507,390.244,-1340.049,1533.852,489.045,-1377.168,1434.611,539.934,-1381.611,1189.689,549.656,-1346.624,1002.257,511.292,-1298.902,927.982,586.468,-1405.749,921.795,554.04,-1337.669,877.828,104.973,-1289.797,1055.437,335.622,-1259.096,1056.352,226.47,-1491.213,1111.984,287.746,-1487.43,1110.914,72.433,-1392.504,754.967,102.1,-1277.006,866.276,139.118,-1310.901,688.051,114.097,-1434.216,548.228,121.315,-1481.156,357.402,169.03,-1406.618,425.146,193.446,-1430.721,326.469,181.88,-1537.119,98.218,234.492,-1595.207,74.982,211.403,-1430.164,96.379,240.634,-1373.981,60.822,161.13,-1409.288,45.405,220.75,-1330.029,50.156,418.455,-1220.91,786.52,349.223,-1188.349,924.287,337.711,-1093.235,735.176,390.906,-1148.027,572.216,405.926,-1170.755,388.612,347.654,-1096.128,457.216,343.271,-1108.33,371.116,370.512,-1203.598,122.982,316.137,-1255.477,98.929,343.25,-1089.017,118.652,312.966,-1039.115,71.509,396.009,-1076.695,66.644,337.68,-995.117,74.923,256.846,-1225.538,1401.456,259.1,-1228.152,1440.649,208.566,-1221.156,1405.153,231.817,-1521.423,1045.85,236.286,-1517.285,1083.855,280.08,-1514.748,1038.544,62.071,-1413.387,684.26,52.385,-1417.102,722.059,61.482,-1364.823,687.551,117.811,-1506.518,271.136,105.614,-1501.652,308.73,124.904,-1458.626,267.88,427.92,-1192.669,693.201,434.486,-1211.513,726.95,422.346,-1150.059,716.069,411.832,-1211.188,289.335,416.437,-1206.455,327.872,415.019,-1163.379,282.388,141.718,-1365.41,987.584,323.249,-1337.26,988.344,170.628,-1430.33,545.773,338.086,-1139.41,559.288,218.592,-1520.16,107.757,333.634,-1187.44,133.031,220.066,-1446.43,90.796,334.417,-1113.66,114.487,61.707,-1349.84,1472.97,382.713,-1344.36,1477.51,-47.624,-1311.61,1184.18,517.414,-1422.29,1190.17,-34.739,-1104.5,905.254,540.761,-1346.27,871.603,233.277,-1320.13,1079.78,222.947,-1512.686,85.68,5.182,1.272,4.167,2.924,3.621,-16.534,11.008,-1.73,14.345,-31.337,6.547,1.296,37.263,-7.394,-6.114,29.943,5.018,-20.123,3.603,-1.474,12.176,-39.391,4.106,5.342,-3.355,2.461,-11.814,-3.355,-2.461,11.814,15.785,27.26,30.694,36.611,0,0,-2.704,24.654,89.036,9.566,-8.305,4.234,-2.77,19.77,40.208,33.965,-0,-0,1.078,12.678,84.191,9.566,8.305,-4.234,-88.505,4.26,-7.164,-87.243,0.818,-8.398,14.299,-0.05,-8.565,14.299,0.05,8.565,10.93,-4.81,3.256,10.93,4.81,-3.256,-20.652,3.282,-1.545,-20.652,-3.282,1.545,0,0,0,0,0,0,0.327,-0.198,1.264,0.036,-0.03,0.57,-0.146,-0.009,0,-0.039,-0.02,1.473,-0.388,-0.035,0.865,-0.394,0.021,-0.048,0,0,0,0,0,0,-111.937,-89.095,-2.306,-29.109,-14.055,-1.637,-2.4,-1.797,-1.276,119.918,12.027,14.36,-25.687,-38.314,-5.6,-17.342,-5.67,-5.092,0,0,-0.274,0,0,-0.027,0,0,0.002,0,0,-0.044,0,0,-0.168,0,0,0.006
30.41,232.38,-1334.87,984.826,204.278,-1159.102,939.408,50.999,-1363.981,984.395,224.77,-1290.092,1162.825,170.507,-1424.11,545.393,137.108,-987.547,466.965,-272.544,-1460.679,530.51,149.452,-1347.109,982.978,218.932,-1519.36,108.129,60.347,-1115.405,2.441,-195.518,-1685.396,95.399,168.131,-1425.812,541.911,220.022,-1445.69,90.876,204.574,-1441.223,310.057,2.641,-1474.453,76.14,248.409,-1663.524,97.316,220.022,-1445.69,90.876,218.822,-1407.783,149.359,150.401,-1449.024,91.608,223.217,-1504.09,128.795,336.773,-1121.45,556.734,319.221,-709.946,738.148,-111.902,-1125.114,521.634,306.157,-1303.675,967.114,331.268,-1138.33,127.832,481.783,-726.435,111.833,-80.904,-987.722,127.638,336.577,-1123.236,566.366,330.766,-1063.36,114.91,334.406,-1069.848,336.653,110.794,-1034.759,119.358,302.051,-1283.281,108.946,330.766,-1063.36,114.91,332.771,-1020.223,171.062,259.959,-1062.496,116.774,331.216,-1119.542,158.053,228.07,-1265.28,1490.34,237.338,-1100.267,1459.189,395.375,-1271.671,1506.265,242.511,-1297.146,1325.836,-48.737,-1290.44,1182.92,-228.338,-1527.387,1216.18,165.628,-1468.259,1073.672,57.555,-1332.192,1459.444,-23.145,-1109.17,938.092,-221.728,-1264.949,801.997,182.312,-1279.603,833.383,-47.15,-1279.198,1167.74,-34.382,-1074.5,911.107,-91.925,-1049.96,966.603,-91.414,-1122.49,873.193,-13.661,-1138.437,960.865,517.981,-1409.82,1187.66,686.416,-1641.299,1333.277,757.139,-1202.196,1241.075,385.352,-1329.403,1468.907,531.398,-1355.46,916.3,711.415,-1554.833,885.263,732.747,-1180.66,961.271,518.304,-1408.509,1181.127,542.131,-1337.23,868.365,618.809,-1288.364,904.114,484.987,-1259.755,885.03,522.118,-1371.218,957.75,222.672,-1114.95,1742.31,223.44,-1141.16,1752.131,250.612,-1114.814,1740.488,221.014,-1124.8,1716.152,151.629,-1184.793,1740.584,291.633,-1186.483,1735.959,144.918,-1321.382,1724.371,283.759,-1337.045,1713.339,139.585,-1287.939,1656.063,295.748,-1281.024,1649.717,222.82,-1139.92,1742.711,217,-1392.133,1574.969,217.541,-1419.91,1538.906,241.139,-1471.983,1270.099,228.456,-1258.408,1489.038,223.322,-1222.391,1296.195,328.801,-1469.468,1433.845,53.562,-1330.143,1526.792,-35.597,-1332.443,1428.37,-70.717,-1251.451,1197.262,-51.204,-1134.009,1034.126,5.856,-1061.643,979.032,-83.592,-1133.367,914.918,-46.08,-1069.511,922.389,390.575,-1323.593,1530.403,489.5,-1361.817,1431.422,540.672,-1369.245,1186.76,550.811,-1336.479,998.98,512.843,-1289.13,924.268,587.022,-1396.759,919.077,555.473,-1328.731,874.585,103.911,-1274.48,1052.072,334.715,-1241.549,1053.351,227.663,-1474.874,1108.867,288.712,-1470.537,1107.885,72.081,-1382.261,753.564,101.65,-1264.18,862.846,138.825,-1301.798,685.31,113.958,-1428.068,547.719,121.554,-1477.575,357.343,168.859,-1402.053,424.094,193.423,-1427.323,325.731,182.294,-1536.622,98.69,234.902,-1594.864,75.54,211.334,-1429.753,96.467,240.559,-1373.733,60.659,161.271,-1409.235,45.276,220.718,-1329.734,49.649,417.47,-1203.078,784.198,348.027,-1171.143,921.786,335.964,-1076.133,732.714,389.645,-1129.306,569.155,404.061,-1140.101,384.008,345.242,-1071.172,457.38,340.738,-1077.226,371.095,368.197,-1153.185,116.9,314.241,-1203.961,89.38,339.17,-1039.342,120.933,307.686,-986.541,77.929,391.192,-1022.346,69.721,331.847,-942.607,84.438,256.694,-1209.206,1398.154,258.988,-1211.748,1437.339,208.292,-1204.969,1402,232.921,-1504.854,1043.244,237.443,-1500.577,1081.245,281.136,-1497.935,1035.831,61.81,-1404.513,683.365,52.161,-1407.521,721.202,61.39,-1355.93,685.747,118.137,-1504.073,271.389,105.874,-1498.756,308.935,124.933,-1456.178,267.431,426.196,-1175.383,690.555,432.827,-1194.256,724.25,420.697,-1132.812,713.474,410.092,-1172.813,282.062,414.928,-1170.758,320.828,412.712,-1124.632,278.546,141.756,-1349.83,984.311,323.005,-1319.92,985.341,170.507,-1424.11,545.393,336.773,-1121.45,556.734,218.932,-1519.36,108.129,331.268,-1138.33,127.832,220.022,-1445.69,90.876,330.766,-1063.36,114.91,61.808,-1333.87,1470.51,382.912,-1327.92,1474.08,-48.737,-1290.44,1182.92,517.981,-1409.82,1187.66,-34.382,-1074.5,911.107,542.131,-1337.23,868.365,233.273,-1303.44,1077.2,223.118,-1512.309,86.004,4.035,0.974,4.646,2.461,3.645,-16.726,11.541,-1.73,14.346,-31.5,6.341,1.595,37.411,-7.423,-6.214,25.822,5.18,-20.375,3.674,-1.52,12.628,-39.417,3.821,5.528,-3.294,2.366,-12.247,-3.294,-2.366,12.247,16.771,27.78,29.814,37.511,-0,-0,-2.434,24.5,88.866,9.509,-8.535,4.164,-3.481,19.756,40.216,34.057,0,0,0.889,13.018,83.786,9.509,8.535,-4.164,-88.307,4.065,-7.421,-91.553,0.948,-7.436,14.314,-0.134,-9.118,14.314,0.134,9.118,10.963,-4.926,3.17,10.963,4.926,-3.17,-20.635,3.394,-1.574,-20.635,-3.394,1.574,0,0,0,0,0,0,0.331,-0.196,1.344,0.044,-0.031,0.585,-0.149,-0.008,-0,-0.02,0.023,1.576,-0.432,-0.038,0.92,-0.4,0.009,-0.073,0,0,0,0,0,0,-115.287,-89.197,-3.346,-31.241,-12.662,-2.374,-1.418,-1.775,-2.069,154.713,-5.871,7.509,-61.107,-38.671,-5.4,-14.006,-5.523,-4.91,0,0,-0.269,0,0,-0.021,0,0,0.001,0,0,-0.021,0,0,-0.442,0,0,0.007
30.42,232.355,-1318.22,981.367,202.793,-1142.684,935.979,51.233,-1348.898,980.693,224.131,-1273.578,1159.373,170.389,-1417.22,544.798,136.012,-982.317,458.018,-272.563,-1455.125,530.305,148.824,-1331.922,980.817,219.32,-1518.5,108.544,59.312,-1116.602,-2.697,-194.548,-1686.144,98.174,168.237,-1419.139,540.998,220.07,-1444.92,90.915,205.406,-1439.401,310.126,2.747,-1474.573,77.124,249.301,-1662.61,98.351,220.07,-1444.92,90.915,218.688,-1406.706,149.194,150.456,-1448.411,91.553,223.339,-1503.111,129.148,335.618,-1104.27,553.336,315.99,-693.06,735.204,-113.03,-1110.138,518.182,305.87,-1287.1,963.51,328.734,-1089.28,124.321,476.261,-676.264,139.213,-84.505,-942.1,136.155,334.877,-1107.282,562.734,326.801,-1013.56,117.137,331.189,-1036.812,337.74,106.348,-989.514,124.057,302.167,-1232.892,94.509,326.801,-1013.56,117.137,328.562,-974.778,176.389,256.012,-1014.212,119.668,328.732,-1072.834,155.876,228.22,-1248.72,1486.94,237.248,-1083.71,1455.703,395.503,-1254.79,1503.22,243.066,-1280.663,1322.487,-49.759,-1269.34,1181.4,-227.413,-1508.321,1210.284,165.672,-1443.198,1067.956,57.645,-1315.906,1456.723,-23.07,-1080.52,942.696,-220.459,-1232.341,800.528,183.41,-1247.156,833.965,-48.118,-1257.739,1166.727,-33.962,-1045.01,916.817,-92.203,-1022.369,972.392,-90.497,-1091.68,876.582,-13.839,-1110.603,964.627,518.5,-1397.12,1184.84,686.002,-1627.46,1333.312,758.227,-1189.649,1236.259,385.717,-1313.118,1464.964,532.272,-1345.65,912.953,711.726,-1545.863,884.14,734.1,-1170.978,956.243,518.831,-1395.885,1178.311,543.444,-1327.88,864.862,620.445,-1279.526,900.614,487.02,-1249.695,880.641,522.642,-1360.963,954.407,223.27,-1098.39,1739.16,224.053,-1124.606,1748.962,251.206,-1098.262,1737.272,221.547,-1108.223,1713,152.311,-1168.321,1737.56,292.268,-1169.927,1732.637,145.447,-1304.834,1721.338,284.444,-1320.474,1709.996,139.848,-1271.418,1652.934,296.134,-1264.438,1646.278,223.41,-1123.358,1739.548,217.41,-1375.645,1571.783,217.857,-1403.384,1535.768,242.117,-1455.584,1267.029,228.596,-1241.848,1485.635,222.733,-1205.822,1292.692,328.761,-1453.011,1430.096,53.872,-1314.047,1524.009,-35.607,-1316.06,1425.958,-72.366,-1231.084,1196.688,-52.017,-1108.629,1037.569,5.404,-1034.423,985.595,-83.221,-1103.968,918.041,-45.802,-1040.414,928.115,390.936,-1307.165,1526.666,489.936,-1346.464,1427.913,541.34,-1356.635,1183.525,551.878,-1326.027,995.421,514.306,-1279.066,920.276,587.536,-1387.429,916.105,556.842,-1319.474,871.083,102.975,-1258.926,1048.44,334.078,-1223.896,1050.045,228.831,-1458.402,1105.396,289.579,-1453.508,1104.438,71.645,-1371.778,751.946,100.997,-1251.214,859.229,138.262,-1292.342,682.435,113.881,-1421.306,547.028,121.884,-1473.541,357.223,168.823,-1397.023,422.902,193.493,-1423.591,324.868,182.746,-1536.06,99.248,235.359,-1594.487,76.217,211.373,-1429.339,96.505,240.512,-1373.471,60.465,161.423,-1409.199,45.158,220.699,-1329.425,49.086,416.552,-1186.101,781.105,347.198,-1153.991,918.479,334.613,-1059.698,729.078,388.507,-1111.306,565.513,402.167,-1109.932,379.775,342.94,-1046.932,457.44,338.287,-1046.87,371.489,365.663,-1102.826,112.511,312.25,-1152.372,81.58,334.741,-990.448,124.954,301.855,-935.17,86.37,385.852,-968.68,74.843,325.35,-891.468,95.981,256.622,-1192.721,1394.534,258.916,-1195.205,1433.721,208.088,-1188.639,1398.484,233.871,-1488.173,1040.414,238.472,-1483.683,1078.396,282.025,-1481.031,1032.835,61.56,-1395.349,682.237,51.924,-1397.691,720.104,61.106,-1346.758,683.747,118.516,-1501.287,271.642,106.2,-1495.476,309.116,125.05,-1453.426,266.917,424.652,-1159.178,687.132,431.314,-1177.964,720.85,419.289,-1116.554,709.944,408.328,-1134.606,275.723,413.393,-1135.252,314.527,410.348,-1086.301,275.678,141.863,-1333.95,980.73,322.846,-1302.49,982.004,170.389,-1417.22,544.798,335.618,-1104.27,553.336,219.32,-1518.5,108.544,328.734,-1089.28,124.321,220.07,-1444.92,90.915,326.801,-1013.56,117.137,61.929,-1317.77,1467.7,383.156,-1311.5,1470.37,-49.759,-1269.34,1181.4,518.5,-1397.12,1184.84,-33.962,-1045.01,916.817,543.444,-1327.88,864.862,233.367,-1286.64,1074.36,223.366,-1511.913,86.361,2.932,0.698,4.955,2.15,3.634,-16.783,12.083,-1.73,14.344,-31.553,6.136,1.825,37.434,-7.45,-6.431,21.541,5.247,-20.581,3.705,-1.587,13.283,-39.436,3.499,5.781,-3.216,2.321,-12.629,-3.216,-2.321,12.629,17.72,28.312,28.951,38.388,-0,-0,-2.127,24.349,88.745,9.436,-8.81,4.094,-4.154,19.701,40.225,34.121,0,0,0.693,13.351,83.406,9.436,8.81,-4.094,-88.044,3.86,-7.643,-95.89,1.14,-6.375,14.305,-0.21,-9.613,14.305,0.21,9.613,10.992,-5.064,3.089,10.992,5.064,-3.089,-20.6,3.529,-1.604,-20.6,-3.529,1.604,0,0,0,0,0,0,0.314,-0.19,1.429,0.048,-0.031,0.603,-0.152,-0.006,-0.001,0,0.073,1.665,-0.475,-0.037,0.964,-0.398,-0.005,-0.105,0,0,0,0,0,0,-108.932,-86.28,-3.828,-32.68,-11.683,-2.644,-0.845,-1.724,-2.374,200.836,-33.539,0.718,-107.222,-40.963,-4.116,-8.79,-5.252,-3.633,0,0,-0.244,0,0,-0.014,0,0,0.001,0,0,0.01,0,0,-0.807,0,0,0.006
30.43,232.407,-1301.35,977.633,201.544,-1126.005,932.374,51.527,-1333.421,976.727,223.641,-1256.939,1155.671,170.291,-1409.61,543.994,134.127,-976.488,449.383,-272.489,-1449.643,529.97,148.121,-1316.571,978.396,219.744,-1517.59,109.032,58.604,-1117.871,-8.261,-193.659,-1686.519,101.289,168.454,-1411.822,539.939,220.205,-1444.12,90.928,206.344,-1437.236,310.153,2.923,-1474.515,78.144,250.124,-1661.669,99.651,220.205,-1444.12,90.928,218.678,-1405.625,149.019,150.601,-1447.804,91.54,223.613,-1502.114,129.448,334.609,-1087.78,549.172,314.139,-676.591,730.995,-114.048,-1094.711,514.337,305.583,-1270.621,959.394,326.026,-1040.68,122.66,471.334,-629.152,168.471,-87.981,-897.135,146.359,333.266,-1091.747,558.444,322.554,-964.69,121.207,327.934,-1004.408,339.425,101.68,-945.695,130.11,302.278,-1182.146,82.127,322.554,-964.69,121.207,324.145,-930.483,183.217,251.827,-967.091,124.347,326.172,-1026.674,155.307,228.405,-1232.01,1483.26,237.183,-1067.001,1451.948,395.661,-1237.743,1499.939,243.701,-1264.02,1318.861,-50.655,-1248.32,1179.63,-226.368,-1489.213,1204.171,165.851,-1418.2,1062.272,57.775,-1299.487,1453.732,-22.952,-1052.39,947.119,-219.132,-1200.21,799.178,184.558,-1215.212,834.636,-48.971,-1236.406,1165.488,-33.503,-1016.08,922.365,-92.354,-995.248,978.004,-89.615,-1061.304,879.946,-13.981,-1083.266,968.169,518.961,-1384.16,1181.72,685.628,-1613.41,1332.795,759.238,-1176.858,1231.219,386.121,-1296.826,1460.796,533.104,-1335.52,909.358,712.008,-1536.528,882.749,735.395,-1160.99,951.031,519.3,-1382.998,1175.204,544.681,-1318.22,861.123,621.978,-1270.322,896.85,488.94,-1239.374,876.013,523.149,-1350.384,950.83,223.951,-1081.78,1735.82,224.751,-1108.006,1745.595,251.882,-1081.661,1733.854,222.151,-1091.587,1709.655,153.139,-1151.821,1734.322,292.933,-1153.325,1729.078,146.067,-1288.232,1718.041,285.212,-1303.84,1706.375,140.13,-1254.848,1649.563,296.581,-1247.763,1642.572,224.083,-1106.747,1736.179,217.832,-1359.042,1568.301,218.208,-1386.738,1532.334,243.205,-1439.053,1263.68,228.77,-1225.144,1481.959,222.206,-1189.059,1288.904,328.687,-1436.45,1425.989,54.197,-1297.809,1520.915,-35.529,-1299.685,1423.159,-73.856,-1210.788,1195.806,-52.697,-1083.604,1040.772,5.076,-1007.788,991.847,-82.847,-1075.007,921.101,-45.467,-1011.852,933.676,391.345,-1290.736,1522.683,490.342,-1331.1,1424.118,541.92,-1343.763,1180.011,552.856,-1315.251,991.606,515.694,-1268.698,916.026,588.023,-1377.748,912.913,558.131,-1309.894,867.34,102.18,-1243.133,1044.594,333.671,-1206.135,1046.487,229.976,-1441.801,1101.607,290.356,-1436.341,1100.606,71.158,-1361.005,750.136,100.132,-1238.063,855.469,137.465,-1282.468,679.444,113.863,-1413.908,546.162,122.296,-1469.04,357.059,168.92,-1391.513,421.578,193.646,-1419.511,323.897,183.226,-1535.426,99.914,235.851,-1594.064,77.056,211.517,-1428.915,96.505,240.494,-1373.193,60.245,161.573,-1409.179,45.064,220.679,-1329.11,48.481,415.77,-1169.999,777.277,346.737,-1136.858,914.383,333.639,-1043.925,724.336,387.46,-1093.875,561.431,400.24,-1080.293,376.034,340.755,-1023.344,457.498,335.917,-1017.29,372.36,362.91,-1052.925,109.893,310.162,-1101.107,75.641,330.022,-942.693,130.687,295.557,-885.407,96.741,380.057,-916.132,81.978,318.278,-842.096,109.429,256.611,-1176.07,1390.658,258.867,-1178.513,1429.855,207.943,-1172.156,1394.663,234.705,-1471.388,1037.36,239.402,-1466.621,1075.307,282.787,-1464.032,1029.568,61.34,-1385.847,680.901,51.69,-1387.564,718.796,60.671,-1337.255,681.579,118.942,-1498.146,271.912,106.59,-1491.802,309.29,125.249,-1450.355,266.359,423.397,-1143.952,683.011,430.063,-1162.538,716.83,418.217,-1101.188,705.567,406.538,-1096.778,270.464,411.807,-1100.109,309.113,407.936,-1048.59,273.876,142.04,-1317.78,976.88,322.774,-1284.92,978.386,170.291,-1409.61,543.994,334.609,-1087.78,549.172,219.744,-1517.59,109.032,326.026,-1040.68,122.66,220.205,-1444.12,90.928,322.554,-964.69,121.207,62.071,-1301.52,1464.59,383.458,-1295.08,1466.4,-50.655,-1248.32,1179.63,518.961,-1384.16,1181.72,-33.503,-1016.08,922.365,544.681,-1318.22,861.123,233.548,-1269.75,1071.33,223.684,-1511.489,86.78,1.867,0.444,5.1,1.993,3.588,-16.704,12.625,-1.729,14.341,-31.495,5.927,1.982,37.347,-7.466,-6.76,17.18,5.251,-20.739,3.687,-1.674,14.117,-39.417,3.12,6.11,-3.113,2.316,-12.958,-3.113,-2.316,12.958,18.63,28.842,28.098,39.233,0,0,-1.768,24.223,88.714,9.348,-9.123,4.025,-4.785,19.608,40.23,34.144,0,0,0.504,13.642,83.052,9.348,9.123,-4.025,-87.704,3.65,-7.824,-100.188,1.396,-5.244,14.263,-0.282,-10.054,14.263,0.282,10.054,11.018,-5.218,3.004,11.018,5.218,-3.004,-20.547,3.686,-1.64,-20.547,-3.686,1.64,0,0,0,0,0,0,0.279,-0.177,1.517,0.045,-0.03,0.623,-0.156,-0.003,-0.001,0.02,0.125,1.736,-0.515,-0.033,0.995,-0.388,-0.024,-0.145,0,0,0,0,0,0,-93.365,-79.322,-3.909,-33.96,-10.984,-2.562,-0.516,-1.638,-2.314,257.494,-69.384,-6.329,-163.714,-44.655,-1.775,-1.957,-4.874,-1.268,0,0,-0.204,0,0,-0.006,0,0,0,0,0,0.052,0,0,-1.244,0,0,0.003
30.44,232.507,-1284.28,973.669,200.472,-1109.087,928.635,51.853,-1317.593,972.581,223.303,-1240.183,1151.763,170.227,-1401.28,543.008,131.539,-970.053,441.029,-272.304,-1444.161,529.565,147.363,-1300.992,975.758,220.185,-1516.59,109.626,58.082,-1119.236,-14.194,-192.825,-1686.584,104.797,168.764,-1403.849,538.746,220.408,-1443.26,90.94,207.357,-1434.671,310.154,3.15,-1474.248,79.22,250.86,-1660.665,101.272,220.408,-1443.26,90.94,218.773,-1404.497,148.849,150.816,-1447.164,91.589,224.013,-1501.06,129.733,333.734,-1071.85,544.343,313.272,-660.486,725.77,-114.968,-1079.09,510.152,305.401,-1254.283,954.794,323.129,-993.003,122.882,466.991,-585.45,198.857,-91.356,-853.282,158.22,331.758,-1076.349,553.634,318.081,-917.204,126.998,324.71,-972.668,341.719,96.879,-903.51,137.365,302.237,-1131.591,72.109,318.081,-917.204,126.998,319.619,-887.716,191.387,247.471,-921.523,130.662,323.533,-981.467,156.298,228.626,-1215.16,1479.37,237.138,-1050.153,1447.973,395.852,-1220.533,1496.467,244.397,-1247.244,1315.031,-51.408,-1227.38,1177.63,-225.194,-1470.064,1197.873,166.178,-1393.286,1056.641,57.961,-1282.938,1450.501,-22.797,-1024.83,951.333,-217.757,-1168.661,797.947,185.748,-1183.844,835.371,-49.69,-1215.227,1164.052,-33.028,-987.74,927.723,-92.377,-968.633,983.453,-88.811,-1031.415,883.293,-14.074,-1056.446,971.465,519.321,-1370.93,1178.35,685.097,-1599.286,1331.741,760.267,-1163.981,1226.039,386.579,-1280.473,1456.476,533.908,-1325.05,905.547,712.139,-1526.932,881.125,736.762,-1150.818,945.697,519.668,-1369.835,1171.837,545.832,-1308.26,857.185,623.412,-1260.743,892.807,490.736,-1228.8,871.185,523.669,-1339.465,947.077,224.724,-1065.11,1732.31,225.54,-1091.348,1742.052,252.649,-1065.002,1730.261,222.841,-1074.886,1706.14,154.118,-1135.28,1730.915,293.63,-1136.665,1725.326,146.792,-1271.568,1714.529,285.982,-1287.137,1702.513,140.46,-1238.206,1646.005,297.092,-1230.99,1638.657,224.845,-1090.076,1732.645,218.281,-1342.307,1564.577,218.612,-1369.958,1528.657,244.384,-1422.392,1260.104,228.98,-1208.291,1478.061,221.719,-1172.111,1284.898,328.602,-1419.763,1421.603,54.54,-1281.414,1517.557,-35.382,-1283.278,1420.032,-75.166,-1190.572,1194.648,-53.233,-1058.959,1043.732,4.886,-981.756,997.748,-82.488,-1046.518,924.091,-45.093,-983.856,939.052,391.816,-1274.267,1518.502,490.702,-1315.707,1420.076,542.395,-1330.606,1176.25,553.748,-1304.141,987.568,517.027,-1258.014,911.549,588.494,-1367.705,909.54,559.331,-1299.988,863.383,101.531,-1227.11,1040.594,333.433,-1188.27,1042.723,231.108,-1425.078,1097.541,291.064,-1419.04,1096.445,70.663,-1349.894,748.166,99.065,-1224.682,851.613,136.502,-1272.12,676.348,113.895,-1405.877,545.147,122.771,-1464.081,356.878,169.118,-1385.512,420.138,193.858,-1415.074,322.849,183.717,-1534.709,100.718,236.351,-1593.583,78.115,211.748,-1428.46,96.493,240.499,-1372.894,60.009,161.709,-1409.174,44.999,220.644,-1328.797,47.853,415.197,-1154.721,772.792,346.616,-1119.707,909.526,332.98,-1028.774,718.621,386.478,-1076.837,557.064,398.287,-1051.23,372.86,338.693,-1000.335,457.637,333.629,-988.508,373.711,359.929,-1003.957,109.005,307.956,-1050.63,71.574,325.097,-896.456,137.959,288.936,-837.653,108.785,373.922,-865.183,90.928,310.801,-794.878,124.484,256.637,-1159.249,1386.589,258.826,-1161.662,1425.804,207.844,-1155.513,1390.605,235.467,-1454.499,1034.088,240.268,-1449.414,1071.987,283.47,-1446.928,1026.052,61.16,-1375.954,679.395,51.474,-1377.088,717.321,60.146,-1327.371,679.283,119.397,-1494.655,272.226,107.028,-1487.735,309.483,125.507,-1446.965,265.792,422.524,-1129.521,678.301,429.173,-1147.806,712.296,417.568,-1086.541,700.472,404.704,-1059.582,266.35,410.145,-1065.532,304.656,405.486,-1011.732,273.139,142.256,-1301.33,972.824,322.758,-1267.23,974.513,170.227,-1401.28,543.008,333.734,-1071.85,544.343,220.185,-1516.59,109.626,323.129,-993.003,122.882,220.408,-1443.26,90.94,318.081,-917.204,126.998,62.25,-1285.12,1461.21,383.833,-1278.6,1462.23,-51.408,-1227.38,1177.63,519.321,-1370.93,1178.35,-33.028,-987.74,927.723,545.832,-1308.26,857.185,233.796,-1252.78,1068.14,224.05,-1511.021,87.304,0.832,0.224,5.101,1.978,3.507,-16.512,13.155,-1.73,14.351,-31.331,5.716,2.07,37.178,-7.471,-7.151,12.834,5.228,-20.88,3.606,-1.774,15.078,-39.307,2.684,6.511,-2.983,2.353,-13.237,-2.983,-2.353,13.237,19.51,29.359,27.263,40.037,0,0,-1.369,24.137,88.785,9.246,-9.457,3.948,-5.379,19.474,40.185,34.117,-0,0,0.345,13.848,82.766,9.246,9.457,-3.948,-87.279,3.438,-7.965,-104.361,1.717,-4.095,14.191,-0.339,-10.448,14.191,0.339,10.448,11.047,-5.381,2.914,11.047,5.381,-2.914,-20.482,3.856,-1.674,-20.482,-3.856,1.674,0,0,0,0,0,0,0.231,-0.159,1.602,0.037,-0.028,0.645,-0.159,0.001,-0.002,0.038,0.174,1.785,-0.553,-0.028,1.01,-0.371,-0.045,-0.191,0,0,0,0,0,0,-71.716,-68.511,-3.852,-35.494,-9.955,-2.348,-0.365,-1.522,-2.114,321.035,-108.776,-13.888,-228.622,-48.928,1.382,5.836,-4.421,1.967,0,0,-0.153,0,0,0.002,0,0,0,0,0,0.1,0,0,-1.708,0,0,-0.001
30.45,232.642,-1267.03,969.542,199.531,-1091.959,924.813,52.2,-1301.47,968.319,223.091,-1223.316,1147.712,170.204,-1392.25,541.876,128.376,-963.024,432.933,-272.002,-1438.571,529.158,146.587,-1285.14,972.948,220.614,-1515.49,110.373,57.642,-1120.74,-20.438,-192.046,-1686.393,108.755,169.132,-1395.224,537.438,220.651,-1442.35,90.991,208.408,-1431.7,310.161,3.399,-1473.783,80.383,251.484,-1659.6,103.27,220.651,-1442.35,90.991,218.912,-1403.284,148.692,151.074,-1446.5,91.704,224.486,-1499.928,130.089,332.982,-1056.33,538.993,312.88,-644.684,719.82,-115.785,-1063.609,505.676,305.434,-1238.126,949.78,320.031,-946.805,124.848,463.144,-545.358,229.383,-94.673,-811.113,171.497,330.383,-1060.807,548.481,313.461,-871.592,134.216,321.59,-941.673,344.568,92.046,-863.139,145.589,301.854,-1081.931,64.588,313.461,-871.592,134.216,315.108,-846.866,200.577,243.024,-877.896,138.313,320.797,-937.674,158.656,228.887,-1198.15,1475.31,237.106,-1033.148,1443.808,396.082,-1203.136,1492.817,245.129,-1230.323,1311.034,-51.995,-1206.54,1175.46,-223.857,-1450.904,1191.473,166.69,-1368.489,1051.137,58.218,-1266.253,1447.111,-22.604,-997.851,955.308,-216.324,-1137.766,796.815,186.995,-1153.072,836.15,-50.258,-1194.203,1162.443,-32.557,-960.01,932.862,-92.276,-942.57,988.743,-88.112,-1002.056,886.613,-14.106,-1030.161,974.474,519.574,-1357.39,1174.75,684.419,-1585.044,1330.175,761.299,-1150.963,1220.732,387.088,-1264.015,1452.033,534.698,-1314.24,901.561,712.137,-1517.073,879.352,738.208,-1140.448,940.273,519.933,-1356.358,1168.257,546.89,-1297.97,853.083,624.76,-1250.779,888.504,492.408,-1217.945,866.24,524.232,-1328.209,943.181,225.59,-1048.36,1728.69,226.426,-1074.612,1738.393,253.508,-1048.262,1726.55,223.617,-1058.098,1702.512,155.245,-1118.677,1727.385,294.382,-1119.936,1721.429,147.631,-1254.831,1710.851,286.709,-1270.356,1698.454,140.864,-1221.469,1642.318,297.672,-1214.111,1634.59,225.701,-1073.329,1728.995,218.774,-1325.423,1560.669,219.086,-1353.032,1524.796,245.625,-1405.599,1256.362,229.229,-1191.283,1474,221.256,-1154.997,1280.741,328.53,-1402.934,1417.022,54.914,-1264.851,1513.988,-35.181,-1266.795,1416.65,-76.282,-1170.451,1193.249,-53.62,-1034.723,1046.439,4.842,-956.343,1003.263,-82.148,-1018.546,926.996,-44.698,-956.465,944.222,392.359,-1257.712,1514.171,491.005,-1300.256,1415.829,542.752,-1317.147,1172.281,554.559,-1292.685,983.345,518.327,-1247.005,906.882,588.955,-1357.295,906.03,560.439,-1289.756,859.246,101.02,-1210.868,1036.501,333.295,-1170.309,1038.792,232.24,-1408.231,1093.249,291.731,-1401.612,1092.029,70.194,-1338.395,746.082,97.825,-1211.023,847.709,135.456,-1261.257,673.16,113.959,-1397.232,544.021,123.277,-1458.683,356.717,169.361,-1379.019,418.607,194.102,-1410.28,321.759,184.19,-1533.896,101.698,236.826,-1593.031,79.453,212.032,-1427.946,96.506,240.517,-1372.563,59.765,161.828,-1409.18,44.963,220.583,-1328.494,47.215,414.902,-1140.121,767.771,346.777,-1102.503,903.972,332.541,-1014.155,712.149,385.542,-1059.999,552.572,396.322,-1022.795,370.271,336.756,-977.825,457.907,331.426,-960.542,375.481,356.712,-956.44,109.673,305.594,-1001.463,69.264,320.075,-852.124,146.449,282.186,-792.271,122.074,367.606,-816.338,101.318,303.164,-750.168,140.665,256.677,-1142.262,1382.385,258.788,-1144.646,1421.624,207.782,-1138.708,1386.381,236.212,-1437.499,1030.613,241.113,-1432.082,1068.456,284.132,-1429.704,1022.324,61.02,-1365.619,677.772,51.287,-1366.204,715.731,59.587,-1317.056,676.908,119.858,-1490.819,272.62,107.49,-1483.283,309.733,125.79,-1443.263,265.26,422.087,-1115.61,673.149,428.71,-1133.518,707.375,417.403,-1072.352,694.839,402.803,-1023.295,263.344,408.38,-1031.752,301.137,403.009,-975.974,273.357,142.5,-1284.64,968.629,322.784,-1249.42,970.455,170.204,-1392.25,541.876,332.982,-1056.33,538.993,220.614,-1515.49,110.373,320.031,-946.805,124.848,220.651,-1442.35,90.991,313.461,-871.592,134.216,62.48,-1268.56,1457.62,384.282,-1262.03,1457.91,-51.995,-1206.54,1175.46,519.574,-1357.39,1174.75,-32.557,-960.01,932.862,546.89,-1297.97,853.083,234.088,-1235.75,1064.85,224.429,-1510.488,87.98,-0.177,0.032,4.986,2.095,3.395,-16.235,13.67,-1.734,14.384,-31.107,5.481,2.102,36.959,-7.457,-7.55,8.617,5.209,-21.045,3.455,-1.879,16.086,-39.065,2.201,6.962,-2.826,2.419,-13.474,-2.826,-2.419,13.474,20.358,29.851,26.445,40.796,0,0,-0.928,24.117,88.971,9.123,-9.804,3.868,-5.933,19.305,40.089,34.032,-0,0,0.25,13.971,82.538,9.123,9.804,-3.868,-86.765,3.225,-8.065,-108.316,2.103,-2.999,14.093,-0.381,-10.806,14.093,0.381,10.806,11.08,-5.542,2.814,11.08,5.542,-2.814,-20.405,4.04,-1.715,-20.405,-4.04,1.715,0,0,0,0,0,0,0.176,-0.137,1.684,0.025,-0.024,0.667,-0.163,0.005,-0.002,0.054,0.214,1.811,-0.586,-0.022,1.008,-0.35,-0.07,-0.244,0,0,0,0,0,0,-47.208,-54.39,-3.698,-37.362,-8.215,-2.031,-0.212,-1.382,-1.812,386.926,-145.62,-22.277,-297.906,-51.855,4.761,13.675,-3.924,5.495,0,0,-0.1,0,0,0.011,0,0,0,0,0,0.144,0,0,-2.124,0,0,-0.004
30.46,232.782,-1249.61,965.303,198.653,-1074.639,920.951,52.543,-1285.093,964.016,222.99,-1206.333,1143.567,170.216,-1382.57,540.644,124.892,-955.438,425.069,-271.602,-1432.663,528.778,145.806,-1268.981,970.01,220.994,-1514.26,111.314,57.095,-1122.43,-26.908,-191.3,-1686.041,113.237,169.521,-1385.965,536.037,220.894,-1441.34,91.12,209.459,-1428.263,310.203,3.632,-1473.073,81.674,251.966,-1658.413,105.7,220.894,-1441.34,91.12,219.031,-1401.885,148.553,151.334,-1445.751,91.894,224.966,-1498.633,130.612,332.339,-1041.04,533.307,312.327,-629.12,713.518,-116.492,-1048.689,500.948,305.785,-1222.197,944.442,316.736,-902.653,128.236,459.681,-508.868,258.883,-97.969,-771.182,185.71,329.17,-1044.841,543.201,308.795,-828.328,142.401,318.643,-911.551,347.833,87.285,-824.734,154.476,300.938,-1033.964,59.471,308.795,-828.328,142.401,310.749,-808.274,210.312,238.579,-836.558,146.852,317.946,-895.767,162.052,229.195,-1180.99,1471.15,237.088,-1015.994,1439.532,396.363,-1185.562,1489.024,245.87,-1213.256,1306.936,-52.394,-1185.84,1173.16,-222.298,-1431.805,1185.03,167.443,-1343.84,1045.825,58.562,-1249.432,1443.626,-22.372,-971.494,959.026,-214.801,-1107.649,795.757,188.33,-1122.932,836.98,-50.648,-1173.366,1160.699,-32.104,-932.938,937.751,-92.063,-917.114,993.856,-87.534,-973.33,889.906,-14.058,-1004.431,977.201,519.711,-1343.51,1170.99,683.535,-1570.696,1328.17,762.361,-1137.822,1215.383,387.65,-1247.405,1447.542,535.484,-1303.08,897.446,711.972,-1506.974,877.486,739.773,-1129.909,934.821,520.085,-1342.553,1164.511,547.858,-1287.35,848.859,626.034,-1240.427,883.961,493.964,-1206.8,861.211,524.85,-1316.596,939.196,226.557,-1031.52,1725.02,227.413,-1057.788,1734.677,254.468,-1031.431,1722.786,224.492,-1041.214,1698.833,156.498,-1101.987,1723.784,295.228,-1103.122,1717.437,148.589,-1238.01,1707.06,287.415,-1253.481,1694.242,141.368,-1204.613,1638.558,298.33,-1197.121,1630.423,226.657,-1056.495,1725.278,219.33,-1308.377,1556.639,219.646,-1335.95,1520.817,246.893,-1388.673,1252.513,229.524,-1174.116,1469.831,220.812,-1137.742,1276.495,328.495,-1385.95,1412.334,55.331,-1248.112,1510.268,-34.939,-1250.187,1413.092,-77.189,-1150.451,1191.648,-53.856,-1010.93,1048.887,4.943,-931.56,1008.367,-81.828,-991.145,929.795,-44.293,-929.721,949.156,392.975,-1241.02,1509.739,491.244,-1284.705,1411.42,542.987,-1303.363,1168.147,555.294,-1280.878,978.983,519.616,-1235.657,902.071,589.407,-1346.518,902.428,561.461,-1279.194,854.967,100.629,-1194.42,1032.38,333.182,-1152.258,1034.725,233.386,-1391.25,1088.792,292.389,-1384.067,1087.45,69.775,-1326.462,743.928,96.463,-1197.045,843.795,134.403,-1249.857,669.894,114.034,-1387.995,542.825,123.779,-1452.863,356.615,169.591,-1372.032,417.013,194.347,-1405.131,320.67,184.609,-1532.969,102.9,237.233,-1592.396,81.138,212.327,-1427.334,96.582,240.531,-1372.19,59.518,161.927,-1409.188,44.951,220.495,-1328.212,46.581,414.937,-1125.952,762.388,347.125,-1085.215,897.826,332.197,-999.914,705.229,384.639,-1043.158,548.107,394.365,-995.053,368.219,334.945,-955.737,458.307,329.318,-933.413,377.539,353.265,-910.92,111.593,303.023,-954.164,68.465,315.082,-810.064,155.7,275.541,-749.575,136.031,361.299,-770.094,112.606,295.667,-708.261,157.334,256.712,-1125.114,1378.103,258.759,-1127.459,1417.367,207.751,-1121.734,1382.063,236.994,-1420.38,1026.964,241.984,-1414.64,1064.751,284.83,-1412.341,1018.432,60.907,-1354.791,676.081,51.132,-1354.857,714.075,59.038,-1306.259,674.497,120.292,-1486.644,273.132,107.94,-1478.449,310.08,126.053,-1439.253,264.81,422.082,-1101.856,667.734,428.685,-1119.355,702.22,417.734,-1058.288,688.892,400.806,-988.218,261.303,406.491,-999.015,298.452,400.521,-941.566,274.311,142.743,-1267.75,964.357,322.82,-1231.48,966.249,170.216,-1382.57,540.644,332.339,-1041.04,533.307,220.994,-1514.26,111.314,316.736,-902.653,128.236,220.894,-1441.34,91.12,308.795,-828.328,142.401,62.77,-1251.84,1453.88,384.808,-1245.34,1453.49,-52.394,-1185.84,1173.16,519.711,-1343.51,1170.99,-32.104,-932.938,937.751,547.858,-1287.35,848.859,234.398,-1218.68,1061.51,224.78,-1509.865,88.86,-1.167,-0.129,4.801,2.324,3.253,-15.925,14.162,-1.742,14.457,-30.876,5.209,2.096,36.726,-7.426,-7.881,4.655,5.206,-21.285,3.247,-1.981,17.048,-38.678,1.688,7.429,-2.649,2.507,-13.677,-2.649,-2.507,13.677,21.167,30.3,25.646,41.506,-0,0,-0.47,24.16,89.275,8.985,-10.144,3.78,-6.452,19.11,39.927,33.886,0,0,0.222,13.994,82.377,8.985,10.144,-3.78,-86.158,3.013,-8.128,-111.963,2.546,-2.029,13.972,-0.401,-11.138,13.972,0.401,11.138,11.116,-5.69,2.703,11.116,5.69,-2.703,-20.315,4.23,-1.758,-20.315,-4.23,1.758,0,0,0,0,0,0,0.123,-0.111,1.758,0.011,-0.018,0.687,-0.166,0.01,-0.003,0.068,0.241,1.816,-0.615,-0.016,0.991,-0.326,-0.096,-0.299,0,0,0,0,0,0,-23.838,-37.782,-3.473,-40.123,-5.777,-1.599,0.133,-1.234,-1.405,449.068,-173.845,-31.076,-366.077,-51.512,7.766,20.709,-3.406,8.716,0,0,-0.051,0,0,0.019,0,0,0,0,0,0.168,0,0,-2.405,0,0,-0.005
30.47,232.898,-1232.05,961.012,197.77,-1057.175,917.063,52.858,-1268.53,959.764,222.982,-1189.215,1139.376,170.251,-1372.25,539.354,121.27,-947.296,417.419,-271.132,-1426.247,528.47,145.05,-1252.453,966.983,221.281,-1512.88,112.498,56.415,-1124.296,-33.517,-190.638,-1685.472,118.284,169.893,-1376.084,534.57,221.088,-1440.22,91.365,210.443,-1424.32,310.301,3.802,-1472.122,83.117,252.272,-1657.08,108.631,221.088,-1440.22,91.365,219.056,-1400.256,148.439,151.546,-1444.899,92.165,225.378,-1497.138,131.373,331.777,-1025.73,527.508,310.926,-613.644,707.245,-117.092,-1034.711,496.026,306.538,-1206.449,938.918,313.276,-861.06,132.559,456.661,-475.815,286.167,-101.198,-733.768,200.205,328.105,-1028.247,538.018,304.206,-787.803,150.972,315.908,-882.48,351.284,82.7,-788.416,163.622,299.361,-988.455,56.417,304.206,-787.803,150.972,306.671,-772.187,220.022,234.234,-797.769,155.724,314.968,-856.175,166.05,229.561,-1163.66,1466.93,237.1,-998.676,1435.167,396.708,-1167.798,1485.104,246.608,-1196.043,1302.777,-52.589,-1165.29,1170.75,-220.494,-1412.783,1178.598,168.456,-1319.375,1040.735,59.008,-1232.459,1440.085,-22.1,-945.796,962.453,-213.181,-1078.406,794.744,189.762,-1093.478,837.84,-50.846,-1152.746,1158.843,-31.677,-906.557,942.355,-91.756,-892.331,998.758,-87.072,-945.295,893.121,-13.925,-979.291,979.609,519.728,-1329.3,1167.09,682.395,-1556.272,1325.774,763.473,-1124.598,1210.019,388.255,-1230.617,1443.014,536.263,-1291.56,893.247,711.611,-1496.644,875.57,741.474,-1119.22,929.39,520.118,-1328.413,1160.642,548.748,-1276.42,844.563,627.262,-1229.726,879.213,495.448,-1195.354,856.093,525.508,-1304.589,935.182,227.633,-1014.59,1721.33,228.511,-1040.875,1730.938,255.536,-1014.509,1719,225.474,-1024.238,1695.133,157.852,-1085.179,1720.163,296.204,-1086.205,1713.399,149.667,-1221.091,1703.206,288.186,-1236.498,1689.928,141.998,-1187.622,1634.778,299.079,-1180.014,1626.206,227.723,-1039.558,1721.545,219.965,-1291.162,1552.548,220.303,-1318.705,1516.782,248.151,-1371.607,1248.617,229.875,-1156.787,1465.613,220.394,-1120.361,1272.222,328.522,-1368.803,1407.624,55.81,-1231.192,1506.461,-34.653,-1233.408,1409.446,-77.874,-1130.603,1189.884,-53.943,-987.613,1051.069,5.178,-907.418,1013.038,-81.522,-964.381,932.458,-43.891,-903.665,953.821,393.66,-1224.142,1505.254,491.425,-1269.001,1406.901,543.105,-1289.234,1163.9,555.958,-1268.711,974.527,520.907,-1223.96,897.164,589.841,-1335.374,898.78,562.41,-1268.3,850.592,100.33,-1177.774,1028.291,333.033,-1134.119,1030.558,234.555,-1374.114,1084.242,293.069,-1366.414,1082.81,69.415,-1314.048,741.748,95.04,-1182.707,839.906,133.404,-1237.906,666.577,114.099,-1378.173,541.593,124.235,-1446.623,356.608,169.757,-1364.55,415.386,194.563,-1399.624,319.623,184.925,-1531.904,104.369,237.528,-1591.66,83.234,212.58,-1426.583,96.756,240.525,-1371.763,59.266,162.008,-1409.182,44.953,220.383,-1327.961,45.962,415.317,-1111.868,756.858,347.537,-1067.823,891.256,331.807,-985.819,698.261,383.755,-1026.109,543.801,392.429,-968.091,366.592,333.258,-933.991,458.78,327.315,-907.139,379.694,349.619,-867.933,114.35,300.186,-909.306,68.809,310.253,-770.614,165.146,269.248,-709.808,149.962,355.216,-726.909,124.123,288.635,-669.377,173.733,256.737,-1107.812,1373.792,258.756,-1110.103,1413.079,207.756,-1104.588,1377.721,237.863,-1403.125,1023.179,242.926,-1397.096,1060.918,285.615,-1394.82,1014.435,60.802,-1343.418,674.366,51.001,-1342.99,712.391,58.525,-1294.931,672.087,120.659,-1482.123,273.802,108.337,-1473.222,310.564,126.255,-1434.927,264.484,422.432,-1087.835,662.262,429.048,-1104.938,696.997,418.495,-1043.958,682.9,398.682,-954.653,259.996,404.457,-967.573,296.417,398.031,-908.753,275.696,142.961,-1250.68,960.085,322.836,-1213.42,961.94,170.251,-1372.25,539.354,331.777,-1025.73,527.508,221.281,-1512.88,112.498,313.276,-861.06,132.559,221.088,-1440.22,91.365,304.206,-787.803,150.972,63.139,-1234.95,1450.06,385.395,-1228.47,1449.02,-52.589,-1165.29,1170.75,519.728,-1329.3,1167.09,-31.677,-906.557,942.355,548.748,-1276.42,844.563,234.703,-1201.56,1058.15,225.054,-1509.121,89.995,-2.133,-0.257,4.585,2.653,3.088,-15.608,14.62,-1.754,14.563,-30.668,4.887,2.071,36.523,-7.382,-8.065,1.069,5.206,-21.679,3.009,-2.073,17.903,-38.162,1.17,7.867,-2.464,2.61,-13.861,-2.464,-2.61,13.861,21.935,30.695,24.865,42.165,-0,-0,0.014,24.28,89.686,8.832,-10.467,3.685,-6.939,18.9,39.692,33.686,0,0,0.223,13.904,82.269,8.832,10.467,-3.685,-85.448,2.805,-8.157,-115.232,3.024,-1.251,13.842,-0.389,-11.455,13.842,0.389,11.455,11.16,-5.818,2.582,11.16,5.818,-2.582,-20.218,4.423,-1.803,-20.218,-4.423,1.803,0,0,0,0,0,0,0.077,-0.083,1.825,-0.004,-0.01,0.706,-0.168,0.014,-0.004,0.082,0.251,1.803,-0.638,-0.009,0.959,-0.299,-0.123,-0.354,0,0,0,0,0,0,-6.937,-20.78,-3.294,-43.655,-2.595,-1.16,0.708,-1.094,-1.006,502.775,-188.183,-39.032,-428.657,-47.979,10.084,26.318,-2.877,11.295,0,0,-0.017,0,0,0.029,0,0,-0,0,0,0.155,0,0,-2.486,0,0,-0.005
30.48,232.971,-1214.35,956.738,196.841,-1039.579,913.19,53.13,-1251.802,955.639,223.047,-1171.934,1135.201,170.289,-1361.32,538.036,117.745,-938.592,410,-270.64,-1419.099,528.223,144.332,-1235.56,963.904,221.433,-1511.34,113.971,55.652,-1126.314,-40.206,-190.139,-1684.568,123.917,170.211,-1365.581,533.053,221.185,-1439,91.761,211.292,-1419.843,310.47,3.865,-1470.957,84.73,252.375,-1655.589,112.143,221.185,-1439,91.761,218.913,-1398.354,148.342,151.66,-1443.935,92.514,225.631,-1495.411,132.463,331.257,-1010.13,521.857,308.051,-598.125,701.489,-117.589,-1021.956,490.997,307.726,-1190.869,933.36,309.704,-822.468,137.217,454.148,-445.874,310.079,-104.3,-699.018,214.216,327.154,-1010.898,533.144,299.82,-750.332,159.275,313.384,-854.693,354.596,78.384,-754.273,172.547,297.046,-946.083,54.876,299.82,-750.332,159.275,302.978,-738.772,229.091,230.087,-761.723,164.315,311.869,-819.285,170.147,229.994,-1146.16,1462.73,237.154,-981.189,1430.809,397.129,-1149.858,1481.109,247.32,-1178.665,1298.63,-52.561,-1144.96,1168.3,-218.399,-1393.936,1172.284,169.768,-1295.166,1035.957,59.575,-1215.359,1436.584,-21.791,-920.791,965.573,-211.452,-1050.142,793.758,191.303,-1064.755,838.729,-50.833,-1132.372,1156.921,-31.281,-880.91,946.639,-91.38,-868.266,1003.396,-86.71,-918.039,896.218,-13.705,-954.766,981.704,519.644,-1314.72,1163.13,681.057,-1541.681,1323.105,764.613,-1111.201,1204.696,388.902,-1213.595,1438.516,537.028,-1279.66,889.015,711.083,-1486.028,873.659,743.269,-1108.316,924.01,520.051,-1313.898,1156.706,549.576,-1265.14,840.233,628.461,-1218.68,874.353,496.89,-1183.565,850.964,526.19,-1292.204,931.151,228.828,-997.536,1717.68,229.732,-1023.84,1727.233,256.722,-997.459,1715.251,226.573,-1007.131,1691.472,159.281,-1068.227,1716.571,297.34,-1069.168,1709.365,150.865,-1204.055,1699.34,289.137,-1219.393,1685.57,142.776,-1170.484,1631.025,299.934,-1162.785,1621.984,228.911,-1022.505,1717.844,220.695,-1273.774,1548.457,221.06,-1301.296,1512.753,249.358,-1354.389,1244.724,230.292,-1139.291,1461.401,220.019,-1102.859,1267.977,328.637,-1351.484,1402.971,56.366,-1214.089,1502.633,-34.307,-1216.419,1405.796,-78.326,-1110.944,1187.995,-53.891,-964.81,1052.976,5.523,-883.923,1017.26,-81.219,-938.323,934.952,-43.499,-878.34,958.177,394.407,-1207.04,1500.764,491.562,-1253.082,1402.321,543.117,-1274.737,1159.589,556.554,-1256.173,970.028,522.208,-1211.898,892.21,590.239,-1323.863,895.13,563.302,-1257.064,846.17,100.091,-1160.928,1024.288,332.804,-1115.888,1026.328,235.744,-1356.79,1079.682,293.791,-1348.651,1078.213,69.106,-1301.109,739.571,93.619,-1167.969,836.068,132.497,-1225.4,663.239,114.135,-1367.755,540.345,124.604,-1439.944,356.724,169.826,-1356.568,413.752,194.727,-1393.753,318.653,185.091,-1530.669,106.148,237.666,-1590.799,85.805,212.737,-1425.647,97.05,240.486,-1371.273,59,162.069,-1409.142,44.959,220.254,-1327.75,45.367,416.004,-1097.45,751.43,347.865,-1050.316,884.497,331.232,-971.572,691.703,382.866,-1008.651,539.761,390.511,-942.01,365.229,331.685,-912.513,459.217,325.423,-881.736,381.712,345.826,-827.98,117.446,297.034,-867.442,69.834,305.723,-734.058,174.159,263.548,-673.142,163.115,349.576,-687.175,135.121,282.383,-633.66,189.053,256.763,-1090.362,1369.499,258.808,-1092.58,1408.8,207.808,-1087.263,1373.425,238.855,-1385.713,1019.313,243.972,-1379.444,1057.015,286.524,-1377.115,1010.399,60.683,-1331.45,672.654,50.878,-1330.547,710.701,58.052,-1283.021,669.701,120.915,-1477.235,274.669,108.634,-1467.576,311.223,126.357,-1430.26,264.312,422.985,-1073.09,656.951,429.68,-1089.87,691.885,419.533,-1028.946,677.156,396.397,-922.891,259.128,402.259,-937.666,294.803,395.545,-877.758,277.152,143.135,-1233.47,955.884,322.808,-1195.24,957.592,170.289,-1361.32,538.036,331.257,-1010.13,521.857,221.433,-1511.34,113.971,309.704,-822.468,137.217,221.185,-1439,91.761,299.82,-750.332,159.275,63.599,-1217.88,1446.22,386.04,-1211.39,1444.55,-52.561,-1144.96,1168.3,519.644,-1314.72,1163.13,-31.281,-880.91,946.639,549.576,-1265.14,840.233,234.981,-1184.39,1054.82,225.201,-1508.223,91.427,-3.067,-0.357,4.381,3.077,2.9,-15.302,15.031,-1.767,14.685,-30.532,4.507,2.059,36.397,-7.33,-8.03,-2.015,5.177,-22.295,2.794,-2.148,18.601,-37.566,0.67,8.239,-2.284,2.717,-14.038,-2.284,-2.717,14.038,22.647,31.023,24.102,42.772,0,0,0.512,24.464,90.185,8.665,-10.762,3.593,-7.399,18.689,39.402,33.436,0,0,0.265,13.748,82.19,8.665,10.762,-3.593,-84.624,2.606,-8.159,-118.072,3.505,-0.716,13.713,-0.343,-11.764,13.713,0.343,11.764,11.204,-5.913,2.453,11.204,5.913,-2.453,-20.109,4.62,-1.856,-20.109,-4.62,1.856,0,0,0,0,0,0,0.047,-0.053,1.882,-0.015,-0.001,0.722,-0.171,0.017,-0.004,0.096,0.242,1.778,-0.653,-0.002,0.916,-0.273,-0.149,-0.404,0,0,0,0,0,0,1.635,-4.43,-3.21,-46.939,1.046,-0.809,1.677,-0.985,-0.722,547.762,-186.64,-44.972,-481.742,-42.377,11.478,30.286,-2.333,12.946,0,0,0.001,0,0,0.039,0,0,-0.001,0,0,0.095,0,0,-2.328,0,0,-0.004
30.49,232.995,-1196.53,952.54,195.859,-1021.884,909.339,53.354,-1234.937,951.697,223.161,-1154.455,1131.089,170.308,-1349.77,536.703,114.515,-929.263,402.859,-270.18,-1410.987,527.991,143.652,-1218.318,960.806,221.409,-1509.6,115.769,54.837,-1128.43,-46.903,-189.877,-1683.199,130.143,170.451,-1354.448,531.497,221.146,-1437.65,92.326,211.941,-1414.748,310.705,3.782,-1469.552,86.509,252.24,-1653.883,116.314,221.146,-1437.65,92.326,218.551,-1396.109,148.239,151.636,-1442.808,92.933,225.645,-1493.385,133.944,330.71,-993.928,516.622,303.309,-582.37,696.689,-118.005,-1010.404,485.997,309.296,-1175.321,927.953,306.087,-787.204,141.561,452.279,-418.64,329.594,-107.181,-666.849,226.959,326.24,-992.735,528.755,295.758,-716.132,166.66,311.022,-828.455,357.385,74.423,-722.348,180.713,293.986,-907.366,54.179,295.758,-716.132,166.66,299.733,-708.115,236.93,226.222,-728.541,172.009,308.673,-785.412,173.833,230.505,-1128.49,1458.59,237.281,-963.534,1426.508,397.639,-1131.764,1477.056,247.992,-1161.116,1294.531,-52.291,-1124.87,1165.82,-215.933,-1375.326,1166.102,171.451,-1271.209,1031.539,60.26,-1198.108,1433.169,-21.443,-896.513,968.364,-209.555,-1022.971,792.733,193.005,-1036.769,839.663,-50.591,-1112.292,1154.949,-30.915,-856.035,950.567,-90.966,-844.966,1007.703,-86.415,-891.637,899.134,-13.399,-930.889,983.479,519.491,-1299.76,1159.16,679.645,-1526.823,1320.251,765.73,-1097.516,1199.421,389.591,-1196.332,1434.089,537.764,-1267.39,884.799,710.456,-1475.061,871.799,745.075,-1097.119,918.695,519.918,-1299.004,1152.756,550.358,-1253.52,835.919,629.64,-1207.313,869.456,498.327,-1171.42,845.806,526.852,-1279.403,927.149,230.152,-980.345,1714.11,231.086,-1006.67,1723.604,258.037,-980.268,1711.581,227.8,-989.885,1687.891,160.768,-1051.109,1713.058,298.644,-1051.997,1705.386,152.182,-1186.885,1695.514,290.367,-1202.155,1681.229,143.723,-1153.189,1627.345,300.907,-1145.424,1617.804,230.231,-1005.325,1714.222,221.533,-1256.217,1544.423,221.917,-1283.722,1508.786,250.475,-1337.001,1240.877,230.787,-1121.624,1457.249,219.712,-1085.225,1263.813,328.863,-1333.991,1398.45,57.015,-1196.806,1498.854,-33.87,-1199.191,1402.221,-78.534,-1091.514,1186.013,-53.716,-942.557,1054.604,5.949,-861.083,1021.022,-80.905,-913.045,937.234,-43.123,-853.785,962.182,395.212,-1189.686,1496.318,491.684,-1236.885,1397.733,543.041,-1259.847,1155.266,557.089,-1243.247,965.536,523.511,-1199.461,887.254,590.581,-1311.977,891.521,564.153,-1245.476,841.755,99.88,-1143.874,1020.41,332.479,-1097.55,1022.084,236.934,-1339.241,1075.206,294.567,-1330.766,1073.758,68.839,-1287.598,737.407,92.257,-1152.797,832.299,131.705,-1212.332,659.916,114.124,-1356.708,539.088,124.851,-1432.788,356.979,169.784,-1348.072,412.131,194.814,-1387.501,317.789,185.063,-1529.228,108.276,237.608,-1589.78,88.909,212.752,-1424.485,97.472,240.401,-1370.714,58.706,162.107,-1409.043,44.956,220.117,-1327.586,44.807,416.897,-1082.248,746.356,347.949,-1032.686,877.848,330.348,-956.837,686.01,381.924,-990.601,536.061,388.589,-916.916,363.941,330.2,-891.229,459.474,323.636,-857.211,383.341,341.956,-791.492,120.352,293.552,-829.072,71.039,301.615,-700.621,182.105,258.648,-639.676,174.735,344.582,-651.2,144.852,277.179,-601.17,202.492,256.819,-1072.763,1365.271,258.95,-1074.898,1404.576,207.927,-1069.75,1369.237,239.986,-1368.116,1015.43,245.137,-1361.664,1053.108,287.573,-1359.201,1006.391,60.532,-1318.837,670.953,50.744,-1317.477,709.008,57.611,-1270.474,667.346,121.016,-1471.943,275.763,108.788,-1461.472,312.086,126.328,-1425.213,264.317,423.543,-1057.195,652.017,430.413,-1073.773,687.064,420.61,-1012.868,671.952,393.919,-893.185,258.39,399.876,-909.506,293.362,393.056,-848.767,278.313,143.26,-1216.13,951.813,322.729,-1176.94,953.266,170.308,-1349.77,536.703,330.71,-993.928,516.622,221.409,-1509.6,115.769,306.087,-787.204,141.561,221.146,-1437.65,92.326,295.758,-716.132,166.66,64.157,-1200.64,1442.43,386.738,-1194.06,1440.12,-52.291,-1124.87,1165.82,519.491,-1299.76,1159.16,-30.915,-856.035,950.567,550.358,-1253.52,835.919,235.222,-1167.13,1051.55,225.18,-1507.132,93.191,-3.948,-0.433,4.222,3.595,2.691,-15.028,15.375,-1.781,14.811,-30.503,4.07,2.088,36.388,-7.273,-7.734,-4.496,5.088,-23.179,2.669,-2.205,19.119,-36.967,0.214,8.515,-2.128,2.812,-14.213,-2.128,-2.812,14.213,23.291,31.268,23.346,43.328,-0,0,1.026,24.698,90.759,8.49,-11.019,3.507,-7.831,18.491,39.084,33.145,-0,-0,0.29,13.546,82.105,8.49,11.019,-3.507,-83.67,2.425,-8.134,-120.463,3.945,-0.457,13.602,-0.263,-12.068,13.602,0.263,12.068,11.248,-5.968,2.322,11.248,5.968,-2.322,-19.994,4.818,-1.918,-19.994,-4.818,1.918,0,0,0,0,0,0,0.037,-0.022,1.93,-0.022,0.009,0.735,-0.173,0.019,-0.005,0.111,0.216,1.749,-0.658,0.005,0.865,-0.247,-0.172,-0.444,0,0,0,0,0,0,1.328,11.773,-3.243,-49.837,4.759,-0.569,3.204,-0.929,-0.588,583.236,-169.437,-48.254,-521.58,-36.275,11.744,32.829,-1.766,13.411,0,0,0.003,0,0,0.051,0,0,-0.001,0,0,-0.01,0,0,-1.931,0,0,-0.007
30.5,232.974,-1178.57,948.479,194.828,-1004.074,905.551,53.536,-1217.923,947.964,223.289,-1136.745,1127.095,170.288,-1337.59,535.363,111.74,-919.252,396.013,-269.805,-1401.725,527.729,143.016,-1200.722,957.709,221.176,-1507.61,117.927,54.108,-1130.543,-53.559,-189.954,-1681.132,136.922,170.59,-1342.657,529.911,220.939,-1436.14,93.061,212.291,-1408.897,310.964,3.524,-1467.89,88.402,251.841,-1651.891,121.262,220.939,-1436.14,93.061,217.946,-1393.481,148.106,151.44,-1441.471,93.413,225.364,-1491.008,135.823,330.053,-976.837,512.05,296.512,-566.221,693.226,-118.358,-999.839,481.169,311.138,-1159.65,922.874,302.497,-755.481,144.982,451.111,-393.667,343.91,-109.769,-637.111,237.681,325.269,-973.763,524.985,292.115,-685.329,172.529,308.736,-803.999,359.255,70.878,-692.655,187.566,290.238,-872.65,53.648,292.115,-685.329,172.529,296.94,-680.239,243.018,222.706,-698.288,178.216,305.419,-754.785,176.633,231.107,-1110.65,1454.55,237.506,-945.707,1422.328,398.253,-1113.536,1472.973,248.623,-1143.375,1290.514,-51.768,-1105.08,1163.37,-213.058,-1357.037,1160.164,173.529,-1247.575,1027.564,61.076,-1180.709,1429.928,-21.058,-872.997,970.807,-207.477,-996.986,791.646,194.877,-1009.573,840.643,-50.109,-1092.536,1152.968,-30.578,-831.969,954.104,-90.542,-822.47,1011.613,-86.155,-866.158,901.802,-13.007,-907.692,984.932,519.292,-1284.38,1155.21,678.232,-1511.603,1317.275,766.803,-1083.443,1194.195,390.321,-1178.78,1429.75,538.449,-1254.71,880.638,709.755,-1463.661,870.009,746.831,-1085.54,913.46,519.736,-1283.694,1148.833,551.109,-1241.51,831.66,630.796,-1195.593,864.631,499.77,-1158.873,840.657,527.45,-1266.174,923.188,231.608,-963.028,1710.67,232.573,-989.374,1720.101,259.484,-962.947,1708.042,229.163,-972.508,1684.437,162.313,-1033.815,1709.669,300.106,-1034.68,1701.511,153.619,-1169.564,1691.779,291.919,-1184.774,1676.967,144.855,-1135.731,1623.778,302.01,-1127.92,1613.713,231.685,-988.003,1710.723,222.486,-1238.496,1540.498,222.871,-1265.987,1504.929,251.469,-1319.42,1237.11,231.373,-1103.782,1453.213,219.495,-1067.437,1259.783,329.222,-1316.317,1394.117,57.771,-1179.349,1495.189,-33.309,-1181.711,1398.789,-78.497,-1072.356,1183.967,-53.435,-920.89,1055.945,6.418,-838.906,1024.315,-80.561,-888.616,939.261,-42.768,-830.038,965.795,396.075,-1172.071,1491.96,491.825,-1220.35,1393.184,542.894,-1244.545,1150.974,557.568,-1229.911,961.104,524.797,-1186.631,882.335,590.846,-1299.698,887.992,564.975,-1233.517,837.397,99.676,-1126.592,1016.683,332.061,-1079.082,1017.893,238.098,-1321.43,1070.907,295.394,-1312.737,1069.531,68.6,-1273.474,735.252,91.003,-1137.163,828.612,131.035,-1198.685,656.64,114.049,-1344.986,537.814,124.948,-1425.103,357.382,169.634,-1339.041,410.538,194.797,-1380.838,317.05,184.806,-1527.53,110.782,237.327,-1588.552,92.603,212.592,-1423.052,98.008,240.264,-1370.085,58.36,162.114,-1408.86,44.932,219.979,-1327.474,44.296,417.841,-1065.853,741.869,347.642,-1014.921,871.652,329.064,-941.284,681.559,380.869,-971.812,532.742,386.627,-892.895,362.553,328.757,-870.068,459.392,321.925,-833.563,384.342,338.091,-758.801,122.565,289.773,-794.602,71.949,298.022,-670.445,188.401,254.693,-609.441,184.123,340.399,-619.184,152.638,273.196,-571.891,213.318,256.942,-1055.008,1361.157,259.22,-1057.064,1400.456,208.14,-1052.037,1365.215,241.242,-1350.298,1011.599,246.409,-1343.723,1049.265,288.75,-1341.046,1002.476,60.34,-1305.535,669.254,50.589,-1303.734,707.304,57.187,-1257.24,665.017,120.926,-1466.202,277.113,108.761,-1454.863,313.179,126.14,-1419.741,264.516,423.904,-1039.811,647.656,431.057,-1056.35,682.704,421.443,-995.422,667.545,391.23,-865.724,257.497,397.295,-883.244,291.871,390.551,-821.905,278.856,143.343,-1198.64,947.916,322.606,-1158.51,949.042,170.288,-1337.59,535.363,330.053,-976.837,512.05,221.176,-1507.61,117.927,302.497,-755.481,144.982,220.939,-1436.14,93.061,292.115,-685.329,172.529,64.814,-1183.21,1438.76,387.485,-1176.46,1435.78,-51.768,-1105.08,1163.37,519.292,-1284.38,1155.21,-30.578,-831.969,954.104,551.109,-1241.51,831.66,235.417,-1149.78,1048.37,224.959,-1505.802,95.305,-4.769,-0.498,4.131,4.206,2.463,-14.784,15.616,-1.792,14.917,-30.568,3.596,2.172,36.522,-7.21,-7.167,-6.286,4.916,-24.342,2.703,-2.241,19.45,-36.447,-0.166,8.683,-2.008,2.878,-14.394,-2.008,-2.878,14.394,23.846,31.419,22.6,43.835,-0,-0,1.556,24.972,91.381,8.314,-11.225,3.431,-8.245,18.32,38.764,32.823,-0,0,0.285,13.346,82.002,8.314,11.225,-3.431,-82.553,2.278,-8.083,-122.401,4.296,-0.485,13.514,-0.161,-12.37,13.514,0.161,12.37,11.282,-5.978,2.193,11.282,5.978,-2.193,-19.868,5.01,-1.983,-19.868,-5.01,1.983,0,0,0,0,0,0,0.051,0.007,1.969,-0.023,0.019,0.746,-0.176,0.02,-0.004,0.127,0.174,1.725,-0.65,0.011,0.812,-0.223,-0.19,-0.469,0,0,0,0,0,0,-9.635,27.413,-3.397,-51.757,7.964,-0.484,5.141,-0.944,-0.636,610.105,-139.616,-48.991,-544.93,-31.66,10.744,34.42,-1.181,12.505,0,0,-0.01,0,0,0.063,0,0,-0.001,0,0,-0.149,0,0,-1.339,0,0,-0.013
30.51,232.926,-1160.45,944.62,193.79,-986.132,901.859,53.693,-1200.727,944.464,223.403,-1118.763,1123.277,170.206,-1324.74,533.995,109.442,-908.459,389.525,-269.556,-1391.219,527.403,142.444,-1182.809,954.635,220.713,-1505.34,120.468,53.41,-1132.659,-60.134,-190.383,-1678.348,144.283,170.629,-1330.195,528.285,220.55,-1434.46,93.951,212.285,-1402.158,311.177,3.078,-1465.957,90.361,251.155,-1649.549,127.1,220.55,-1434.46,93.951,217.104,-1390.448,147.893,151.057,-1439.885,93.938,224.74,-1488.239,138.098,329.204,-958.643,508.333,287.848,-549.554,691.339,-118.662,-989.751,476.662,313.066,-1143.666,918.285,299.003,-727.387,146.978,450.516,-370.514,352.536,-112.068,-609.714,245.678,324.149,-954.022,521.908,288.95,-657.953,176.403,306.426,-781.475,359.876,67.792,-665.192,192.595,285.922,-842.114,52.706,288.95,-657.953,176.403,294.544,-655.097,246.961,219.579,-670.964,182.43,302.153,-727.526,178.172,231.813,-1092.62,1450.7,237.863,-927.685,1418.37,398.984,-1095.177,1468.94,249.209,-1125.411,1286.665,-50.992,-1085.6,1160.95,-209.767,-1339.088,1154.506,175.998,-1224.297,1024.036,62.025,-1163.15,1426.882,-20.634,-850.274,972.888,-205.204,-972.25,790.461,196.923,-983.211,841.661,-49.387,-1073.15,1150.999,-30.267,-808.748,957.216,-90.138,-800.808,1015.058,-85.892,-841.674,904.16,-12.53,-885.207,986.07,519.066,-1268.6,1151.34,676.888,-1495.998,1314.25,767.808,-1068.945,1189.056,391.093,-1160.966,1425.557,539.065,-1241.61,876.571,709.01,-1451.774,868.296,748.483,-1073.519,908.325,519.529,-1267.975,1144.978,551.842,-1229.09,827.492,631.921,-1183.501,859.964,501.229,-1145.908,835.526,527.944,-1252.497,919.288,233.191,-945.552,1707.4,234.192,-971.921,1716.763,261.058,-945.461,1704.676,230.656,-954.968,1681.153,163.923,-1016.338,1706.447,301.706,-1017.208,1697.788,155.178,-1152.079,1688.187,293.76,-1167.245,1672.845,146.178,-1118.104,1620.364,303.247,-1110.26,1609.764,233.271,-970.527,1707.387,223.562,-1220.618,1536.729,223.921,-1248.094,1501.226,252.319,-1301.616,1233.446,232.065,-1085.761,1449.349,219.393,-1049.461,1255.941,329.728,-1298.455,1390.016,58.641,-1161.725,1491.7,-32.594,-1163.985,1395.554,-78.215,-1053.51,1181.881,-53.066,-899.84,1056.99,6.898,-817.397,1027.132,-80.165,-865.097,940.988,-42.438,-807.134,968.975,397.006,-1154.202,1487.734,492.026,-1203.429,1388.715,542.691,-1228.811,1146.755,557.999,-1216.141,956.777,526.036,-1173.389,877.489,591.022,-1286.996,884.579,565.776,-1221.162,833.142,99.467,-1109.056,1013.12,331.573,-1060.451,1013.836,239.197,-1303.321,1066.877,296.252,-1294.532,1065.6,68.382,-1258.704,733.096,89.892,-1121.046,825.019,130.478,-1184.436,653.44,113.892,-1332.539,536.512,124.877,-1416.834,357.939,169.382,-1329.44,408.978,194.642,-1373.719,316.447,184.305,-1525.521,113.687,236.808,-1587.048,96.94,212.238,-1421.307,98.623,240.078,-1369.389,57.936,162.079,-1408.572,44.872,219.849,-1327.416,43.854,418.647,-1047.966,738.145,346.834,-996.995,866.259,327.345,-924.648,678.56,379.638,-952.197,529.822,384.591,-869.986,360.927,327.29,-848.973,458.829,320.233,-810.778,384.516,334.32,-730.1,123.682,285.787,-764.313,72.19,294.99,-643.575,192.579,251.745,-582.393,190.695,337.135,-591.202,157.945,270.496,-545.728,220.933,257.176,-1037.081,1357.214,259.655,-1039.087,1396.499,208.478,-1034.107,1361.414,242.587,-1332.219,1007.895,247.75,-1325.577,1045.555,290.014,-1322.621,998.719,60.107,-1291.506,667.542,50.408,-1289.284,705.577,56.768,-1243.278,662.706,120.624,-1459.96,278.74,108.533,-1447.701,314.521,125.77,-1413.795,264.925,423.906,-1020.754,644.018,431.432,-1037.432,678.945,421.773,-976.447,664.12,388.339,-840.596,256.227,394.527,-858.944,290.158,388.016,-797.214,278.543,143.399,-1180.98,944.236,322.454,-1139.93,945.004,170.206,-1324.74,533.995,329.204,-958.643,508.333,220.713,-1505.34,120.468,299.003,-727.387,146.978,220.55,-1434.46,93.951,288.95,-657.953,176.403,65.584,-1165.6,1435.26,388.287,-1158.6,1431.57,-50.992,-1085.6,1160.95,519.066,-1268.6,1151.34,-30.267,-808.748,957.216,551.842,-1229.09,827.492,235.567,-1132.28,1045.32,224.523,-1504.177,97.782,-5.506,-0.565,4.108,4.923,2.219,-14.584,15.719,-1.803,15.009,-30.716,3.111,2.335,36.808,-7.143,-6.364,-7.337,4.672,-25.735,2.947,-2.256,19.584,-36.084,-0.426,8.738,-1.936,2.894,-14.581,-1.936,-2.894,14.581,24.298,31.472,21.862,44.298,0,0,2.085,25.27,92.014,8.142,-11.373,3.373,-8.638,18.185,38.46,32.48,-0,0,0.219,13.181,81.869,8.142,11.373,-3.373,-81.239,2.177,-8.005,-123.888,4.518,-0.782,13.46,-0.049,-12.665,13.46,0.049,12.665,11.305,-5.937,2.073,11.305,5.937,-2.073,-19.736,5.195,-2.057,-19.736,-5.195,2.057,0,0,0,0,0,0,0.088,0.034,1.999,-0.016,0.028,0.756,-0.179,0.018,-0.003,0.145,0.119,1.711,-0.627,0.015,0.762,-0.202,-0.202,-0.477,0,0,0,0,0,0,-28.814,40.808,-3.428,-52.306,9.353,-0.416,7.432,-1.045,-0.714,629.944,-101.475,-47.896,-548.848,-29.225,8.425,35.609,-0.6,10.144,0,0,-0.029,0,0,0.075,0,0,0,0,0,-0.302,0,0,-0.645,0,0,-0.023
30.52,232.872,-1142.13,941.008,192.805,-968.011,898.3,53.838,-1183.283,941.187,223.474,-1100.468,1119.677,170.04,-1311.17,532.586,107.599,-896.798,383.422,-269.466,-1379.407,527.006,141.959,-1164.567,951.599,220.01,-1502.68,123.408,52.636,-1134.726,-66.578,-191.134,-1674.808,152.249,170.554,-1316.991,526.611,219.981,-1432.56,94.972,211.856,-1394.338,311.24,2.445,-1463.704,92.304,250.164,-1646.728,133.957,219.981,-1432.56,94.972,216.034,-1386.96,147.543,150.491,-1437.998,94.472,223.756,-1484.998,140.74,328.101,-939.251,505.574,277.725,-532.274,691.01,-118.937,-979.562,472.601,314.894,-1127.132,914.33,295.666,-702.896,147.224,450.18,-348.809,355.349,-114.16,-584.672,250.347,322.805,-933.577,519.539,286.269,-633.939,177.959,304.006,-760.875,359.061,65.169,-639.972,195.385,281.224,-815.808,50.98,286.269,-633.939,177.959,292.431,-632.568,248.514,216.843,-646.513,184.267,298.915,-703.638,178.209,232.637,-1074.43,1447.06,238.372,-909.489,1414.702,399.848,-1076.73,1464.971,249.76,-1107.212,1282.994,-49.968,-1066.5,1158.61,-206.047,-1321.565,1149.229,178.856,-1201.462,1021.018,63.105,-1145.456,1424.104,-20.17,-828.372,974.586,-202.721,-948.832,789.145,199.149,-957.725,842.711,-48.424,-1054.161,1149.07,-29.981,-786.402,959.869,-89.777,-780.005,1017.978,-85.596,-818.241,906.144,-11.966,-863.464,986.89,518.835,-1252.38,1147.59,675.7,-1479.94,1311.197,768.729,-1053.928,1184.02,391.935,-1142.879,1421.566,539.594,-1228.05,872.632,708.25,-1439.328,866.668,749.981,-1060.971,903.302,519.315,-1251.82,1141.226,552.563,-1216.25,823.45,633.001,-1171.005,855.513,502.7,-1132.518,830.388,528.297,-1238.326,915.479,234.884,-927.911,1704.32,235.925,-954.302,1713.617,262.742,-927.804,1701.503,232.264,-937.266,1678.059,165.618,-998.683,1703.428,303.417,-999.573,1694.265,156.859,-1134.42,1684.79,295.796,-1149.559,1668.921,147.682,-1100.306,1617.143,304.62,-1092.436,1606.013,234.973,-952.886,1704.251,224.763,-1202.59,1533.157,225.07,-1230.044,1497.714,253.02,-1283.554,1229.902,232.876,-1067.557,1445.712,219.427,-1031.259,1252.34,330.383,-1280.4,1386.171,59.635,-1143.94,1488.443,-31.704,-1146.035,1392.561,-77.697,-1035.013,1179.781,-52.627,-879.437,1057.728,7.359,-796.563,1029.469,-79.696,-842.541,942.371,-42.137,-785.102,971.682,398.021,-1136.102,1483.681,492.326,-1186.096,1384.363,542.443,-1212.632,1142.64,558.394,-1201.905,952.602,527.196,-1159.706,872.752,591.103,-1273.831,881.31,566.559,-1208.376,829.029,99.253,-1091.23,1009.727,331.045,-1041.62,1010.01,240.187,-1284.884,1063.19,297.103,-1276.119,1062.015,68.176,-1243.269,730.928,88.942,-1104.437,821.537,130.011,-1169.549,650.342,113.634,-1319.32,535.168,124.627,-1407.926,358.655,169.029,-1319.228,407.452,194.311,-1366.084,315.984,183.563,-1523.132,117.01,236.064,-1585.171,101.969,211.691,-1419.207,99.27,239.851,-1368.631,57.404,161.994,-1408.167,44.766,219.731,-1327.413,43.504,419.137,-1028.462,735.276,345.48,-978.857,861.978,325.217,-906.77,677.019,378.187,-931.739,527.302,382.456,-848.169,358.989,325.721,-827.912,457.683,318.489,-788.831,383.733,330.737,-705.424,123.455,281.733,-738.322,71.546,292.508,-619.934,194.333,249.777,-558.416,194.035,334.82,-567.184,160.43,269.016,-522.504,224.918,257.561,-1018.962,1353.503,260.284,-1020.969,1392.771,208.971,-1015.944,1357.891,243.96,-1313.834,1004.389,249.101,-1307.176,1042.047,291.305,-1303.897,995.181,59.834,-1276.728,665.804,50.203,-1274.106,703.817,56.347,-1228.562,660.406,120.107,-1453.164,280.664,108.1,-1439.946,316.127,125.199,-1407.333,265.569,423.467,-1000.033,641.19,431.407,-1017.021,675.876,421.425,-955.954,661.754,385.288,-817.773,254.455,391.612,-836.565,288.128,385.446,-774.633,277.252,143.445,-1163.09,940.791,322.299,-1121.16,941.224,170.04,-1311.17,532.586,328.101,-939.251,505.574,220.01,-1502.68,123.408,295.666,-702.896,147.224,219.981,-1432.56,94.972,286.269,-633.939,177.959,66.462,-1147.8,1431.98,389.168,-1140.5,1427.54,-49.968,-1066.5,1158.61,518.835,-1252.38,1147.59,-29.981,-786.402,959.869,552.563,-1216.25,823.45,235.676,-1114.6,1042.42,223.877,-1502.189,100.619,-6.152,-0.653,4.141,5.749,1.966,-14.44,15.636,-1.813,15.104,-30.919,2.629,2.581,37.23,-7.065,-5.382,-7.648,4.388,-27.265,3.411,-2.248,19.518,-35.93,-0.521,8.677,-1.925,2.844,-14.766,-1.925,-2.844,14.766,24.624,31.419,21.14,44.72,-0,0,2.606,25.586,92.634,8.001,-11.461,3.336,-9.019,18.088,38.194,32.116,-0,0,0.051,13.063,81.707,8.001,11.461,-3.336,-79.683,2.139,-7.894,-124.922,4.587,-1.303,13.443,0.056,-12.945,13.443,-0.056,12.945,11.299,-5.843,1.965,11.299,5.843,-1.965,-19.608,5.369,-2.141,-19.608,-5.369,2.141,0,0,0,0,0,0,0.147,0.056,2.023,-0,0.034,0.766,-0.184,0.014,-0.001,0.166,0.058,1.716,-0.588,0.016,0.72,-0.186,-0.205,-0.466,0,0,0,0,0,0,-57.178,51.103,-2.961,-50.526,8.405,-0.111,9.882,-1.24,-0.535,639.575,-58.426,-45.63,-531.256,-28.662,5.068,36.72,-0.075,6.608,0,0,-0.049,0,0,0.082,0,0,0.004,0,0,-0.433,0,0,0.03,0,0,-0.033
30.53,232.847,-1123.56,937.691,191.947,-949.65,894.921,54.001,-1165.523,938.091,223.456,-1081.832,1116.345,169.759,-1296.85,531.121,106.127,-884.205,377.731,-269.57,-1366.294,526.556,141.576,-1146.002,948.618,219.079,-1499.57,126.771,51.699,-1136.76,-72.858,-192.148,-1670.538,160.847,170.345,-1303.005,524.874,219.245,-1430.4,96.095,210.935,-1385.226,311.011,1.643,-1461.131,94.14,248.896,-1643.27,141.985,219.245,-1430.4,96.095,214.781,-1382.981,146.989,149.755,-1435.753,94.987,222.4,-1481.208,143.71,326.719,-918.712,503.773,266.92,-514.303,692.007,-119.233,-968.524,469.12,316.415,-1109.832,911.108,292.544,-681.851,145.617,449.663,-328.264,352.639,-116.187,-562.102,251.294,321.201,-912.512,517.83,284.039,-613.106,177.076,301.46,-741.992,356.827,62.988,-617.016,195.697,276.389,-793.657,48.358,284.039,-613.106,177.076,290.474,-612.424,247.617,214.473,-624.797,183.535,295.744,-682.968,176.684,233.595,-1056.04,1443.7,239.06,-891.077,1411.408,400.858,-1058.167,1461.14,250.292,-1088.722,1279.57,-48.706,-1047.81,1156.35,-201.888,-1304.518,1144.398,182.094,-1179.115,1018.518,64.315,-1127.602,1421.617,-19.664,-807.314,975.882,-200.024,-926.774,787.671,201.547,-933.163,843.777,-47.232,-1035.602,1147.196,-29.717,-764.962,962.028,-89.475,-760.078,1020.323,-85.245,-795.914,907.698,-11.313,-842.494,987.389,518.608,-1235.74,1143.98,674.69,-1463.454,1308.119,769.567,-1038.401,1179.112,392.85,-1124.561,1417.807,540.029,-1214,868.849,707.48,-1426.285,865.111,751.313,-1047.859,898.427,519.105,-1235.237,1137.605,553.27,-1202.93,819.562,634.025,-1158.047,851.337,504.174,-1118.656,825.301,528.498,-1223.641,911.773,236.669,-910.1,1701.48,237.754,-936.512,1710.712,264.518,-909.971,1698.577,233.973,-919.395,1675.206,167.413,-980.859,1700.646,305.22,-981.77,1690.987,158.66,-1116.589,1681.64,297.906,-1131.71,1665.25,149.351,-1082.343,1614.158,306.134,-1074.443,1602.518,236.772,-935.074,1701.346,226.089,-1184.419,1529.817,226.325,-1211.841,1494.42,253.582,-1265.194,1226.488,233.822,-1049.167,1442.358,219.615,-1012.794,1249.036,331.179,-1262.142,1382.586,60.761,-1125.998,1485.469,-30.631,-1127.902,1389.841,-76.955,-1016.894,1177.69,-52.13,-859.703,1058.148,7.776,-776.409,1031.323,-79.141,-820.988,943.372,-41.865,-763.969,973.879,399.135,-1117.803,1479.84,492.755,-1168.347,1380.159,542.16,-1196.003,1138.66,558.761,-1187.173,948.611,528.255,-1145.542,868.157,591.092,-1260.156,878.207,567.321,-1195.118,825.091,99.042,-1073.075,1006.503,330.509,-1022.548,1006.514,241.022,-1266.091,1059.902,297.896,-1257.464,1058.8,67.972,-1227.164,728.748,88.16,-1087.335,818.182,129.596,-1153.99,647.363,113.252,-1305.295,533.774,124.196,-1398.333,359.54,168.558,-1308.352,405.957,193.762,-1357.86,315.663,182.606,-1520.287,120.766,235.131,-1582.796,107.739,210.961,-1416.71,99.889,239.601,-1367.818,56.74,161.854,-1407.647,44.604,219.631,-1327.469,43.267,419.178,-1007.422,733.253,343.626,-960.42,859.027,322.783,-887.628,676.734,376.511,-910.504,525.171,380.224,-827.366,356.729,323.983,-806.888,455.915,316.619,-767.689,381.955,327.436,-684.617,121.83,277.768,-716.56,70.002,290.514,-599.313,193.559,248.674,-537.31,193.945,333.403,-546.905,159.97,268.596,-501.961,225.08,258.124,-1000.627,1350.091,261.125,-1002.706,1389.342,209.642,-997.533,1354.7,245.287,-1295.104,1001.145,250.392,-1288.47,1038.799,292.548,-1284.85,991.919,59.516,-1261.186,664.036,49.977,-1258.193,702.024,55.918,-1213.079,658.116,119.389,-1445.762,282.901,107.481,-1431.561,318.009,124.411,-1400.315,266.477,422.588,-977.859,639.171,430.92,-995.294,673.52,420.356,-934.135,660.397,382.16,-797.098,252.155,388.63,-815.96,285.77,382.852,-753.993,274.988,143.516,-1144.92,937.585,322.178,-1102.19,937.797,169.759,-1296.85,531.121,326.719,-918.712,503.773,219.079,-1499.57,126.771,292.544,-681.851,145.617,219.245,-1430.4,96.095,284.039,-613.106,177.076,67.456,-1129.81,1428.99,390.132,-1122.16,1423.72,-48.706,-1047.81,1156.35,518.608,-1235.74,1143.98,-29.717,-764.962,962.028,553.27,-1202.93,819.562,235.757,-1096.72,1039.7,223.046,-1499.753,103.814,-6.698,-0.787,4.209,6.694,1.714,-14.36,15.316,-1.826,15.217,-31.141,2.193,2.925,37.745,-6.965,-4.332,-7.271,4.12,-28.785,4.045,-2.219,19.248,-36.005,-0.412,8.494,-1.975,2.701,-14.941,-1.975,-2.701,14.941,24.807,31.258,20.437,45.111,0,0,3.108,25.911,93.218,7.896,-11.48,3.32,-9.388,18.031,37.972,31.736,-0,0,-0.214,13.01,81.516,7.896,11.48,-3.32,-77.834,2.187,-7.754,-125.486,4.506,-1.976,13.463,0.125,-13.204,13.463,-0.125,13.204,11.261,-5.698,1.871,11.261,5.698,-1.871,-19.482,5.525,-2.231,-19.482,-5.525,2.231,0,0,0,0,0,0,0.224,0.071,2.04,0.022,0.037,0.78,-0.192,0.008,0.002,0.188,-0.005,1.743,-0.534,0.011,0.693,-0.174,-0.2,-0.436,0,0,0,0,0,0,-95.507,57.657,-1.729,-45.586,4.828,0.584,12.071,-1.528,0.095,633.949,-14.801,-42.635,-491.909,-28.744,1.287,37.683,0.328,2.537,0,0,-0.066,0,0,0.082,0,0,0.01,0,0,-0.506,0,0,0.567,0,0,-0.042
30.54,232.863,-1104.68,934.713,191.261,-930.971,891.802,54.188,-1147.362,935.16,223.316,-1062.842,1113.333,169.327,-1281.72,529.57,104.801,-870.6,372.503,-269.883,-1351.974,526.118,141.329,-1127.13,945.708,217.945,-1495.87,130.547,50.185,-1138.799,-78.871,-193.219,-1665.78,170.213,169.992,-1288.193,523.064,218.357,-1427.9,97.28,209.48,-1374.621,310.31,0.695,-1458.232,95.796,247.399,-1638.945,151.274,218.357,-1427.9,97.28,213.363,-1378.45,146.152,148.87,-1433.081,95.423,220.671,-1476.752,146.948,325.077,-897.213,502.835,256.364,-495.563,693.913,-119.643,-955.948,466.373,317.474,-1091.59,908.685,289.686,-663.978,142.282,448.523,-308.695,345.046,-118.308,-542.16,248.439,319.346,-890.921,516.696,282.19,-595.163,173.845,298.858,-724.432,353.392,61.199,-596.33,193.521,271.67,-775.478,44.999,282.19,-595.163,173.845,288.571,-594.331,244.389,212.424,-605.613,180.279,292.673,-665.22,173.723,234.698,-1037.46,1440.68,239.938,-872.454,1408.569,402.024,-1039.497,1457.517,250.828,-1069.932,1276.452,-47.221,-1029.54,1154.22,-197.314,-1287.959,1140.132,185.666,-1157.3,1016.568,65.662,-1109.564,1419.475,-19.115,-787.116,976.771,-197.125,-906.094,786.033,204.096,-909.568,844.838,-45.825,-1017.493,1145.403,-29.472,-744.451,963.664,-89.246,-741.026,1022.047,-84.816,-774.748,908.779,-10.568,-822.32,987.586,518.395,-1218.67,1140.52,673.858,-1446.566,1304.995,770.345,-1022.372,1174.365,393.857,-1106.03,1414.308,540.371,-1199.41,865.244,706.695,-1412.606,863.608,752.49,-1034.145,893.738,518.905,-1218.22,1134.139,553.955,-1189.09,815.854,634.975,-1144.554,847.442,505.621,-1104.298,820.277,528.557,-1208.385,908.202,238.523,-892.112,1698.88,239.655,-918.542,1708.053,266.364,-891.953,1695.901,235.762,-901.354,1672.594,169.322,-962.879,1698.129,307.104,-963.798,1687.996,160.579,-1098.592,1678.785,299.987,-1113.69,1661.884,151.16,-1064.225,1611.449,307.792,-1056.281,1599.332,238.646,-917.086,1698.702,227.54,-1166.113,1526.741,227.696,-1193.484,1491.37,254.033,-1246.499,1223.216,234.916,-1030.59,1439.34,219.973,-994.029,1246.082,332.098,-1243.675,1379.248,62.029,-1107.901,1482.821,-29.373,-1109.63,1387.419,-76.006,-999.172,1175.632,-51.588,-840.657,1058.239,8.133,-756.938,1032.691,-78.488,-800.469,943.959,-41.624,-743.755,975.533,400.364,-1099.341,1476.247,493.335,-1150.204,1376.132,541.853,-1178.925,1134.843,559.105,-1171.916,944.831,529.201,-1130.847,863.742,591,-1245.922,875.281,568.052,-1181.34,821.35,98.843,-1054.55,1003.449,329.989,-1003.203,1003.436,241.659,-1246.922,1057.039,298.569,-1238.54,1055.965,67.75,-1210.398,726.568,87.53,-1069.744,814.977,129.178,-1137.72,644.509,112.717,-1290.436,532.326,123.587,-1388.016,360.609,167.93,-1296.755,404.486,192.954,-1348.956,315.481,181.477,-1516.896,124.966,234.076,-1579.76,114.298,210.064,-1413.775,100.424,239.349,-1366.957,55.928,161.663,-1407.03,44.387,219.552,-1327.595,43.156,418.713,-985.125,731.977,341.417,-941.571,857.483,320.212,-867.33,677.356,374.65,-888.637,523.404,377.921,-807.449,354.202,322.041,-785.937,453.563,314.575,-747.312,379.245,324.497,-667.342,118.942,274.042,-698.76,67.746,288.915,-581.376,190.363,248.26,-518.798,190.478,332.76,-529.989,156.655,269.014,-483.76,221.473,258.884,-982.052,1347.046,262.181,-984.281,1386.279,210.503,-978.864,1351.898,246.495,-1276.003,998.212,251.549,-1269.419,1035.858,293.669,-1265.466,988.984,59.14,-1244.88,662.248,49.726,-1241.554,700.208,55.464,-1196.835,655.845,118.502,-1437.702,285.468,106.712,-1422.515,320.178,123.399,-1392.699,267.679,421.338,-954.614,637.875,429.989,-972.579,671.825,418.657,-911.331,659.883,379.072,-778.302,249.403,385.685,-796.886,283.148,380.268,-735.036,271.877,143.618,-1126.41,934.631,322.108,-1082.96,934.796,169.327,-1281.72,529.57,325.077,-897.213,502.835,217.945,-1495.87,130.547,289.686,-663.978,142.282,218.357,-1427.9,97.28,282.19,-595.163,173.845,68.575,-1111.63,1426.32,391.199,-1103.62,1420.15,-47.221,-1029.54,1154.22,518.395,-1218.67,1140.52,-29.472,-744.451,963.664,553.955,-1189.09,815.854,235.821,-1078.62,1037.19,222.07,-1496.768,107.361,-7.145,-0.988,4.273,7.762,1.476,-14.378,14.708,-1.845,15.396,-31.356,1.82,3.384,38.288,-6.833,-3.338,-6.307,3.923,-30.128,4.75,-2.168,18.785,-36.297,-0.085,8.184,-2.075,2.457,-15.093,-2.075,-2.457,15.093,24.831,30.998,19.763,45.48,-0,0,3.564,26.231,93.739,7.845,-11.43,3.326,-9.744,18.008,37.792,31.343,-0,0,-0.583,13.004,81.316,7.845,11.43,-3.326,-75.649,2.335,-7.594,-125.548,4.313,-2.718,13.509,0.139,-13.434,13.509,-0.139,13.434,11.185,-5.504,1.794,11.185,5.504,-1.794,-19.371,5.658,-2.329,-19.371,-5.658,2.329,0,0,0,0,0,0,0.312,0.077,2.054,0.052,0.037,0.799,-0.202,0,0.006,0.21,-0.063,1.794,-0.467,0,0.683,-0.169,-0.185,-0.39,0,0,0,0,0,0,-138.714,59.596,0.428,-38.832,-1.874,1.701,13.774,-1.898,1.22,607.486,25.886,-39.083,-433.088,-28.104,-2.262,38.01,0.545,-1.352,0,0,-0.071,0,0,0.076,0,0,0.018,0,0,-0.5,0,0,0.886,0,0,-0.046
30.55,232.927,-1085.47,932.083,190.797,-911.938,888.973,54.394,-1128.745,932.36,223.033,-1043.51,1110.656,168.696,-1265.75,527.912,103.37,-855.953,367.749,-270.43,-1336.581,525.788,141.234,-1107.945,942.878,216.649,-1491.43,134.738,47.746,-1140.875,-84.537,-194.135,-1660.726,180.503,169.455,-1272.458,521.161,217.339,-1425,98.509,207.436,-1362.367,308.932,-0.359,-1455.08,97.217,245.771,-1633.497,161.907,217.339,-1425,98.509,211.798,-1373.305,144.937,147.866,-1429.944,95.722,218.565,-1471.496,150.425,323.244,-875.039,502.589,247.081,-475.963,696.218,-120.294,-941.224,464.534,317.974,-1072.302,907.082,287.13,-648.887,137.554,446.439,-290.006,333.496,-120.643,-524.957,242.103,317.296,-868.919,516.03,280.643,-579.716,168.557,296.367,-707.664,349.133,59.735,-577.876,189.097,267.3,-760.966,41.294,280.643,-579.716,168.557,286.692,-577.867,239.111,210.654,-588.688,174.792,289.742,-649.958,169.618,235.96,-1018.7,1438.02,241.026,-853.625,1406.24,403.356,-1020.734,1454.14,251.398,-1050.817,1273.655,-45.536,-1011.7,1152.23,-192.38,-1271.885,1136.505,189.514,-1136.073,1015.154,67.138,-1091.335,1417.691,-18.526,-767.79,977.237,-194.054,-886.813,784.242,206.759,-886.995,845.856,-44.223,-999.841,1143.718,-29.245,-724.886,964.749,-89.092,-722.847,1023.122,-84.299,-754.767,909.348,-9.738,-802.964,987.476,518.201,-1201.17,1137.24,673.161,-1429.323,1301.833,771.097,-1005.881,1169.848,394.96,-1087.303,1411.107,540.63,-1184.23,861.836,705.876,-1398.269,862.128,753.545,-1019.814,889.289,518.722,-1200.776,1130.844,554.596,-1174.68,812.347,635.849,-1130.475,843.802,507.027,-1089.395,815.37,528.506,-1192.51,904.796,240.418,-873.954,1696.58,241.602,-900.4,1705.702,268.251,-873.758,1693.535,237.606,-883.15,1670.283,171.344,-944.758,1695.905,309.068,-945.654,1685.33,162.608,-1080.443,1676.268,301.99,-1095.495,1658.874,153.082,-1045.97,1609.054,309.596,-1037.959,1596.502,240.569,-898.928,1696.347,229.116,-1147.679,1523.954,229.193,-1174.979,1488.585,254.409,-1227.44,1220.104,236.171,-1011.827,1436.705,220.512,-974.937,1243.526,333.114,-1224.996,1376.138,63.445,-1089.651,1480.535,-27.933,-1091.268,1385.317,-74.865,-981.857,1173.634,-51.006,-822.312,1057.993,8.42,-738.152,1033.567,-77.734,-781.001,944.104,-41.411,-724.472,976.615,401.72,-1080.756,1472.933,494.074,-1131.711,1372.311,541.536,-1161.405,1131.213,559.426,-1156.107,941.278,530.041,-1115.572,859.542,590.841,-1231.084,872.539,568.734,-1166.993,817.82,98.662,-1035.626,1000.567,329.505,-983.565,1000.847,242.059,-1227.363,1054.605,299.063,-1219.327,1053.503,67.483,-1192.989,724.409,87.018,-1051.672,811.948,128.68,-1120.705,641.773,111.994,-1274.717,530.82,122.808,-1376.938,361.88,167.079,-1284.371,403.026,191.848,-1339.271,315.43,180.238,-1512.852,129.622,232.983,-1575.864,121.689,209.018,-1410.365,100.829,239.118,-1366.057,54.966,161.432,-1406.343,44.129,219.494,-1327.812,43.171,417.77,-961.998,731.283,339.082,-922.182,857.264,317.723,-846.087,678.479,372.692,-866.353,521.965,375.605,-788.268,351.509,319.912,-765.127,450.736,312.352,-727.652,375.769,321.978,-653.098,115.087,270.671,-684.476,65.118,287.611,-565.686,185.041,248.33,-502.54,183.939,332.709,-515.936,150.766,270.03,-467.507,214.398,259.845,-963.221,1344.432,263.437,-965.672,1383.646,211.555,-959.936,1349.534,247.518,-1256.522,995.619,252.508,-1250.002,1033.253,294.604,-1245.747,986.405,58.685,-1227.819,660.454,49.434,-1224.205,698.385,54.955,-1179.84,653.61,117.485,-1428.924,288.375,105.839,-1412.769,322.641,122.156,-1384.437,269.201,419.826,-930.79,637.146,428.694,-949.306,670.68,416.521,-887.982,659.961,376.156,-761.034,246.354,382.9,-779.045,280.386,377.745,-717.441,268.146,143.755,-1107.49,931.916,322.099,-1063.44,932.25,168.696,-1265.75,527.912,323.244,-875.039,502.589,216.649,-1491.43,134.738,287.13,-648.887,137.554,217.339,-1425,98.509,280.643,-579.716,168.557,69.821,-1093.23,1424.01,392.374,-1084.91,1416.85,-45.536,-1011.7,1152.23,518.201,-1201.17,1137.24,-29.245,-724.886,964.749,554.596,-1174.68,812.347,235.885,-1060.3,1034.89,221.001,-1493.115,111.259,-7.492,-1.27,4.294,8.958,1.267,-14.522,13.771,-1.876,15.675,-31.568,1.533,3.985,38.792,-6.661,-2.526,-4.897,3.838,-31.128,5.388,-2.099,18.149,-36.769,0.428,7.743,-2.23,2.109,-15.21,-2.23,-2.109,15.21,24.682,30.642,19.131,45.828,0,-0,3.964,26.544,94.176,7.863,-11.313,3.353,-10.096,18.015,37.647,30.943,0,0,-1.042,13.012,81.112,7.863,11.313,-3.353,-73.087,2.605,-7.433,-125.074,4.071,-3.448,13.572,0.086,-13.626,13.572,-0.086,13.626,11.056,-5.267,1.733,11.056,5.267,-1.733,-19.276,5.764,-2.436,-19.276,-5.764,2.436,0,0,0,0,0,0,0.405,0.071,2.066,0.085,0.032,0.824,-0.216,-0.008,0.01,0.232,-0.111,1.867,-0.393,-0.016,0.695,-0.169,-0.163,-0.333,0,0,0,0,0,0,-186.624,57.196,3.558,-30.365,-11.305,3.157,14.834,-2.335,2.755,555.688,61.144,-35.028,-360.273,-26.186,-5.042,36.86,0.532,-4.434,0,0,-0.064,0,0,0.064,0,0,0.027,0,0,-0.421,0,0,0.972,0,0,-0.04
30.56,233.046,-1065.88,929.814,190.586,-892.485,886.477,54.624,-1109.61,929.657,222.582,-1023.825,1108.332,167.81,-1248.88,526.111,101.49,-840.21,363.495,-271.226,-1320.296,525.689,141.313,-1088.436,940.127,215.241,-1486.11,139.327,43.997,-1143.042,-89.756,-194.645,-1655.607,191.891,168.681,-1255.732,519.139,216.218,-1421.61,99.774,204.741,-1348.361,306.66,-1.47,-1451.757,98.371,244.13,-1626.609,173.904,216.218,-1421.61,99.774,210.094,-1367.476,143.256,146.783,-1426.308,95.843,216.096,-1465.269,154.111,321.323,-852.515,502.831,240.053,-455.423,698.453,-121.326,-923.87,463.78,317.883,-1051.967,906.269,284.909,-636.111,131.905,443.213,-272.132,319.062,-123.249,-510.547,232.945,315.163,-846.638,515.743,279.325,-566.317,161.663,294.196,-691.13,344.491,58.525,-561.548,182.878,263.461,-749.687,37.771,279.325,-566.317,161.663,284.885,-562.584,232.183,209.125,-573.719,167.589,287.006,-636.667,164.781,237.385,-999.76,1435.79,242.316,-834.59,1404.484,404.858,-1001.86,1451.089,252.019,-1031.382,1271.256,-43.677,-994.317,1150.4,-187.157,-1256.307,1133.614,193.555,-1115.514,1014.242,68.756,-1072.926,1416.269,-17.896,-749.344,977.265,-190.873,-868.923,782.319,209.48,-865.506,846.765,-42.448,-982.649,1142.159,-29.027,-706.277,965.256,-89.011,-705.533,1023.519,-83.68,-735.988,909.368,-8.824,-784.443,987.053,518.038,-1183.25,1134.16,672.591,-1411.764,1298.635,771.845,-988.956,1165.606,396.168,-1068.409,1408.234,540.821,-1168.42,858.643,705.027,-1383.249,860.656,754.504,-1004.842,885.118,518.57,-1182.907,1127.741,555.166,-1159.67,809.059,636.637,-1115.77,840.375,508.355,-1073.928,810.643,528.395,-1175.995,901.592,242.336,-855.637,1694.57,243.577,-882.094,1703.652,270.163,-855.396,1691.471,239.486,-864.8,1668.266,173.464,-926.509,1694,311.112,-927.344,1683.023,164.738,-1062.16,1674.129,303.928,-1077.129,1656.269,155.096,-1027.599,1607.007,311.539,-1019.486,1594.065,242.523,-880.61,1694.311,230.817,-1129.125,1521.482,230.828,-1156.327,1486.082,254.744,-1208.01,1217.18,237.59,-992.885,1434.493,221.237,-955.502,1241.409,334.199,-1206.109,1373.238,65.014,-1071.253,1478.641,-26.32,-1072.857,1383.549,-73.549,-964.952,1171.718,-50.387,-804.672,1057.405,8.633,-720.049,1033.947,-76.877,-762.596,943.787,-41.221,-706.126,977.1,403.206,-1062.08,1469.928,494.969,-1112.929,1368.73,541.228,-1143.453,1127.795,559.723,-1139.726,937.96,530.786,-1099.671,855.595,590.633,-1215.601,869.982,569.342,-1152.025,814.508,98.505,-1016.286,997.862,329.066,-963.638,998.79,242.194,-1207.416,1052.58,299.326,-1199.815,1051.398,67.136,-1174.954,722.29,86.575,-1033.133,809.122,128.01,-1102.907,639.135,111.041,-1258.111,529.253,121.868,-1365.05,363.364,165.918,-1271.124,401.557,190.405,-1328.693,315.496,178.956,-1508.029,134.745,231.945,-1570.874,129.952,207.842,-1406.451,101.076,238.925,-1365.122,53.874,161.182,-1405.621,43.866,219.453,-1328.149,43.292,416.449,-938.541,730.978,336.901,-902.151,858.139,315.548,-824.172,679.727,370.758,-843.906,520.819,373.359,-769.664,348.795,317.666,-744.539,447.613,309.991,-708.654,371.775,319.912,-641.283,110.66,267.735,-673.129,62.54,286.516,-551.76,178.035,248.679,-488.175,174.848,333.038,-504.18,142.734,271.417,-452.792,204.364,261.003,-944.124,1342.302,264.872,-946.854,1381.493,212.789,-940.755,1347.648,248.306,-1236.678,993.369,253.221,-1230.23,1030.989,295.306,-1225.713,984.195,58.126,-1210.016,658.667,49.079,-1206.168,696.573,54.337,-1162.113,651.431,116.382,-1419.36,291.626,104.904,-1402.269,325.403,120.678,-1375.464,271.058,418.174,-906.915,636.798,427.161,-925.94,669.944,414.195,-864.559,660.353,373.548,-744.909,243.216,380.395,-762.117,277.652,375.351,-700.867,264.082,143.931,-1088.13,929.431,322.16,-1043.62,930.196,167.81,-1248.88,526.111,321.323,-852.515,502.831,215.241,-1486.11,139.327,284.909,-636.111,131.905,216.218,-1421.61,99.774,279.325,-566.317,161.663,71.211,-1074.64,1422.08,393.662,-1066.05,1413.87,-43.677,-994.317,1150.4,518.038,-1183.25,1134.16,-29.027,-706.277,965.256,555.166,-1159.67,809.059,235.957,-1041.75,1032.84,219.894,-1488.663,115.514,-7.742,-1.65,4.222,10.287,1.104,-14.811,12.474,-1.922,16.088,-31.801,1.351,4.742,39.197,-6.44,-2.02,-3.192,3.879,-31.636,5.825,-2.016,17.371,-37.373,1.052,7.184,-2.424,1.651,-15.279,-2.424,-1.651,15.279,24.358,30.207,18.555,46.161,0,0,4.297,26.846,94.51,7.956,-11.136,3.4,-10.439,18.048,37.526,30.54,-0,0,-1.564,12.996,80.915,7.956,11.136,-3.4,-70.12,3.018,-7.297,-124.045,3.853,-4.1,13.645,-0.049,-13.772,13.645,0.049,13.772,10.879,-4.992,1.686,10.879,4.992,-1.686,-19.206,5.842,-2.553,-19.206,-5.842,2.553,0,0,0,0,0,0,0.494,0.052,2.078,0.12,0.022,0.858,-0.232,-0.017,0.015,0.249,-0.146,1.959,-0.319,-0.036,0.727,-0.177,-0.135,-0.268,0,0,0,0,0,0,-238.704,51.378,7.466,-20.796,-22.408,4.727,15.262,-2.819,4.44,478.639,87.059,-30.408,-281.526,-23.698,-6.684,33.484,0.277,-6.259,0,0,-0.043,0,0,0.049,0,0,0.036,0,0,-0.301,0,0,0.879,0,0,-0.026
30.57,233.21,-1045.91,927.912,190.638,-872.598,884.353,54.862,-1089.934,927.06,221.967,-1003.818,1106.374,166.606,-1231.03,524.119,98.733,-823.31,359.769,-272.28,-1303.339,525.986,141.6,-1068.583,937.446,213.776,-1479.75,144.282,38.58,-1145.331,-94.4,-194.482,-1650.601,204.568,167.614,-1237.938,516.969,215.018,-1417.64,101.072,201.287,-1332.571,303.244,-2.581,-1448.403,99.237,242.608,-1617.929,187.223,215.018,-1417.64,101.072,208.275,-1360.913,141.012,145.662,-1422.153,95.773,213.291,-1457.893,157.952,319.441,-829.947,503.371,236.074,-433.93,700.286,-122.826,-903.597,464.249,317.241,-1030.698,906.172,283.035,-625.163,125.865,438.755,-255.019,302.819,-126.13,-498.918,221.859,313.097,-824.22,515.789,278.178,-554.526,153.701,292.521,-674.378,339.86,57.501,-547.164,175.444,260.255,-741.091,34.968,278.178,-554.526,153.701,283.249,-548.098,224.063,207.807,-560.386,159.308,284.508,-624.827,159.667,238.969,-980.653,1434.01,243.802,-815.367,1403.306,406.52,-982.879,1448.4,252.705,-1011.655,1269.281,-41.667,-977.38,1148.76,-181.709,-1241.194,1131.513,197.741,-1095.647,1013.84,70.487,-1054.336,1415.229,-17.225,-731.779,976.843,-187.603,-852.418,780.268,212.236,-845.132,847.527,-40.527,-965.918,1140.732,-28.81,-688.628,965.164,-88.991,-689.069,1023.226,-82.951,-718.414,908.82,-7.832,-766.767,986.314,517.939,-1164.93,1131.29,672.209,-1393.894,1295.405,772.592,-971.575,1161.671,397.482,-1049.401,1405.699,540.958,-1151.94,855.683,704.202,-1367.482,859.161,755.352,-989.153,881.26,518.476,-1164.624,1124.853,555.628,-1143.98,806.005,637.328,-1100.364,837.121,509.557,-1057.824,806.207,528.279,-1158.822,898.618,244.255,-837.175,1692.91,245.559,-863.64,1701.96,272.076,-836.879,1689.767,241.38,-846.314,1666.6,175.661,-908.148,1692.442,313.233,-908.874,1681.11,166.958,-1043.765,1672.399,305.859,-1058.603,1654.115,157.186,-1009.135,1605.34,313.605,-1000.877,1592.053,244.488,-862.147,1692.622,232.645,-1110.457,1519.346,232.601,-1137.534,1483.883,255.064,-1188.231,1214.487,239.17,-973.774,1432.734,222.141,-935.727,1239.761,335.327,-1187.026,1370.545,66.729,-1052.72,1477.164,-24.545,-1054.431,1382.129,-72.078,-948.454,1169.906,-49.732,-787.737,1056.471,8.777,-702.628,1033.822,-75.917,-745.255,942.991,-41.044,-688.718,976.967,404.822,-1043.336,1467.26,496.004,-1093.922,1365.422,540.958,-1125.082,1124.615,559.989,-1122.755,934.88,531.451,-1083.108,851.935,590.391,-1199.44,867.609,569.844,-1136.388,811.419,98.38,-996.539,995.352,328.68,-943.454,997.284,242.044,-1187.108,1050.931,299.328,-1180.016,1049.643,66.676,-1156.309,720.222,86.145,-1014.143,806.523,127.053,-1084.285,636.569,109.814,-1240.581,527.615,120.776,-1352.286,365.06,164.353,-1256.926,400.049,188.587,-1317.098,315.651,177.702,-1502.276,140.345,231.044,-1564.523,139.119,206.556,-1402.01,101.164,238.778,-1364.147,52.695,160.939,-1404.887,43.666,219.419,-1328.635,43.477,414.906,-915.251,730.891,335.161,-881.441,859.779,313.902,-801.881,680.833,368.984,-821.557,519.948,371.278,-751.485,346.23,315.409,-724.249,444.416,307.575,-690.263,367.569,318.301,-631.277,106.079,265.284,-664.088,60.411,285.567,-539.149,169.868,249.137,-475.36,163.869,333.535,-494.164,133.091,272.973,-439.251,192.026,262.347,-924.768,1340.693,266.458,-927.815,1379.856,214.191,-921.337,1346.267,248.829,-1216.518,991.44,253.656,-1210.152,1029.045,295.754,-1205.414,982.347,57.442,-1191.491,656.888,48.639,-1187.47,694.782,53.545,-1143.67,649.325,115.227,-1408.922,295.216,103.936,-1390.931,328.463,118.963,-1365.694,273.249,416.502,-883.479,636.661,425.534,-902.922,669.487,411.931,-841.5,660.815,371.365,-729.564,240.221,378.28,-745.808,275.13,373.161,-685.005,259.993,144.134,-1068.31,927.181,322.285,-1023.51,928.642,166.606,-1231.03,524.119,319.441,-829.947,503.371,213.776,-1479.75,144.282,283.035,-625.163,125.865,215.018,-1417.64,101.072,278.178,-554.526,153.701,72.735,-1055.88,1420.57,395.056,-1047.07,1411.23,-41.667,-977.38,1148.76,517.939,-1164.93,1131.29,-28.81,-688.628,965.164,555.628,-1143.98,806.005,236.044,-1022.98,1031.06,218.8,-1483.267,120.141,-7.894,-2.135,4.006,11.756,1.001,-15.255,10.786,-1.987,16.665,-32.092,1.32,5.656,39.464,-6.171,-1.906,-1.325,4.033,-31.54,5.963,-1.921,16.479,-38.064,1.682,6.52,-2.641,1.095,-15.29,-2.641,-1.095,15.29,23.868,29.7,18.038,46.478,0,0,4.556,27.133,94.733,8.111,-10.903,3.47,-10.763,18.105,37.434,30.142,0,0,-2.1,12.928,80.719,8.111,10.903,-3.47,-66.726,3.611,-7.212,-122.473,3.719,-4.634,13.717,-0.266,-13.866,13.717,0.266,13.866,10.659,-4.685,1.652,10.659,4.685,-1.652,-19.155,5.894,-2.683,-19.155,-5.894,2.683,0,0,0,0,0,0,0.574,0.018,2.093,0.153,0.007,0.9,-0.252,-0.025,0.018,0.258,-0.167,2.063,-0.251,-0.057,0.776,-0.19,-0.105,-0.203,0,0,0,0,0,0,-292.01,42.84,11.624,-12.12,-33.802,5.954,15.06,-3.329,5.791,381.617,99.681,-25.21,-205.895,-21.932,-7.143,27.614,-0.193,-6.756,0,0,-0.003,0,0,0.034,0,0,0.043,0,0,-0.185,0,0,0.695,0,0,-0.01
30.58,233.417,-1025.62,926.376,190.959,-852.333,882.607,55.106,-1069.765,924.571,221.196,-983.553,1104.78,165.02,-1212.12,521.875,94.694,-805.182,356.62,-273.596,-1285.911,526.823,142.132,-1048.383,934.815,212.294,-1472.16,149.572,31.225,-1147.745,-98.356,-193.4,-1645.731,218.743,166.189,-1218.927,514.601,213.769,-1412.99,102.429,196.937,-1315.042,298.444,-3.619,-1445.156,99.835,241.302,-1607.079,201.779,213.769,-1412.99,102.429,206.359,-1353.589,138.141,144.551,-1417.493,95.556,210.219,-1449.184,161.894,317.718,-807.572,504.072,235.627,-411.582,701.577,-124.79,-880.327,466.02,316.165,-1008.703,906.687,281.506,-615.604,119.927,432.99,-238.589,285.7,-129.267,-490.063,209.776,311.274,-801.796,516.178,277.173,-543.984,145.221,291.447,-657.156,335.52,56.622,-534.487,167.412,257.708,-734.581,33.332,277.173,-543.984,145.221,281.892,-534.182,215.218,206.68,-548.425,150.596,282.306,-613.999,154.68,240.701,-961.4,1432.7,245.467,-795.982,1402.703,408.332,-963.8,1446.099,253.452,-991.679,1267.757,-39.534,-960.888,1147.3,-176.103,-1226.527,1130.227,202.016,-1076.499,1013.904,72.312,-1035.566,1414.547,-16.508,-715.094,975.966,-184.267,-837.297,778.109,215.005,-825.904,848.111,-38.48,-949.639,1139.458,-28.58,-671.938,964.455,-89.02,-673.434,1022.23,-82.098,-702.049,907.689,-6.761,-749.94,985.26,517.929,-1146.21,1128.65,672.058,-1375.687,1292.178,773.337,-953.703,1158.065,398.898,-1030.286,1403.515,541.053,-1134.77,852.97,703.445,-1350.932,857.618,756.083,-972.697,877.735,518.47,-1145.946,1122.198,555.956,-1127.57,803.2,637.915,-1084.223,834.008,510.597,-1041.043,802.126,528.195,-1140.972,895.91,246.162,-818.591,1691.62,247.535,-845.06,1700.649,273.979,-818.232,1688.442,243.274,-827.716,1665.307,177.909,-889.692,1691.259,315.422,-890.26,1679.619,169.255,-1025.279,1671.101,307.862,-1039.936,1652.443,159.334,-990.598,1604.077,315.768,-982.149,1590.485,246.449,-843.562,1691.313,234.6,-1091.68,1517.571,234.508,-1118.608,1482.014,255.374,-1168.158,1212.085,240.899,-954.515,1431.45,223.211,-915.638,1238.602,336.477,-1167.773,1368.076,68.572,-1034.064,1476.125,-22.626,-1036.018,1381.066,-70.472,-932.355,1168.218,-49.036,-771.502,1055.195,8.862,-685.888,1033.182,-74.851,-728.972,941.706,-40.867,-672.242,976.2,406.56,-1024.536,1464.951,497.16,-1074.751,1362.423,540.757,-1106.304,1121.697,560.22,-1105.181,932.045,532.045,-1065.859,848.597,590.129,-1182.571,865.417,570.217,-1120.033,808.561,98.305,-976.427,993.056,328.349,-923.077,996.322,241.599,-1166.504,1049.62,299.061,-1159.967,1048.238,66.086,-1137.067,718.195,85.683,-994.72,804.176,125.688,-1064.793,634.052,108.273,-1222.077,525.886,119.543,-1338.552,366.95,162.297,-1241.679,398.461,186.361,-1304.36,315.861,176.531,-1495.419,146.437,230.338,-1556.521,149.209,205.183,-1397.023,101.127,238.667,-1363.098,51.505,160.729,-1404.136,43.643,219.378,-1329.285,43.66,413.319,-892.547,730.9,334.116,-860.105,861.824,312.947,-779.498,681.662,367.489,-799.521,519.37,369.464,-733.603,343.998,313.256,-704.321,441.381,305.208,-672.43,363.456,317.121,-622.531,101.72,263.349,-656.752,59.017,284.732,-527.504,161.071,249.574,-463.829,151.727,334.022,-485.419,122.423,274.527,-426.624,178.111,263.866,-905.175,1339.622,268.17,-908.556,1378.75,215.746,-901.706,1345.401,249.072,-1196.117,989.789,253.79,-1189.852,1027.387,295.943,-1184.924,980.836,56.618,-1172.267,655.103,48.1,-1168.143,693.009,52.51,-1124.525,647.307,114.046,-1397.496,299.127,102.945,-1378.637,331.814,117.012,-1355.014,275.761,414.926,-860.869,636.625,423.956,-880.605,669.226,409.959,-819.152,661.187,369.7,-714.715,237.59,376.642,-729.89,273.001,371.245,-669.616,256.162,144.362,-1048.08,925.17,322.472,-1003.16,927.583,165.02,-1212.12,521.875,317.718,-807.572,504.072,212.294,-1472.16,149.572,281.506,-615.604,119.927,213.769,-1412.99,102.429,277.173,-543.984,145.221,74.381,-1036.95,1419.49,396.546,-1028,1408.94,-39.534,-960.888,1147.3,517.929,-1146.21,1128.65,-28.58,-671.938,964.455,555.956,-1127.57,803.2,236.142,-1004.01,1029.57,217.76,-1476.772,125.168,-7.938,-2.73,3.6,13.38,0.964,-15.85,8.692,-2.072,17.422,-32.481,1.478,6.679,39.585,-5.851,-2.229,0.607,4.27,-30.774,5.767,-1.816,15.48,-38.797,2.219,5.795,-2.874,0.447,-15.237,-2.874,-0.447,15.237,23.218,29.128,17.587,46.777,-0,0,4.73,27.398,94.839,8.327,-10.621,3.559,-11.061,18.189,37.373,29.761,-0,0,-2.625,12.783,80.52,8.327,10.621,-3.559,-62.893,4.427,-7.197,-120.415,3.703,-5.033,13.784,-0.563,-13.905,13.784,0.563,13.905,10.402,-4.348,1.629,10.402,4.348,-1.629,-19.126,5.921,-2.826,-19.126,-5.921,2.826,0,0,0,0,0,0,0.637,-0.032,2.112,0.18,-0.013,0.95,-0.274,-0.033,0.02,0.253,-0.172,2.17,-0.195,-0.074,0.835,-0.21,-0.076,-0.142,0,0,0,0,0,0,-344.007,31.837,15.627,-5.102,-44.359,6.508,14.095,-3.848,6.463,273.847,96.478,-19.637,-141.211,-21.758,-6.7,19.548,-0.825,-6.249,0,0,0.061,0,0,0.022,0,0,0.048,0,0,-0.104,0,0,0.501,0,0,0
30.59,233.671,-1005.09,925.205,191.565,-831.763,881.257,55.359,-1049.167,922.209,220.3,-963.118,1103.548,163.004,-1192.05,519.301,88.961,-785.735,354.138,-275.139,-1268.221,528.335,142.973,-1027.858,932.209,210.822,-1463.2,155.165,21.851,-1150.289,-101.497,-191.209,-1640.868,234.561,164.35,-1198.588,511.984,212.506,-1407.56,103.904,191.527,-1295.941,292.053,-4.493,-1442.154,100.231,240.257,-1593.687,217.418,212.506,-1407.56,103.904,204.393,-1345.528,134.643,143.495,-1412.344,95.345,206.999,-1438.989,165.876,316.252,-785.532,504.88,238.812,-388.614,702.4,-127.094,-854.228,469.106,314.851,-986.261,907.696,280.304,-607.117,114.487,425.824,-222.792,268.392,-132.635,-484.017,197.527,309.858,-779.48,516.962,276.299,-534.471,136.724,290.957,-639.486,331.615,55.868,-523.299,159.323,255.788,-729.592,33.127,276.299,-534.471,136.724,280.879,-520.816,206.082,205.732,-537.661,142.012,280.441,-603.906,150.121,242.559,-942.028,1431.87,247.292,-776.474,1402.628,410.269,-944.644,1444.202,254.244,-971.535,1266.708,-37.308,-944.837,1146.05,-170.455,-1212.259,1129.791,206.306,-1058.127,1014.427,74.187,-1016.654,1414.225,-15.738,-699.288,974.624,-180.905,-823.538,775.864,217.756,-807.869,848.471,-36.338,-933.8,1138.342,-28.322,-656.2,963.119,-89.074,-658.612,1020.534,-81.11,-686.876,905.974,-5.612,-733.958,983.882,518.039,-1127.12,1126.25,672.215,-1357.131,1288.983,774.067,-935.307,1154.798,400.409,-1011.102,1401.677,541.115,-1116.88,850.52,702.82,-1333.537,856.011,756.667,-955.391,874.554,518.578,-1126.876,1119.799,556.137,-1110.41,800.664,638.389,-1067.316,831.045,511.441,-1023.56,798.478,528.165,-1122.468,893.495,248.046,-799.91,1690.73,249.495,-826.38,1699.742,275.859,-799.479,1687.525,245.155,-809.028,1664.414,180.188,-871.162,1690.479,317.665,-871.523,1678.575,171.614,-1006.726,1670.245,309.996,-1021.155,1651.273,161.529,-972.007,1603.236,318.003,-963.322,1589.376,248.396,-824.88,1690.412,236.682,-1072.796,1516.177,236.526,-1099.56,1480.501,255.661,-1147.879,1210.042,242.756,-935.137,1430.649,224.429,-895.285,1237.936,337.639,-1148.384,1365.874,70.514,-1015.303,1475.535,-20.591,-1017.639,1380.364,-68.755,-916.645,1166.67,-48.294,-755.959,1053.583,8.905,-669.829,1032.018,-73.675,-713.739,939.929,-40.672,-656.69,974.791,408.403,-1005.683,1463.022,498.409,-1055.467,1359.766,540.654,-1087.131,1119.063,560.415,-1086.991,929.469,532.566,-1047.909,845.611,589.863,-1164.969,863.406,570.449,-1102.915,805.95,98.313,-956.019,990.998,328.08,-902.605,995.885,240.854,-1145.707,1048.613,298.543,-1139.741,1047.202,65.371,-1117.237,716.184,85.166,-974.892,802.1,123.807,-1044.389,631.576,106.395,-1202.534,524.035,118.175,-1323.722,369,159.689,-1225.274,396.75,183.713,-1290.351,316.087,175.476,-1487.264,153.043,229.849,-1546.572,160.219,203.755,-1391.462,101.048,238.566,-1361.903,50.409,160.57,-1403.314,43.964,219.306,-1330.081,43.763,411.863,-870.722,730.957,333.956,-838.303,863.968,312.768,-757.268,682.226,366.355,-777.934,519.146,368.006,-715.932,342.268,311.301,-684.803,438.722,302.991,-655.127,359.699,316.332,-614.646,97.866,261.939,-650.632,58.484,284.002,-516.631,152.131,249.911,-453.415,139.126,334.374,-477.612,111.319,275.941,-414.795,163.351,265.543,-885.386,1339.086,269.989,-889.104,1378.17,217.438,-881.896,1345.042,249.032,-1175.572,988.366,253.607,-1169.449,1025.969,295.886,-1164.349,979.64,55.654,-1152.36,653.279,47.464,-1148.218,691.232,51.189,-1104.688,645.384,112.851,-1384.942,303.329,101.918,-1365.234,335.437,114.84,-1343.284,278.564,413.55,-839.315,636.662,422.553,-859.212,669.14,408.458,-797.726,661.419,368.61,-700.191,235.507,375.546,-714.233,271.417,369.656,-654.57,252.806,144.618,-1027.51,923.403,322.725,-982.662,927.006,163.004,-1192.05,519.301,316.252,-785.532,504.88,210.822,-1463.2,155.165,280.304,-607.117,114.487,212.506,-1407.56,103.904,276.299,-534.471,136.724,76.123,-1017.9,1418.88,398.114,-1008.84,1407.05,-37.308,-944.837,1146.05,518.039,-1127.12,1126.25,-28.322,-656.2,963.119,556.137,-1110.41,800.664,236.24,-984.898,1028.41,216.802,-1469.017,130.633,-7.861,-3.439,2.96,15.182,0.989,-16.567,6.185,-2.179,18.363,-32.998,1.881,7.708,39.578,-5.477,-2.98,2.56,4.548,-29.325,5.274,-1.699,14.363,-39.526,2.601,5.06,-3.099,-0.283,-15.116,-3.099,0.283,15.116,22.437,28.504,17.201,47.052,0,0,4.817,27.645,94.823,8.57,-10.295,3.672,-11.313,18.303,37.347,29.408,0,0,-3.114,12.561,80.314,8.57,10.295,-3.672,-58.622,5.522,-7.254,-117.965,3.805,-5.304,13.843,-0.934,-13.884,13.843,0.934,13.884,10.13,-3.984,1.616,10.13,3.984,-1.616,-19.11,5.927,-2.982,-19.11,-5.927,2.982,0,0,0,0,0,0,0.682,-0.096,2.136,0.2,-0.038,1.006,-0.297,-0.039,0.019,0.233,-0.164,2.271,-0.156,-0.087,0.898,-0.233,-0.049,-0.09,0,0,0,0,0,0,-392.051,17.226,19.287,-0.223,-53.099,6.329,12.163,-4.366,6.387,166.707,77.075,-14.023,-91.685,-23.216,-5.728,10.064,-1.543,-5.186,0,0,0.151,0,0,0.014,0,0,0.047,0,0,-0.064,0,0,0.343,0,0,-0.001
30.6,233.99,-984.444,924.402,192.48,-811.016,880.283,55.641,-1028.251,920.002,219.316,-942.605,1102.674,160.533,-1170.74,516.334,81.263,-764.898,352.437,-276.848,-1250.411,530.596,144.189,-1007.038,929.599,209.371,-1452.73,161.049,10.658,-1152.887,-103.727,-187.837,-1635.596,252.068,162.07,-1176.771,509.055,211.261,-1401.26,105.605,184.895,-1275.571,283.947,-5.091,-1439.543,100.6,239.465,-1577.429,233.932,211.261,-1401.26,105.605,202.41,-1336.797,130.602,142.526,-1406.739,95.398,203.786,-1427.205,169.867,315.097,-763.879,505.826,245.286,-365.38,703.005,-129.514,-825.756,473.465,313.553,-963.69,909.098,279.4,-599.525,109.81,417.22,-207.657,251.28,-136.171,-480.798,185.788,308.972,-757.36,518.199,275.557,-525.908,128.618,290.943,-621.643,328.176,55.234,-513.433,151.589,254.424,-725.669,34.414,275.557,-525.908,128.618,280.208,-508.173,197.041,204.954,-528.027,133.966,278.943,-594.456,146.155,244.515,-922.571,1431.51,249.249,-756.888,1403.01,412.301,-925.439,1442.704,255.057,-951.319,1266.138,-35.024,-929.224,1145.01,-164.865,-1198.351,1130.214,210.54,-1040.57,1015.367,76.091,-997.633,1414.232,-14.907,-684.356,972.811,-177.568,-811.111,773.567,220.456,-791.074,848.555,-34.133,-918.382,1137.389,-28.021,-641.406,961.149,-89.126,-644.587,1018.151,-79.988,-672.876,903.684,-4.384,-718.818,982.168,518.286,-1107.66,1124.12,672.749,-1338.175,1285.864,774.748,-916.316,1151.902,401.988,-991.869,1400.208,541.151,-1098.27,848.35,702.395,-1315.257,854.328,757.069,-937.176,871.74,518.82,-1107.445,1117.675,556.179,-1092.45,798.411,638.748,-1049.589,828.256,512.078,-1005.324,795.298,528.199,-1103.291,891.39,249.908,-781.16,1690.28,251.437,-807.631,1699.278,277.717,-780.65,1687.054,247.022,-790.273,1663.962,182.482,-852.584,1690.121,319.945,-852.689,1677.99,174.023,-988.129,1669.829,312.287,-1002.291,1650.595,163.758,-953.38,1602.824,320.285,-944.414,1588.725,250.327,-806.129,1689.944,238.878,-1053.811,1515.183,238.623,-1080.407,1479.374,255.895,-1127.51,1208.431,244.712,-915.675,1430.323,225.773,-874.749,1237.753,338.815,-1128.9,1364.002,72.519,-996.45,1475.4,-18.475,-999.312,1380.025,-66.948,-901.312,1165.277,-47.5,-741.094,1051.646,8.928,-654.452,1030.32,-72.388,-699.542,937.669,-40.443,-642.053,972.737,410.324,-986.771,1461.487,499.723,-1036.102,1357.475,540.667,-1067.577,1116.739,560.579,-1068.172,927.17,533.011,-1029.244,843.008,589.611,-1146.612,861.576,570.546,-1084.991,803.604,98.452,-935.413,989.197,327.88,-882.166,995.944,239.815,-1124.855,1047.885,297.807,-1119.449,1046.569,64.554,-1096.824,714.151,84.607,-954.687,800.313,121.34,-1023.037,629.157,104.181,-1181.877,522.023,116.681,-1307.643,371.161,156.511,-1207.595,394.874,180.659,-1274.95,316.29,174.541,-1477.603,160.195,229.561,-1534.398,172.115,202.303,-1385.275,101.058,238.426,-1360.43,49.552,160.465,-1402.301,44.848,219.165,-1330.942,43.703,410.684,-849.909,731.088,334.785,-816.283,866.009,313.361,-735.383,682.652,365.613,-756.832,519.364,366.967,-698.458,341.168,309.602,-665.74,436.59,301.01,-638.357,356.48,315.873,-607.4,94.687,261.04,-645.387,58.774,283.38,-506.492,143.452,250.112,-444.057,126.693,334.531,-470.566,100.333,277.112,-403.796,148.428,267.355,-865.458,1339.055,271.897,-869.502,1378.087,219.248,-861.951,1345.164,248.706,-1154.999,987.122,253.089,-1149.073,1024.749,295.599,-1143.812,978.738,54.562,-1131.775,651.369,46.75,-1127.722,689.412,49.571,-1084.158,643.549,111.641,-1371.093,307.786,100.827,-1350.543,339.301,112.474,-1330.343,281.621,412.462,-818.868,636.82,421.433,-838.806,669.27,407.538,-777.276,661.574,368.109,-685.957,234.091,375.018,-698.818,270.478,368.424,-639.854,250.055,144.919,-1006.73,921.899,323.061,-962.154,926.904,160.533,-1170.74,516.334,315.097,-763.879,505.826,209.371,-1452.73,161.049,279.4,-599.525,109.81,211.261,-1401.26,105.605,275.557,-525.908,128.618,77.936,-998.769,1418.71,399.736,-989.633,1405.56,-35.024,-929.224,1145.01,518.286,-1107.66,1124.12,-28.021,-641.406,961.149,556.179,-1092.45,798.411,236.325,-965.68,1027.58,215.932,-1459.837,136.586,-7.642,-4.263,2.053,17.19,1.057,-17.354,3.277,-2.304,19.455,-33.666,2.566,8.593,39.494,-5.034,-4.09,4.536,4.821,-27.247,4.577,-1.57,13.115,-40.198,2.81,4.373,-3.306,-1.088,-14.925,-3.306,1.088,14.925,21.549,27.837,16.882,47.297,0,-0,4.816,27.879,94.688,8.817,-9.929,3.808,-11.496,18.453,37.365,29.092,0,0,-3.561,12.267,80.096,8.817,9.929,-3.808,-53.929,6.948,-7.373,-115.248,3.995,-5.466,13.9,-1.372,-13.8,13.9,1.372,13.8,9.862,-3.594,1.616,9.862,3.594,-1.616,-19.1,5.915,-3.147,-19.1,-5.915,3.147,0,0,0,0,0,0,0.705,-0.174,2.165,0.208,-0.066,1.064,-0.319,-0.044,0.015,0.194,-0.144,2.357,-0.138,-0.091,0.954,-0.256,-0.026,-0.05,0,0,0,0,0,0,-434.452,-3.8,22.737,3.136,-59.699,5.613,9.081,-4.878,5.723,72.258,44.73,-8.859,-57.337,-25.208,-4.647,0.161,-2.267,-4.05,0,0,0.265,0,0,0.004,0,0,0.039,0,0,-0.045,0,0,0.23,0,0,-0.01
30.61,234.403,-963.838,923.962,193.745,-790.248,879.687,55.982,-1007.16,917.957,218.287,-922.165,1102.149,157.622,-1148.06,512.924,71.531,-742.529,351.72,-278.615,-1232.47,533.552,145.838,-985.97,926.979,207.932,-1440.63,167.24,-1.945,-1155.393,-104.956,-183.335,-1629.31,271.207,159.342,-1153.334,505.765,210.059,-1393.98,107.697,176.968,-1254.369,274.168,-5.287,-1437.385,101.292,238.869,-1558.064,251.033,210.059,-1393.98,107.697,200.433,-1327.481,126.241,141.652,-1400.645,96.089,200.758,-1413.782,173.879,314.256,-742.61,506.998,254.294,-342.287,703.724,-131.79,-795.671,479.02,312.563,-941.308,910.819,278.752,-592.772,106.039,407.31,-193.35,234.503,-139.752,-480.281,175.092,308.673,-735.517,519.919,274.95,-518.318,121.209,291.233,-604.09,325.178,54.72,-504.795,144.477,253.522,-722.489,37.063,274.95,-518.318,121.209,279.819,-496.529,188.436,204.338,-519.547,126.721,277.812,-585.71,142.844,246.528,-903.072,1431.61,251.302,-737.28,1403.76,414.384,-906.227,1441.603,255.856,-931.152,1266.05,-32.704,-914.032,1144.19,-159.407,-1184.756,1131.477,214.69,-1023.831,1016.725,77.973,-978.526,1414.556,-14.007,-670.296,970.53,-174.256,-800.005,771.232,223.11,-775.53,848.362,-31.886,-903.374,1136.599,-27.662,-627.552,958.549,-89.151,-631.344,1015.099,-78.729,-660.04,900.844,-3.076,-704.515,980.122,518.667,-1087.86,1122.28,673.679,-1318.819,1282.861,775.349,-896.718,1149.415,403.589,-972.623,1399.11,541.171,-1078.93,846.474,702.216,-1296.062,852.582,757.273,-918.006,869.319,519.191,-1087.654,1115.843,556.106,-1073.64,796.457,638.993,-1030.986,825.712,512.497,-986.294,792.663,528.296,-1083.479,889.598,251.751,-762.369,1690.27,253.367,-788.84,1699.253,279.556,-761.773,1687.025,248.874,-771.477,1663.95,184.777,-833.984,1690.197,322.246,-833.794,1677.86,176.467,-969.513,1669.837,314.727,-983.376,1650.377,166.012,-934.729,1602.839,322.598,-925.448,1588.52,252.245,-787.337,1689.923,241.159,-1034.738,1514.601,240.755,-1061.173,1478.659,256.042,-1107.188,1207.319,246.727,-896.172,1430.447,227.219,-854.132,1238.024,340.015,-1109.372,1362.534,74.544,-977.513,1475.71,-16.322,-981.053,1380.049,-65.073,-886.338,1164.053,-46.647,-726.894,1049.397,8.954,-639.759,1028.076,-70.989,-686.367,934.943,-40.162,-628.323,970.045,412.284,-967.794,1460.349,501.068,-1016.673,1355.572,540.793,-1047.657,1114.744,560.72,-1048.709,925.176,533.37,-1009.854,840.814,589.396,-1127.477,859.933,570.528,-1066.224,801.547,98.781,-914.727,987.665,327.767,-861.903,996.47,238.498,-1104.106,1047.423,296.898,-1099.227,1046.374,63.68,-1075.828,712.057,84.05,-934.138,798.837,118.284,-1000.717,626.834,101.668,-1160.021,519.811,115.063,-1290.148,373.376,152.803,-1188.532,392.815,177.259,-1258.053,316.445,173.698,-1466.235,167.925,229.429,-1519.761,184.818,200.853,-1378.372,101.339,238.185,-1358.484,49.109,160.403,-1400.899,46.552,218.899,-1331.698,43.415,409.887,-830.088,731.376,336.61,-794.341,867.878,314.636,-713.979,683.14,365.239,-736.177,520.104,366.37,-681.251,340.752,308.185,-647.185,435.058,299.33,-622.159,353.882,315.668,-600.731,92.246,260.598,-640.825,59.727,282.87,-497.169,135.348,250.174,-435.772,114.937,334.49,-464.234,89.943,277.974,-393.767,133.946,269.273,-845.461,1339.477,273.877,-849.812,1378.455,221.15,-841.927,1345.72,248.094,-1134.516,986.024,252.213,-1128.854,1023.701,295.093,-1123.45,978.122,53.364,-1110.503,649.317,45.984,-1106.674,687.489,47.698,-1062.924,641.785,110.405,-1355.77,312.451,99.644,-1334.366,343.362,109.956,-1316.015,284.889,411.726,-799.407,637.195,420.675,-819.301,669.686,407.227,-757.711,661.799,368.167,-672.096,233.392,375.046,-683.729,270.219,367.545,-625.562,247.954,145.299,-985.885,920.657,323.508,-941.791,927.267,157.622,-1148.06,512.924,314.256,-742.61,506.998,207.932,-1440.63,167.24,278.752,-592.772,106.039,210.059,-1393.98,107.697,274.95,-518.318,121.209,79.787,-979.583,1418.99,401.359,-970.389,1404.47,-32.704,-914.032,1144.19,518.667,-1087.86,1122.28,-27.662,-627.552,958.549,556.106,-1073.64,796.457,236.379,-946.431,1027.14,215.141,-1449.066,143.079,-7.26,-5.2,0.873,19.443,1.133,-18.146,0.011,-2.441,20.633,-34.475,3.534,9.16,39.387,-4.499,-5.448,6.562,5.04,-24.675,3.803,-1.43,11.74,-40.765,2.875,3.788,-3.471,-1.959,-14.661,-3.471,1.959,14.661,20.588,27.135,16.62,47.504,-0,0,4.727,28.097,94.446,9.031,-9.533,3.975,-11.583,18.641,37.426,28.818,-0,-0,-3.934,11.939,79.872,9.031,9.533,-3.975,-48.861,8.736,-7.533,-112.398,4.229,-5.542,13.954,-1.873,-13.648,13.954,1.873,13.648,9.626,-3.179,1.629,9.626,3.179,-1.629,-19.088,5.897,-3.326,-19.088,-5.897,3.326,0,0,0,0,0,0,0.706,-0.261,2.2,0.203,-0.098,1.12,-0.34,-0.048,0.008,0.138,-0.117,2.42,-0.142,-0.088,0.995,-0.276,-0.008,-0.022,0,0,0,0,0,0,-469.226,-33.255,26.39,6.763,-64.424,4.722,4.59,-5.382,4.741,1.877,6.886,-4.712,-35.034,-26.132,-3.848,-9.138,-2.92,-3.247,0,0,0.393,0,0,-0.015,0,0,0.019,0,0,-0.018,0,0,0.152,0,0,-0.021
30.62,234.951,-943.423,923.892,195.408,-769.62,879.443,56.428,-986.033,916.101,217.269,-901.904,1101.966,154.324,-1123.98,509.074,60.027,-718.581,352.188,-280.326,-1214.278,536.989,147.917,-964.759,924.358,206.492,-1426.83,173.772,-15.172,-1157.473,-105.174,-178.001,-1621.177,291.643,156.2,-1128.208,502.093,208.9,-1385.58,110.377,167.799,-1232.822,262.938,-4.968,-1435.608,102.852,238.398,-1535.451,268.388,208.9,-1385.58,110.377,198.449,-1317.637,121.921,140.841,-1393.92,97.845,198.066,-1398.731,177.967,313.692,-721.722,508.505,264.779,-319.719,704.863,-133.7,-764.99,485.64,312.146,-919.4,912.826,278.318,-586.861,103.214,396.554,-180.166,218.052,-143.168,-482.015,165.862,308.942,-714.041,522.088,274.473,-511.754,114.711,291.658,-587.349,322.594,54.316,-497.356,138.146,252.998,-719.849,40.815,274.473,-511.754,114.711,279.611,-486.163,180.564,203.868,-512.272,120.421,277.018,-577.805,140.18,248.553,-883.578,1432.12,253.41,-717.705,1404.771,416.473,-887.054,1440.861,256.608,-911.136,1266.406,-30.376,-899.248,1143.62,-154.174,-1171.425,1133.587,218.709,-1007.931,1018.514,79.796,-959.369,1415.198,-13.036,-657.101,967.784,-171.004,-790.204,768.903,225.7,-761.268,847.874,-29.624,-888.74,1135.986,-27.233,-614.629,955.325,-89.121,-618.865,1011.406,-77.34,-648.345,897.483,-1.692,-691.039,977.738,519.149,-1067.71,1120.73,674.883,-1299.113,1279.969,775.884,-876.574,1147.402,405.169,-953.356,1398.379,541.19,-1058.83,844.904,702.236,-1275.967,850.78,757.337,-897.911,867.359,519.661,-1067.507,1114.311,555.947,-1053.98,794.819,639.131,-1011.478,823.445,512.704,-966.474,790.556,528.453,-1063.021,888.135,253.591,-743.569,1690.72,255.294,-770.041,1699.682,281.392,-742.885,1687.458,250.726,-752.666,1664.394,187.065,-815.387,1690.704,324.553,-814.876,1678.162,178.93,-950.9,1670.241,317.276,-964.445,1650.565,168.279,-916.064,1603.265,324.928,-906.448,1588.73,254.162,-768.535,1690.347,243.477,-1015.598,1514.439,242.868,-1041.891,1478.378,256.071,-1087.055,1206.762,248.755,-876.674,1430.981,228.742,-833.556,1238.705,341.255,-1089.852,1361.544,76.545,-958.493,1476.445,-14.181,-962.867,1380.432,-63.148,-871.701,1163.012,-45.73,-713.339,1046.854,9.006,-625.749,1025.276,-69.483,-674.199,931.783,-39.814,-615.49,966.726,414.239,-948.752,1459.603,502.41,-997.182,1354.069,541.018,-1027.391,1113.102,560.853,-1028.59,923.515,533.637,-989.724,839.055,589.246,-1107.543,858.483,570.421,-1046.582,799.8,99.365,-894.082,986.41,327.769,-841.961,997.435,236.932,-1083.614,1047.224,295.863,-1079.224,1046.641,62.796,-1054.238,709.87,83.571,-913.276,797.696,114.72,-977.43,624.67,98.925,-1136.881,517.37,113.324,-1271.068,375.586,148.671,-1167.984,390.58,173.616,-1239.576,316.549,172.893,-1452.976,176.26,229.388,-1502.497,198.196,199.412,-1370.603,102.103,237.767,-1355.797,49.27,160.351,-1398.826,49.336,218.427,-1332.073,42.876,409.523,-811.116,731.93,339.331,-772.777,869.624,316.428,-693.143,683.903,365.172,-715.919,521.395,366.189,-664.473,340.989,307.065,-629.209,434.114,297.997,-606.61,351.904,315.636,-594.685,90.523,260.524,-636.87,61.118,282.466,-488.808,128.042,250.113,-428.608,104.238,334.286,-458.647,80.533,278.498,-384.888,120.403,271.251,-825.48,1340.284,275.9,-830.106,1379.211,223.109,-821.891,1346.649,247.196,-1114.24,985.06,250.963,-1108.908,1022.814,294.373,-1103.398,977.796,52.088,-1088.514,647.071,45.196,-1085.072,685.404,45.652,-1040.958,640.068,109.126,-1338.79,317.272,98.342,-1316.509,347.557,107.342,-1300.12,288.32,411.374,-780.705,637.888,420.329,-800.508,670.458,407.468,-738.846,662.266,368.701,-658.776,233.38,375.567,-669.137,270.602,366.992,-611.866,246.474,145.796,-965.114,919.694,324.105,-921.733,928.089,154.324,-1123.98,509.074,313.692,-721.722,508.505,206.492,-1426.83,173.772,278.318,-586.861,103.214,208.9,-1385.58,110.377,274.473,-511.754,114.711,81.627,-960.369,1419.71,402.952,-951.133,1403.78,-30.376,-899.248,1143.62,519.149,-1067.71,1120.73,-27.233,-614.629,955.325,555.947,-1053.98,794.819,236.395,-927.216,1027.07,214.4,-1436.55,150.149,-6.693,-6.236,-0.552,21.964,1.171,-18.869,-3.547,-2.576,21.772,-35.352,4.745,9.265,39.317,-3.848,-6.912,8.662,5.164,-21.823,3.079,-1.283,10.292,-41.184,2.852,3.335,-3.588,-2.889,-14.321,-3.588,2.889,14.321,19.583,26.406,16.414,47.661,0,-0,4.56,28.303,94.114,9.182,-9.11,4.165,-11.556,18.863,37.507,28.586,0,0,-4.246,11.578,79.675,9.182,9.11,-4.165,-43.485,10.878,-7.714,-109.55,4.463,-5.555,14.015,-2.431,-13.424,14.015,2.431,13.424,9.442,-2.745,1.657,9.442,2.745,-1.657,-19.063,5.873,-3.505,-19.063,-5.873,3.505,0,0,0,0,0,0,0.688,-0.354,2.237,0.184,-0.131,1.169,-0.356,-0.051,-0.001,0.069,-0.085,2.454,-0.165,-0.078,1.016,-0.29,0.005,-0.005,0,0,0,0,0,0,-497.981,-70.939,30.545,12.601,-67.627,3.937,-1.94,-5.87,3.55,-34.989,-27.627,-1.854,-20.275,-25.154,-3.469,-16.963,-3.44,-2.894,0,0,0.529,0,0,-0.054,0,0,-0.017,0,0,0.028,0,0,0.096,0,0,-0.027
30.63,235.672,-923.351,924.188,197.518,-749.288,879.545,57.019,-965.007,914.453,216.325,-881.957,1102.118,150.745,-1098.45,504.838,47.341,-692.953,354.062,-281.876,-1195.498,540.534,150.391,-943.506,921.786,205.043,-1411.26,180.703,-28.107,-1158.625,-104.456,-172.318,-1610.326,312.879,152.713,-1101.344,498.056,207.761,-1375.88,113.868,157.71,-1211.428,250.797,-4.088,-1433.824,106.023,237.993,-1509.66,285.588,207.761,-1375.88,113.868,196.372,-1307.244,118.119,140.04,-1386.326,101.086,195.812,-1382.099,182.258,313.348,-701.27,510.417,275.568,-297.973,706.579,-135.124,-734.862,493.107,312.478,-898.192,915.109,278.051,-581.796,101.298,385.732,-168.453,201.9,-146.181,-485.174,158.393,309.68,-693.063,524.604,274.106,-506.237,109.242,292.092,-571.887,320.41,54,-491.114,132.691,252.774,-717.629,45.339,274.106,-506.237,109.242,279.473,-477.256,173.656,203.513,-506.225,115.118,276.499,-570.874,138.124,250.537,-864.136,1433,255.517,-698.217,1405.954,418.511,-867.961,1440.465,257.286,-891.369,1267.174,-28.062,-884.849,1143.29,-149.248,-1158.299,1136.507,222.554,-992.875,1020.699,81.538,-940.188,1416.113,-11.992,-644.768,964.58,-167.842,-781.689,766.623,228.212,-748.307,847.083,-27.366,-874.455,1135.552,-26.724,-602.632,951.492,-89.012,-607.135,1007.107,-75.835,-637.772,893.644,-0.239,-678.382,975.022,519.691,-1047.25,1119.48,676.219,-1279.169,1277.181,776.373,-856.014,1145.944,406.684,-934.115,1398.025,541.22,-1037.97,843.652,702.391,-1255.029,848.934,757.323,-876.967,865.932,520.19,-1047.028,1113.086,555.729,-1033.42,793.508,639.17,-991,821.502,512.702,-945.819,789.011,528.676,-1041.908,887.004,255.445,-724.789,1691.6,257.237,-751.265,1700.534,283.241,-724.015,1688.316,252.587,-733.868,1665.267,189.333,-796.816,1691.627,326.848,-795.976,1678.857,181.393,-932.308,1671.007,319.881,-945.528,1651.097,170.541,-897.395,1604.078,327.259,-887.44,1589.309,256.093,-749.752,1691.198,245.767,-996.424,1514.698,244.904,-1022.606,1478.543,255.965,-1067.244,1206.79,250.744,-857.23,1431.872,230.312,-813.154,1239.739,342.542,-1070.396,1361.096,78.48,-939.388,1477.574,-12.104,-944.75,1381.171,-61.191,-857.372,1162.171,-44.748,-700.409,1044.036,9.103,-612.421,1021.912,-67.877,-663.023,928.227,-39.386,-603.547,962.798,416.138,-929.655,1459.24,503.718,-977.626,1352.973,541.319,-1006.804,1111.83,560.991,-1007.805,922.215,533.803,-968.845,837.752,589.189,-1086.791,857.235,570.248,-1026.036,798.379,100.257,-873.596,985.439,327.931,-822.47,998.812,235.167,-1063.512,1047.296,294.753,-1059.577,1047.371,61.952,-1032.039,707.578,83.256,-892.134,796.922,110.819,-953.203,622.748,96.047,-1112.378,514.691,111.458,-1250.252,377.733,144.282,-1145.874,388.219,169.867,-1219.459,316.625,172.062,-1437.681,185.198,229.375,-1482.544,212.05,197.965,-1361.751,103.565,237.088,-1352.031,50.224,160.263,-1395.72,53.42,217.648,-1331.673,42.121,409.589,-792.786,732.846,342.747,-751.854,871.367,318.532,-672.931,685.098,365.334,-696.068,523.186,366.354,-648.352,341.766,306.256,-611.905,433.675,297.038,-591.806,350.481,315.701,-589.351,89.44,260.706,-633.507,62.719,282.146,-481.545,121.676,249.949,-422.601,94.84,333.971,-453.854,72.369,278.685,-377.307,108.176,273.234,-805.603,1341.396,277.929,-810.46,1380.282,225.076,-801.921,1347.88,246.017,-1094.274,984.248,249.34,-1089.321,1022.103,293.439,-1083.773,977.766,50.773,-1065.764,644.6,44.415,-1062.894,683.108,43.549,-1018.221,638.379,107.784,-1319.988,322.189,96.908,-1296.803,351.814,104.698,-1282.488,291.862,411.4,-762.514,638.96,420.401,-782.218,671.616,408.141,-720.482,663.114,369.583,-646.207,233.961,376.467,-655.264,271.528,366.713,-598.978,245.53,146.454,-944.566,919.019,324.89,-902.137,929.356,150.745,-1098.45,504.838,313.348,-701.27,510.417,205.043,-1411.26,180.703,278.051,-581.796,101.298,207.761,-1375.88,113.868,274.106,-506.237,109.242,83.426,-941.141,1420.81,404.468,-931.893,1403.49,-28.062,-884.849,1143.29,519.691,-1047.25,1119.48,-26.724,-602.632,951.492,555.729,-1033.42,793.508,236.379,-908.108,1027.39,213.67,-1422.147,157.807,-5.928,-7.347,-2.156,24.772,1.122,-19.458,-7.267,-2.69,22.724,-36.2,6.059,8.844,39.317,-3.064,-8.33,10.833,5.164,-18.963,2.505,-1.142,8.877,-41.431,2.803,3.016,-3.644,-3.86,-13.905,-3.644,3.86,13.905,18.559,25.664,16.265,47.759,0,0,4.316,28.496,93.703,9.251,-8.684,4.381,-11.398,19.11,37.578,28.394,-0,0,-4.479,11.196,79.538,9.251,8.684,-4.381,-37.921,13.293,-7.907,-106.82,4.671,-5.517,14.085,-3.038,-13.125,14.085,3.038,13.125,9.327,-2.3,1.698,9.327,2.3,-1.698,-19.024,5.858,-3.689,-19.024,-5.858,3.689,0,0,0,0,0,0,0.652,-0.447,2.275,0.151,-0.164,1.206,-0.366,-0.054,-0.011,-0.009,-0.052,2.454,-0.204,-0.063,1.012,-0.296,0.014,0.002,0,0,0,0,0,0,-522.569,-114.2,35.747,22.938,-70.285,3.602,-10.732,-6.321,2.248,-33.33,-51.56,-0.196,-9.405,-22.567,-3.415,-22.76,-3.786,-2.865,0,0,0.67,0,0,-0.128,0,0,-0.071,0,0,0.078,0,0,0.05,0,0,-0.026
30.64,236.6,-903.72,924.839,200.1,-729.355,879.992,57.798,-944.184,913.04,215.522,-862.413,1102.593,147.021,-1071.48,500.328,34.27,-665.584,357.537,-283.215,-1175.721,543.737,153.169,-922.364,919.35,203.588,-1393.9,188.094,-39.762,-1158.22,-102.998,-166.949,-1596.002,334.23,148.984,-1072.795,493.722,206.591,-1364.65,118.369,147.308,-1190.514,238.622,-2.744,-1431.221,111.57,237.63,-1481.027,302.194,206.591,-1364.65,118.369,194.084,-1296.145,115.321,139.183,-1377.501,106.132,194.002,-1363.898,186.923,313.166,-681.405,512.726,285.594,-277.233,708.787,-136.049,-706.397,501.074,313.589,-877.812,917.669,277.904,-577.539,100.192,375.805,-158.486,186.087,-148.6,-488.679,152.794,310.742,-672.757,527.302,273.819,-501.713,104.834,292.469,-558.026,318.625,53.74,-486.021,128.166,252.776,-715.741,50.294,273.819,-501.713,104.834,279.301,-469.843,167.859,203.234,-501.356,110.793,276.182,-564.975,136.619,252.427,-844.797,1434.19,257.569,-678.874,1407.194,420.443,-848.994,1440.397,257.877,-871.956,1268.304,-25.784,-870.799,1143.23,-144.705,-1145.308,1140.21,226.202,-978.644,1023.314,83.157,-921.008,1417.307,-10.877,-633.287,960.946,-164.795,-774.43,764.448,230.639,-736.652,846.012,-25.136,-860.483,1135.309,-26.131,-591.557,947.075,-88.813,-596.134,1002.24,-74.224,-628.316,889.378,1.276,-666.53,971.996,520.258,-1026.49,1118.54,677.571,-1259.052,1274.504,776.824,-835.115,1145.118,408.082,-914.92,1398.05,541.272,-1016.36,842.726,702.638,-1233.296,847.05,757.277,-855.24,865.102,520.744,-1026.259,1112.169,555.479,-1011.95,792.533,639.112,-969.518,819.929,512.492,-924.329,788.053,528.964,-1020.169,886.207,257.332,-706.054,1692.87,259.211,-732.537,1701.764,285.122,-705.195,1689.557,254.471,-715.104,1666.528,191.571,-778.283,1692.935,329.113,-777.13,1679.891,183.829,-913.752,1672.102,322.476,-926.66,1651.908,172.768,-878.727,1605.248,329.564,-868.453,1590.203,258.052,-731.015,1692.439,247.953,-977.262,1515.375,246.805,-1003.368,1479.157,255.732,-1047.856,1207.407,252.641,-837.891,1433.066,231.895,-793.051,1241.065,343.876,-1051.065,1361.233,80.307,-920.2,1479.056,-10.142,-926.683,1382.261,-59.216,-843.313,1161.545,-43.703,-688.075,1040.967,9.258,-599.77,1017.981,-66.181,-652.824,924.322,-38.874,-592.487,958.289,417.931,-910.525,1459.247,504.961,-958,1352.286,541.677,-985.922,1110.944,561.146,-986.352,921.3,533.86,-947.211,836.923,589.246,-1065.208,856.2,570.031,-1004.567,797.3,101.487,-853.368,984.766,328.308,-803.524,1000.574,233.275,-1043.897,1047.653,293.613,-1040.397,1048.533,61.192,-1009.207,705.198,83.191,-870.742,796.554,106.822,-928.088,621.16,93.142,-1086.451,511.802,109.458,-1227.585,379.774,139.851,-1122.15,385.821,166.155,-1197.667,316.728,171.15,-1420.267,194.694,229.347,-1459.963,226.117,196.469,-1351.535,105.907,236.068,-1346.784,52.122,160.082,-1391.153,58.932,216.44,-1329.997,41.258,410.036,-774.895,734.179,346.575,-731.76,873.242,320.744,-653.392,686.776,365.648,-676.747,525.338,366.764,-633.144,342.916,305.775,-595.381,433.608,296.453,-577.854,349.508,315.8,-584.8,88.892,261.029,-630.742,64.334,281.877,-475.466,116.316,249.695,-417.745,86.862,333.594,-449.882,65.596,278.554,-371.1,97.506,275.159,-785.919,1342.737,279.911,-790.949,1381.597,226.992,-782.107,1349.343,244.584,-1074.704,983.628,247.38,-1070.155,1021.598,292.295,-1064.666,978.038,49.457,-1042.201,641.909,43.661,-1040.094,680.588,41.516,-994.665,636.712,106.36,-1299.239,327.138,95.339,-1275.125,356.059,102.089,-1262.979,295.464,411.757,-744.663,640.41,420.853,-764.288,673.134,409.084,-702.487,664.396,370.65,-634.607,234.995,377.588,-642.349,272.854,366.641,-587.111,245.007,147.308,-924.339,918.639,325.892,-883.102,931.039,147.021,-1071.48,500.328,313.166,-681.405,512.726,203.588,-1393.9,188.094,277.904,-577.539,100.192,206.591,-1364.65,118.369,273.819,-501.713,104.834,85.14,-921.923,1422.29,405.86,-912.71,1403.59,-25.784,-870.799,1143.23,520.258,-1026.49,1118.54,-26.131,-591.557,947.075,555.479,-1011.95,792.533,236.349,-889.173,1028.08,212.908,-1405.749,166.012,-4.958,-8.5,-3.845,27.867,0.948,-19.863,-10.948,-2.764,23.335,-36.955,7.277,7.952,39.383,-2.145,-9.572,13.028,5.04,-16.371,2.142,-1.017,7.621,-41.501,2.79,2.813,-3.626,-4.849,-13.416,-3.626,4.849,13.416,17.547,24.921,16.171,47.785,0,0,3.997,28.67,93.227,9.212,-8.274,4.613,-11.089,19.369,37.617,28.242,-0,0,-4.621,10.811,79.494,9.212,8.274,-4.613,-32.337,15.812,-8.119,-104.296,4.844,-5.442,14.16,-3.683,-12.752,14.16,3.683,12.752,9.298,-1.857,1.753,9.298,1.857,-1.753,-18.961,5.864,-3.868,-18.961,-5.864,3.868,0,0,0,0,0,0,0.603,-0.532,2.309,0.107,-0.195,1.227,-0.371,-0.058,-0.02,-0.09,-0.021,2.422,-0.252,-0.045,0.984,-0.293,0.019,0.003,0,0,0,0,0,0,-543.438,-157.968,42.263,39.457,-73.153,3.9,-21.032,-6.697,0.877,3.866,-60.993,0.644,-0.665,-19.357,-3.429,-26.407,-3.944,-2.887,0,0,0.823,0,0,-0.25,0,0,-0.13,0,0,0.105,0,0,0.011,0,0,-0.018
30.65,237.752,-884.601,925.85,203.146,-709.904,880.792,58.787,-923.645,911.92,214.929,-843.329,1103.396,143.316,-1043.12,495.712,21.828,-636.422,362.705,-284.387,-1154.397,546.12,156.131,-901.459,917.164,202.158,-1374.72,195.979,-49.213,-1155.52,-101.111,-162.615,-1577.687,354.863,145.129,-1042.674,489.223,205.327,-1351.6,123.994,137.405,-1170.024,227.51,-1.214,-1426.593,120.016,237.363,-1450.114,317.818,205.327,-1351.6,123.994,191.476,-1284.028,113.951,138.214,-1366.972,113.123,192.574,-1344.09,192.109,313.107,-662.367,515.325,294.071,-257.6,711.173,-136.546,-680.48,509.055,315.35,-858.302,920.491,277.825,-574.01,99.755,367.67,-150.384,170.726,-150.347,-491.442,148.947,311.96,-653.33,530,273.568,-498.069,101.433,292.759,-545.926,317.227,53.497,-481.984,124.572,252.932,-714.116,55.355,273.568,-498.069,101.433,279.012,-463.838,163.211,202.981,-497.545,107.362,275.976,-560.084,135.584,254.174,-825.608,1435.64,259.513,-659.721,1408.466,422.22,-830.195,1440.656,258.381,-852.919,1269.743,-23.559,-857.053,1143.43,-140.603,-1132.382,1144.627,229.626,-965.192,1026.34,84.63,-901.848,1418.74,-9.701,-622.645,956.903,-161.892,-768.392,762.431,232.964,-726.293,844.677,-22.953,-846.785,1135.256,-25.456,-581.395,942.103,-88.518,-585.841,996.844,-72.529,-619.956,884.742,2.835,-655.466,968.68,520.824,-1005.46,1117.9,678.862,-1238.82,1271.927,777.24,-813.95,1144.955,409.326,-895.805,1398.437,541.346,-993.976,842.136,702.942,-1210.763,845.136,757.225,-832.742,864.914,521.296,-1005.193,1111.563,555.215,-989.565,791.904,638.961,-947.013,818.763,512.078,-902.004,787.683,529.306,-997.805,885.746,259.267,-687.39,1694.5,261.226,-713.884,1703.345,287.049,-686.456,1691.144,256.386,-696.401,1668.147,193.765,-759.798,1694.589,331.33,-758.374,1681.201,186.206,-895.24,1673.497,324.99,-907.871,1652.946,174.928,-860.072,1606.747,331.804,-849.524,1591.354,260.049,-712.348,1694.019,249.961,-958.166,1516.459,248.514,-984.236,1480.212,255.4,-1028.949,1208.587,254.396,-818.704,1434.507,233.453,-773.353,1242.625,345.242,-1031.914,1361.974,81.987,-900.94,1480.847,-8.337,-908.636,1383.693,-57.239,-829.474,1161.151,-42.599,-676.31,1037.669,9.476,-587.79,1013.487,-64.415,-643.582,920.124,-38.276,-582.299,953.231,419.574,-891.399,1459.612,506.119,-938.308,1352.009,542.078,-964.776,1110.455,561.319,-964.24,920.788,533.8,-924.822,836.585,589.426,-1042.791,855.387,569.787,-982.161,796.577,103.05,-833.474,984.418,328.958,-785.174,1002.687,231.351,-1024.819,1048.317,292.487,-1021.751,1050.07,60.548,-985.725,702.783,83.446,-849.128,796.63,103.02,-902.158,620,90.307,-1059.069,508.777,107.319,-1203.014,381.682,135.605,-1096.804,383.508,162.612,-1174.198,316.94,170.135,-1400.721,204.642,229.289,-1434.95,240.085,194.862,-1339.624,109.248,234.633,-1339.599,55.055,159.738,-1384.641,65.865,214.685,-1326.456,40.47,410.776,-757.313,735.913,350.481,-712.599,875.341,322.887,-634.585,688.854,366.049,-658.185,527.648,367.304,-619.083,344.251,305.625,-579.748,433.757,296.211,-564.847,348.859,315.883,-581.06,88.763,261.399,-628.565,65.818,281.614,-470.575,111.957,249.357,-413.974,80.306,333.189,-446.713,60.243,278.138,-366.246,88.5,276.961,-766.509,1344.244,281.783,-771.643,1383.094,228.795,-762.534,1350.975,242.945,-1055.596,983.259,245.164,-1051.449,1021.347,290.959,-1046.129,978.615,48.182,-1017.777,639.051,42.951,-1016.608,677.878,39.668,-970.245,635.091,104.843,-1276.482,332.062,93.642,-1251.425,360.228,99.576,-1241.505,299.083,412.362,-727.123,642.166,421.595,-746.694,674.93,410.136,-684.849,666.056,371.722,-624.157,236.317,378.749,-630.601,274.415,366.701,-576.444,244.773,148.379,-904.51,918.586,327.125,-864.691,933.114,143.316,-1043.12,495.712,313.107,-662.367,515.325,202.158,-1374.72,195.979,277.825,-574.01,99.755,205.327,-1351.6,123.994,273.568,-498.069,101.433,86.727,-902.717,1424.08,407.103,-893.616,1404.04,-23.559,-857.053,1143.43,520.824,-1005.46,1117.9,-25.456,-581.395,942.103,555.215,-989.565,791.904,236.343,-870.45,1029.12,212.075,-1387.287,174.666,-3.783,-9.648,-5.496,31.219,0.642,-20.061,-14.34,-2.782,23.476,-37.594,8.189,6.748,39.485,-1.113,-10.543,15.172,4.824,-14.272,2.01,-0.92,6.647,-41.407,2.856,2.689,-3.544,-5.822,-12.864,-3.544,5.822,12.864,16.552,24.194,16.138,47.725,0,-0,3.607,28.821,92.699,9.073,-7.911,4.852,-10.638,19.628,37.615,28.131,0,-0,-4.678,10.434,79.557,9.073,7.911,-4.852,-26.943,18.204,-8.382,-102.039,4.984,-5.337,14.24,-4.349,-12.308,14.24,4.349,12.308,9.348,-1.433,1.82,9.348,1.433,-1.82,-18.877,5.905,-4.034,-18.877,-5.905,4.034,0,0,0,0,0,0,0.543,-0.604,2.336,0.057,-0.22,1.227,-0.369,-0.062,-0.026,-0.168,0.006,2.359,-0.302,-0.028,0.934,-0.281,0.022,0.001,0,0,0,0,0,0,-561.069,-195.89,49.341,62.391,-76.337,4.294,-31.821,-6.952,-0.973,65.059,-57.149,1.219,6.365,-16.384,-3.162,-28.163,-3.925,-2.619,0,0,0.998,0,0,-0.423,0,0,-0.174,0,0,0.097,0,0,-0.02,0,0,-0.005
30.66,239.104,-866.02,927.198,206.581,-690.972,881.952,59.968,-903.444,911.176,214.62,-824.736,1104.52,139.788,-1013.48,491.191,10.99,-605.463,369.593,-285.523,-1131.009,547.322,159.147,-880.958,915.357,200.788,-1353.7,204.332,-55.872,-1149.876,-99.115,-159.88,-1555.275,373.993,141.264,-1011.177,484.749,203.908,-1336.44,130.72,128.767,-1149.496,218.496,0.099,-1418.66,131.359,237.29,-1417.623,332.199,203.908,-1336.44,130.72,188.473,-1270.462,114.371,137.093,-1354.249,121.929,191.41,-1322.716,197.907,313.148,-644.428,518.029,300.619,-239.111,713.262,-136.718,-657.604,516.512,317.498,-839.618,923.537,277.752,-571.099,99.814,361.93,-144.099,155.97,-151.466,-492.628,146.535,313.172,-634.987,532.517,273.307,-495.156,98.924,292.941,-535.621,316.185,53.231,-478.836,121.852,253.144,-712.691,60.23,273.307,-495.156,98.924,278.544,-459.065,159.652,202.708,-494.628,104.699,275.797,-556.108,134.933,255.736,-806.623,1437.31,261.301,-640.805,1409.763,423.799,-811.608,1441.254,258.808,-834.281,1271.445,-21.414,-843.565,1143.93,-137.04,-1119.434,1149.742,232.776,-952.509,1029.802,85.939,-882.735,1420.422,-8.484,-612.831,952.481,-159.2,-763.543,760.663,235.146,-717.247,843.094,-20.839,-833.301,1135.413,-24.707,-572.14,936.62,-88.127,-576.239,990.973,-70.784,-612.658,879.801,4.413,-645.178,965.09,521.377,-984.178,1117.59,680.062,-1218.505,1269.469,777.619,-792.559,1145.505,410.399,-876.799,1399.212,541.441,-970.844,841.894,703.287,-1187.461,843.196,757.173,-809.518,865.396,521.837,-983.872,1111.273,554.957,-966.258,791.631,638.724,-923.478,818.06,511.484,-878.841,787.918,529.684,-974.834,885.616,261.251,-668.814,1696.4,263.281,-695.321,1705.19,289.024,-667.82,1692.983,258.328,-677.78,1670.036,195.907,-741.363,1696.541,333.48,-739.735,1682.724,188.492,-876.78,1675.175,327.352,-889.194,1654.178,176.981,-841.444,1608.547,333.93,-830.693,1592.715,262.08,-693.77,1695.875,251.73,-939.197,1517.936,249.989,-965.27,1481.688,255.018,-1010.534,1210.28,255.968,-799.721,1436.156,234.945,-754.135,1244.371,346.613,-1012.999,1363.307,83.488,-881.635,1482.902,-6.726,-890.577,1385.453,-55.273,-815.8,1161.008,-41.447,-665.08,1034.169,9.756,-576.472,1008.444,-62.607,-635.274,915.698,-37.6,-572.973,947.669,421.03,-872.326,1460.329,507.172,-918.564,1352.139,542.515,-943.394,1110.37,561.508,-941.484,920.691,533.619,-901.686,836.75,589.726,-1019.547,854.81,569.532,-958.814,796.23,104.9,-813.964,984.443,329.926,-767.427,1005.108,229.506,-1006.292,1049.312,291.412,-1003.661,1051.906,60.04,-961.587,700.425,84.066,-827.328,797.188,99.705,-875.503,619.355,87.618,-1030.248,505.737,105.043,-1176.558,383.46,131.75,-1069.87,381.425,159.335,-1149.078,317.363,169.028,-1379.096,214.874,229.214,-1407.832,253.619,193.078,-1325.659,113.618,232.732,-1329.987,59.027,159.152,-1375.668,74.058,212.292,-1320.406,39.995,411.692,-740.023,737.968,354.134,-694.391,877.683,324.837,-616.585,691.135,366.483,-640.664,529.893,367.856,-606.341,345.592,305.782,-565.112,433.963,296.248,-552.859,348.401,315.905,-578.103,88.939,261.749,-626.941,67.085,281.317,-466.799,108.539,248.939,-411.175,75.085,332.776,-444.284,56.236,277.481,-362.641,81.135,278.582,-747.44,1345.873,283.484,-752.6,1384.727,230.424,-743.284,1352.73,241.182,-1036.993,983.207,242.819,-1033.225,1021.406,289.477,-1028.178,979.497,46.984,-992.454,636.134,42.29,-992.366,675.07,38.092,-944.926,633.574,103.238,-1251.731,336.915,91.835,-1225.739,364.283,97.209,-1218.043,302.696,413.107,-710.003,644.109,422.501,-729.532,676.892,411.163,-667.671,667.951,372.628,-614.981,237.764,379.771,-620.169,276.052,366.813,-567.092,244.698,149.646,-885.12,918.889,328.563,-846.919,935.508,139.788,-1013.48,491.191,313.148,-644.428,518.029,200.788,-1353.7,204.332,277.752,-571.099,99.814,203.908,-1336.44,130.72,273.307,-495.156,98.924,88.153,-883.542,1426.12,408.178,-874.651,1404.85,-21.414,-843.565,1143.93,521.377,-984.178,1117.59,-24.707,-572.14,936.62,554.957,-966.258,791.631,236.398,-851.97,1030.45,211.146,-1366.745,183.619,-2.41,-10.737,-6.976,34.778,0.231,-20.068,-17.203,-2.736,23.097,-38.067,8.634,5.476,39.561,-0.02,-11.196,17.177,4.574,-12.789,2.107,-0.859,6.028,-41.186,3.026,2.615,-3.409,-6.731,-12.263,-3.409,6.731,12.263,15.58,23.502,16.18,47.562,0,-0,3.163,28.949,92.129,8.855,-7.622,5.083,-10.053,19.867,37.571,28.061,0,0,-4.653,10.087,79.731,8.855,7.622,-5.083,-21.946,20.238,-8.737,-100.086,5.098,-5.214,14.314,-5.003,-11.801,14.314,5.003,11.801,9.467,-1.047,1.896,9.467,1.047,-1.896,-18.782,5.992,-4.181,-18.782,-5.992,4.181,0,0,0,0,0,0,0.478,-0.656,2.35,0.004,-0.237,1.205,-0.362,-0.066,-0.026,-0.236,0.028,2.271,-0.347,-0.014,0.868,-0.263,0.022,-0.003,0,0,0,0,0,0,-573.042,-222.436,55.637,90.78,-79.286,3.947,-42.132,-7.053,-3.75,132.737,-45.559,1.778,11.332,-13.764,-2.468,-28.348,-3.753,-1.926,0,0,1.189,0,0,-0.635,0,0,-0.188,0,0,0.081,0,0,-0.038,0,0,0.008
30.67,240.611,-847.967,928.879,210.282,-672.561,883.494,61.299,-883.62,910.913,214.648,-806.633,1105.978,136.576,-982.709,486.987,2.595,-572.764,378.141,-286.805,-1105.102,547.169,162.091,-860.979,914.051,199.521,-1330.83,213.059,-59.434,-1140.774,-97.295,-159.081,-1528.999,390.916,137.505,-978.542,480.54,202.301,-1318.87,138.389,121.989,-1128.157,212.399,0.784,-1406.31,145.032,237.513,-1384.305,345.216,202.301,-1318.87,138.389,185.118,-1254.892,116.704,135.805,-1338.832,132.183,190.395,-1299.713,204.343,313.269,-627.842,520.618,305.208,-221.783,714.54,-136.674,-637.894,522.963,319.716,-821.671,926.75,277.621,-568.695,100.191,358.768,-139.466,141.975,-152.079,-491.832,145.114,314.243,-617.917,534.707,272.995,-492.818,97.149,292.977,-527.05,315.448,52.908,-476.367,119.875,253.302,-711.411,64.674,272.995,-492.818,97.149,277.872,-455.315,157.046,202.373,-492.421,102.651,275.573,-552.912,134.566,257.086,-787.886,1439.15,262.896,-622.165,1411.072,425.156,-793.263,1442.191,259.185,-816.05,1273.355,-19.367,-830.273,1144.73,-134.061,-1106.384,1155.447,235.637,-940.509,1033.698,87.054,-863.704,1422.334,-7.25,-603.824,947.735,-156.764,-759.815,759.225,237.159,-709.481,841.316,-18.817,-819.989,1135.785,-23.896,-563.78,930.68,-87.655,-567.286,984.677,-69.013,-606.405,874.638,5.977,-635.641,961.287,521.913,-962.677,1117.59,681.172,-1198.13,1267.109,777.952,-770.972,1146.757,411.287,-857.946,1400.345,541.544,-946.967,842.012,703.668,-1163.379,841.224,757.105,-785.569,866.568,522.362,-962.318,1111.299,554.718,-942.032,791.732,638.407,-898.935,817.89,510.742,-854.838,788.769,530.066,-951.268,885.819,263.275,-650.341,1698.52,265.364,-676.862,1707.253,291.036,-649.307,1695.022,260.284,-659.261,1672.148,197.988,-722.979,1698.742,335.547,-721.233,1684.408,190.655,-858.377,1677.126,329.506,-870.658,1655.595,178.896,-822.866,1610.628,335.893,-812.004,1594.25,264.132,-675.295,1697.941,253.225,-920.412,1519.783,251.208,-946.525,1483.558,254.64,-992.583,1212.422,257.328,-780.988,1437.985,236.328,-735.436,1246.273,347.957,-994.363,1365.193,84.784,-862.335,1485.183,-5.33,-872.478,1387.52,-53.331,-802.228,1161.13,-40.262,-654.354,1030.5,10.095,-565.81,1002.879,-60.799,-627.87,911.114,-36.857,-564.493,941.657,422.277,-853.361,1461.395,508.109,-898.794,1352.672,542.987,-921.804,1110.698,561.698,-918.111,921.019,533.321,-877.816,837.433,590.122,-995.498,854.481,569.28,-934.533,796.284,106.955,-794.866,984.901,331.231,-750.249,1007.787,227.853,-988.293,1050.662,290.427,-986.113,1053.971,59.677,-936.808,698.254,85.065,-805.376,798.261,97.125,-848.221,619.304,85.123,-1000.056,502.85,102.654,-1148.319,385.149,128.44,-1041.432,379.726,156.393,-1122.377,318.102,167.871,-1355.499,225.168,229.144,-1379.035,266.392,191.071,-1309.287,118.959,230.353,-1317.466,63.943,158.235,-1363.716,83.201,209.228,-1311.196,40.098,412.66,-723.117,740.213,357.26,-677.088,880.209,326.511,-599.474,693.359,366.902,-624.448,531.88,368.317,-595.011,346.795,306.179,-551.562,434.088,296.466,-541.937,348.009,315.822,-575.851,89.316,262.039,-625.801,68.098,280.955,-464.003,105.955,248.444,-409.195,71.046,332.362,-442.497,53.422,276.633,-360.117,75.289,279.976,-728.752,1347.608,284.959,-733.866,1386.479,231.83,-724.42,1354.587,239.404,-1018.915,983.542,240.503,-1015.491,1021.834,287.931,-1010.792,980.684,45.89,-966.218,633.311,41.678,-967.305,672.305,36.836,-918.694,632.256,101.567,-1225.082,341.679,89.952,-1198.189,368.222,95.021,-1192.647,306.306,413.879,-693.497,646.111,423.439,-712.967,678.91,412.069,-651.121,669.897,373.24,-607.119,239.201,380.509,-611.112,277.634,366.907,-559.089,244.673,151.063,-866.181,919.598,330.158,-829.752,938.161,136.576,-982.709,486.987,313.269,-627.842,520.618,199.521,-1330.83,213.059,277.621,-568.695,100.191,202.301,-1318.87,138.389,272.995,-492.818,97.149,89.38,-864.435,1428.4,409.079,-855.855,1406,-19.367,-830.273,1144.73,521.913,-962.677,1117.59,-23.896,-563.78,930.68,554.718,-942.032,791.732,236.549,-833.749,1032.04,210.108,-1344.161,192.675,-0.856,-11.713,-8.166,38.477,-0.22,-19.922,-19.335,-2.63,22.223,-38.415,8.568,4.352,39.542,1.069,-11.525,18.959,4.345,-11.936,2.409,-0.834,5.776,-40.884,3.304,2.573,-3.232,-7.527,-11.637,-3.232,7.527,11.637,14.639,22.857,16.307,47.281,0,-0,2.662,29.03,91.53,8.579,-7.432,5.295,-9.348,20.076,37.488,28.037,-0,0,-4.565,9.795,80,8.579,7.432,-5.295,-17.556,21.729,-9.22,-98.45,5.188,-5.092,14.374,-5.613,-11.246,14.374,5.613,11.246,9.641,-0.715,1.98,9.641,0.715,-1.98,-18.687,6.132,-4.303,-18.687,-6.132,4.303,0,0,0,0,0,0,0.409,-0.685,2.347,-0.045,-0.246,1.161,-0.351,-0.071,-0.019,-0.288,0.043,2.166,-0.381,-0.004,0.794,-0.241,0.021,-0.007,0,0,0,0,0,0,-575.001,-234.167,59.737,122.293,-80.725,2.385,-50.355,-6.989,-7.286,188.867,-33.577,2.239,13.81,-11.175,-1.431,-27.248,-3.461,-0.893,0,0,1.378,0,0,-0.856,0,0,-0.166,0,0,0.092,0,0,-0.042,0,0,0.018
30.68,242.196,-830.413,930.881,214.084,-654.66,885.412,62.699,-864.205,911.244,215.045,-788.99,1107.781,133.782,-950.972,483.317,-2.786,-538.459,388.261,-288.398,-1076.36,545.727,164.865,-841.59,913.343,198.383,-1306.12,221.981,-60.013,-1127.922,-95.786,-160.198,-1499.4,405.178,133.964,-945.028,476.857,200.507,-1298.67,146.707,117.311,-1105.224,209.603,0.596,-1388.983,160.046,238.095,-1350.833,356.862,200.507,-1298.67,146.707,181.553,-1236.769,120.867,134.348,-1320.35,143.302,189.446,-1275.07,211.355,313.441,-612.772,522.896,308.065,-205.617,714.601,-136.512,-621.163,528.098,321.721,-804.369,930.053,277.376,-566.699,100.721,357.947,-136.253,128.872,-152.34,-489.109,144.222,315.068,-602.253,536.477,272.605,-490.921,95.94,292.818,-520.09,314.952,52.505,-474.365,118.459,253.302,-710.239,68.512,272.605,-490.921,95.94,276.998,-452.38,155.213,201.954,-490.75,101.066,275.251,-550.356,134.39,258.213,-769.442,1441.17,264.266,-603.834,1412.483,426.282,-775.183,1443.494,259.522,-798.193,1275.468,-17.445,-817.12,1145.85,-131.779,-1093.134,1161.685,238.135,-929.176,1038.013,87.973,-844.804,1424.467,-6.032,-595.606,942.716,-154.69,-757.124,758.226,238.93,-703.007,839.359,-16.914,-806.795,1136.378,-23.036,-556.304,924.351,-87.11,-558.945,978.024,-67.267,-601.146,869.342,7.482,-626.84,957.312,522.437,-940.983,1117.92,682.219,-1177.708,1264.849,778.234,-749.211,1148.721,412.007,-839.288,1401.857,541.642,-922.366,842.503,704.085,-1138.515,839.22,757,-760.912,868.435,522.874,-940.559,1111.642,554.506,-916.898,792.226,638.026,-873.437,818.323,509.899,-829.997,790.263,530.421,-927.135,886.357,265.313,-631.981,1700.78,267.447,-658.514,1709.465,293.06,-630.928,1697.179,262.227,-640.862,1674.406,200.002,-704.648,1701.143,337.518,-702.882,1686.214,192.671,-840.039,1679.353,331.424,-852.286,1657.208,180.648,-804.37,1612.977,337.653,-793.5,1595.947,266.18,-656.933,1700.156,254.436,-901.865,1521.975,252.178,-928.045,1485.789,254.318,-975.04,1214.942,258.465,-762.549,1439.984,237.56,-717.257,1248.312,349.243,-976.04,1367.57,85.862,-843.11,1487.654,-4.152,-854.334,1389.864,-51.428,-788.691,1161.534,-39.061,-644.096,1026.7,10.486,-555.798,996.836,-59.041,-621.329,906.457,-36.062,-556.841,935.262,423.308,-834.566,1462.813,508.925,-879.035,1353.606,543.493,-900.033,1111.442,561.875,-894.156,921.781,532.921,-853.23,838.646,590.581,-970.676,854.413,569.039,-909.336,796.767,109.106,-776.191,985.856,332.859,-733.579,1010.665,226.49,-970.783,1052.386,289.563,-969.063,1056.212,59.454,-911.425,696.421,86.429,-783.313,799.878,95.45,-820.41,619.917,82.854,-968.622,500.313,100.206,-1118.475,386.828,125.756,-1011.617,378.553,153.829,-1094.196,319.252,166.715,-1330.066,235.266,229.095,-1349.038,278.116,188.828,-1290.202,125.122,227.523,-1301.612,69.613,156.899,-1348.315,92.868,205.531,-1298.225,41.018,413.565,-706.751,742.506,359.686,-660.602,882.795,327.859,-583.323,695.285,367.263,-609.706,533.479,368.605,-585.096,347.77,306.707,-539.166,434.028,296.753,-532.099,347.582,315.594,-574.194,89.807,262.254,-625.059,68.86,280.513,-462.019,104.071,247.889,-407.87,68.001,331.949,-441.237,51.6,275.652,-358.476,70.771,281.112,-710.464,1349.457,286.17,-715.469,1388.351,232.981,-705.979,1356.547,237.741,-1001.363,984.324,238.388,-998.237,1022.688,286.429,-993.918,982.184,44.919,-939.079,630.757,41.11,-941.389,669.759,35.911,-891.564,631.26,99.868,-1196.695,346.355,88.041,-1168.965,372.074,93.04,-1165.437,309.937,414.589,-677.799,648.061,424.295,-697.164,680.893,412.797,-635.366,671.725,373.486,-600.525,240.535,380.878,-603.395,279.074,366.929,-552.381,244.624,152.554,-847.697,920.765,331.837,-813.128,940.996,133.782,-950.972,483.317,313.441,-612.772,522.896,198.383,-1306.12,221.981,277.376,-566.699,100.721,200.507,-1298.67,146.707,272.605,-490.921,95.94,90.401,-845.441,1430.88,409.812,-837.267,1407.5,-17.445,-817.12,1145.85,522.437,-940.983,1117.92,-23.036,-556.304,924.351,554.506,-916.898,792.226,236.809,-815.785,1033.86,208.962,-1319.62,201.619,0.864,-12.524,-8.973,42.231,-0.627,-19.684,-20.636,-2.479,20.954,-38.66,8.068,3.526,39.379,2.084,-11.561,20.462,4.18,-11.633,2.889,-0.841,5.845,-40.554,3.673,2.555,-3.038,-8.169,-11.008,-3.038,8.169,11.008,13.726,22.27,16.542,46.863,0,0,2.119,29.053,90.911,8.29,-7.354,5.476,-8.547,20.245,37.372,28.059,-0,0,-4.423,9.584,80.336,8.29,7.354,-5.476,-13.94,22.595,-9.848,-97.128,5.247,-4.991,14.415,-6.136,-10.661,14.415,6.136,10.661,9.843,-0.446,2.063,9.843,0.446,-2.063,-18.609,6.327,-4.398,-18.609,-6.327,4.398,0,0,0,0,0,0,0.34,-0.688,2.326,-0.086,-0.244,1.095,-0.336,-0.077,-0.006,-0.321,0.05,2.052,-0.401,0,0.718,-0.217,0.018,-0.01,0,0,0,0,0,0,-563.458,-230.324,60.463,154.149,-79.172,-0.463,-55.275,-6.779,-11.123,221.335,-27.762,2.391,13.844,-8.338,-0.27,-25.112,-3.089,0.254,0,0,1.53,0,0,-1.052,0,0,-0.116,0,0,0.143,0,0,-0.034,0,0,0.024
30.69,243.779,-813.302,933.194,217.801,-637.223,887.718,64.087,-845.222,912.252,215.804,-771.78,1109.943,131.468,-918.472,480.378,-4.938,-502.828,399.837,-290.38,-1044.723,543.291,167.396,-822.795,913.285,197.374,-1279.61,230.843,-58.111,-1111.22,-94.536,-162.887,-1467.21,416.631,130.754,-910.896,473.97,198.556,-1275.72,155.281,114.593,-1080.124,209.972,-0.471,-1366.751,175.289,239.017,-1317.605,367.195,198.556,-1275.72,155.281,177.983,-1215.641,126.542,132.716,-1298.596,154.59,188.529,-1248.778,218.781,313.616,-599.269,524.739,309.505,-190.597,713.219,-136.321,-607.075,531.849,323.341,-787.633,933.37,276.985,-565.037,101.275,358.914,-134.205,116.763,-152.393,-484.902,143.481,315.594,-588.071,537.792,272.13,-489.362,95.138,292.424,-514.576,314.632,52.017,-472.643,117.41,253.059,-709.158,71.652,272.13,-489.362,95.138,275.958,-450.088,153.966,201.447,-489.474,99.812,274.814,-548.315,134.32,259.125,-751.324,1443.37,265.406,-585.835,1414.053,427.189,-757.384,1445.169,259.839,-780.687,1277.772,-15.676,-804.051,1147.29,-130.298,-1079.596,1168.363,240.202,-918.49,1042.71,88.703,-826.095,1426.8,-4.865,-588.154,937.496,-153.093,-755.359,757.788,240.383,-697.837,837.261,-15.156,-793.668,1137.201,-22.145,-549.697,917.713,-86.509,-551.164,971.082,-65.592,-596.84,864.019,8.884,-618.751,953.236,522.951,-919.122,1118.58,683.223,-1157.25,1262.682,778.461,-727.3,1151.384,412.566,-820.854,1403.739,541.719,-897.058,843.383,704.531,-1112.865,837.184,756.835,-735.561,871.001,523.379,-918.618,1112.302,554.325,-890.881,793.137,637.6,-847.061,819.417,509.01,-804.328,792.409,530.717,-902.449,887.234,267.333,-613.736,1703.11,269.499,-640.277,1711.764,295.065,-612.686,1699.388,264.129,-622.595,1676.742,201.94,-686.378,1703.705,339.383,-684.692,1688.12,194.521,-821.779,1681.859,333.104,-834.094,1659.044,182.224,-785.992,1615.583,339.193,-775.224,1597.81,268.191,-638.688,1702.472,255.38,-883.592,1524.482,252.926,-909.863,1488.349,254.092,-957.841,1217.773,259.386,-744.436,1442.155,238.606,-699.575,1250.487,350.444,-958.049,1370.362,86.73,-824.046,1490.29,-3.18,-836.168,1392.45,-49.574,-775.125,1162.23,-37.867,-634.271,1022.82,10.927,-546.432,990.369,-57.394,-615.606,901.82,-35.23,-549.995,928.562,424.129,-815.997,1464.587,509.621,-859.335,1354.935,544.033,-878.108,1112.607,562.021,-869.661,922.985,532.44,-827.948,840.407,591.059,-945.124,854.622,568.815,-883.256,797.71,111.231,-757.939,987.364,334.755,-717.342,1013.683,225.494,-953.712,1054.492,288.85,-952.449,1058.607,59.365,-885.498,695.081,88.112,-761.181,802.064,94.742,-792.17,621.254,80.834,-936.131,498.334,97.784,-1087.258,388.613,123.71,-980.588,378.026,151.668,-1064.664,320.881,165.6,-1302.936,244.893,229.051,-1318.305,288.568,186.382,-1268.181,131.878,224.318,-1282.121,75.768,155.072,-1329.105,102.571,201.318,-1281.022,42.905,414.326,-691.086,744.724,361.37,-644.822,885.287,328.846,-568.175,696.747,367.527,-596.482,534.641,368.679,-576.524,348.482,307.239,-527.96,433.732,297.003,-523.337,347.05,315.196,-573.005,90.344,262.388,-624.621,69.4,279.998,-460.671,102.742,247.296,-407.037,65.755,331.542,-440.386,50.546,274.602,-357.515,67.354,281.979,-692.569,1351.443,287.102,-697.42,1390.362,233.865,-687.974,1358.627,236.323,-984.316,985.603,236.628,-981.435,1024.015,285.099,-977.483,984.016,44.083,-911.092,628.653,40.582,-914.63,667.613,35.295,-863.591,630.725,98.192,-1166.777,350.954,86.17,-1138.296,375.884,91.285,-1136.576,313.622,415.177,-663.039,649.884,424.998,-682.226,682.788,413.322,-620.51,673.321,373.367,-595.083,241.717,380.863,-596.904,280.328,366.848,-546.843,244.512,154.038,-829.652,922.425,333.52,-796.953,943.962,131.468,-918.472,480.378,313.616,-599.269,524.739,197.374,-1279.61,230.843,276.985,-565.037,101.275,198.556,-1275.72,155.281,272.13,-489.362,95.138,91.215,-826.625,1433.53,410.396,-818.922,1409.35,-15.676,-804.051,1147.29,522.951,-919.122,1118.58,-22.145,-549.697,917.713,554.325,-890.881,793.137,237.176,-798.066,1035.86,207.717,-1293.243,210.223,2.718,-13.14,-9.353,45.943,-0.909,-19.419,-21.138,-2.301,19.429,-38.796,7.323,3.044,39.037,2.976,-11.353,21.658,4.091,-11.75,3.509,-0.87,6.141,-40.234,4.106,2.566,-2.841,-8.629,-10.401,-2.841,8.629,10.401,12.846,21.75,16.905,46.294,0,0,1.539,28.994,90.28,8.028,-7.385,5.616,-7.669,20.37,37.228,28.13,0,0,-4.248,9.473,80.703,8.028,7.385,-5.616,-11.181,22.874,-10.609,-96.099,5.268,-4.931,14.429,-6.546,-10.073,14.429,6.546,10.073,10.055,-0.243,2.14,10.055,0.243,-2.14,-18.571,6.57,-4.466,-18.571,-6.57,4.466,0,0,0,0,0,0,0.274,-0.666,2.285,-0.118,-0.231,1.012,-0.317,-0.081,0.012,-0.33,0.05,1.939,-0.407,-0.001,0.65,-0.194,0.013,-0.011,0,0,0,0,0,0,-537.376,-212.752,57.26,183.586,-73.56,-4.143,-56.81,-6.46,-14.708,226.904,-30.495,1.997,11.988,-5.205,0.673,-22.186,-2.672,1.174,0,0,1.616,0,0,-1.19,0,0,-0.057,0,0,0.212,0,0,-0.022,0,0,0.025
30.7,245.268,-796.586,935.805,221.244,-620.215,890.387,65.366,-826.704,914.008,216.895,-754.958,1112.465,129.656,-885.405,478.325,-4.037,-466.26,412.772,-292.696,-1010.427,540.309,169.638,-804.531,913.887,196.461,-1251.39,239.337,-54.535,-1090.71,-93.352,-166.599,-1433.189,425.442,127.998,-876.384,472.107,196.488,-1250,163.677,113.49,-1052.606,213.131,-2.265,-1340.097,189.731,240.163,-1284.885,376.22,196.488,-1250,163.677,174.627,-1191.22,133.251,130.894,-1273.521,165.366,187.645,-1220.838,226.367,313.74,-587.278,526.113,309.799,-176.691,710.389,-136.174,-595.298,534.361,324.548,-771.422,936.636,276.445,-563.656,101.772,360.969,-133.065,105.716,-152.361,-479.857,142.655,315.807,-575.385,538.672,271.586,-488.071,94.611,291.785,-510.316,314.435,51.461,-471.073,116.557,252.544,-708.166,74.088,271.586,-488.071,94.611,274.815,-448.296,153.138,200.873,-488.481,98.791,274.272,-546.686,134.297,259.837,-733.549,1445.76,266.3,-568.175,1415.839,427.896,-739.856,1447.203,260.134,-763.503,1280.266,-14.085,-791.016,1149.04,-129.72,-1065.682,1175.386,241.753,-908.442,1047.723,89.273,-807.647,1429.303,-3.784,-581.443,932.156,-152.112,-754.362,758.025,241.424,-693.991,835.049,-13.571,-780.581,1138.244,-21.242,-543.942,910.862,-85.869,-543.893,963.933,-64.042,-593.435,858.787,10.137,-611.348,949.136,523.468,-897.117,1119.58,684.237,-1136.748,1260.603,778.625,-705.242,1154.736,412.991,-802.681,1405.995,541.76,-871.073,844.669,705.015,-1086.423,835.13,756.579,-709.532,874.267,523.887,-896.521,1113.28,554.164,-864.018,794.497,637.141,-819.899,821.215,508.114,-777.853,795.23,530.932,-877.234,888.471,269.295,-595.613,1705.5,271.48,-622.155,1714.147,297.009,-594.587,1701.645,265.958,-604.473,1679.149,203.786,-668.181,1706.398,341.133,-666.666,1690.122,196.195,-803.614,1684.645,334.564,-816.093,1661.135,183.622,-767.771,1618.432,340.516,-757.205,1599.856,270.129,-620.566,1704.856,256.094,-865.617,1527.273,253.501,-891.997,1491.203,253.987,-940.929,1220.861,260.106,-726.666,1444.509,239.444,-682.35,1252.805,351.541,-940.395,1373.483,87.413,-805.237,1493.07,-2.387,-818.04,1395.24,-47.776,-761.471,1163.223,-36.702,-624.847,1018.921,11.415,-537.712,983.552,-55.917,-610.646,897.307,-34.38,-543.932,921.651,424.763,-797.705,1466.72,510.206,-839.749,1356.652,544.608,-856.052,1114.191,562.12,-844.674,924.64,531.903,-802.003,842.732,591.516,-918.893,855.123,568.602,-856.341,799.146,113.212,-740.101,989.461,336.835,-701.457,1016.787,224.908,-937.03,1056.975,288.314,-936.201,1061.167,59.401,-859.111,694.37,90.048,-739.022,804.843,94.953,-763.608,623.363,79.093,-902.813,497.105,95.501,-1054.925,390.63,122.255,-948.52,378.23,149.921,-1033.922,323.017,164.534,-1274.238,253.783,228.959,-1287.211,297.594,183.799,-1243.125,138.933,220.839,-1258.86,82.092,152.715,-1305.903,111.819,196.758,-1259.323,45.763,414.907,-676.23,746.792,362.391,-629.641,887.537,329.455,-554.044,697.687,367.672,-584.697,535.391,368.541,-569.168,348.945,307.658,-517.949,433.193,297.142,-515.615,346.387,314.63,-572.164,90.879,262.447,-624.398,69.767,279.434,-459.793,101.83,246.698,-406.552,64.124,331.151,-439.838,50.043,273.549,-357.046,64.808,282.583,-675.044,1353.599,287.764,-679.718,1392.541,234.49,-670.389,1360.859,235.265,-967.73,987.407,235.344,-965.032,1025.846,284.069,-961.4,986.204,43.391,-882.356,627.16,40.105,-887.103,666.033,34.95,-834.884,630.786,96.588,-1135.547,355.478,84.413,-1106.419,379.686,89.771,-1106.25,317.376,415.629,-649.258,651.553,425.526,-668.182,684.574,413.65,-606.58,674.639,372.939,-590.629,242.736,380.514,-591.477,281.393,366.668,-542.309,244.332,155.42,-812.036,924.61,335.116,-781.137,947.001,129.656,-885.405,478.325,313.74,-587.278,526.113,196.461,-1251.39,239.337,276.445,-563.656,101.772,196.488,-1250,163.677,271.586,-488.071,94.611,91.857,-808.063,1436.31,410.853,-800.854,1411.53,-14.085,-791.016,1149.04,523.468,-897.117,1119.58,-21.242,-543.942,910.862,554.164,-864.018,794.497,237.621,-780.577,1038.04,206.379,-1265.168,218.263,4.678,-13.534,-9.313,49.512,-1.021,-19.191,-20.942,-2.117,17.82,-38.818,6.545,2.856,38.52,3.708,-10.951,22.547,4.068,-12.146,4.23,-0.911,6.557,-39.953,4.566,2.613,-2.657,-8.892,-9.837,-2.657,8.892,9.837,12.008,21.302,17.421,45.566,0,0,0.919,28.833,89.64,7.821,-7.51,5.705,-6.733,20.457,37.059,28.248,0,0,-4.056,9.464,81.062,7.821,7.51,-5.705,-9.321,22.665,-11.463,-95.327,5.243,-4.924,14.418,-6.814,-9.504,14.418,6.814,9.504,10.26,-0.101,2.202,10.26,0.101,-2.202,-18.584,6.845,-4.508,-18.584,-6.845,4.508,0,0,0,0,0,0,0.213,-0.622,2.225,-0.139,-0.209,0.915,-0.295,-0.086,0.034,-0.315,0.041,1.835,-0.398,-0.008,0.594,-0.174,0.008,-0.011,0,0,0,0,0,0,-497.086,-185.356,50.532,206.866,-63.93,-7.838,-55.115,-6.072,-17.402,210.283,-39.11,1.036,9.075,-2.043,1.129,-18.768,-2.248,1.592,0,0,1.622,0,0,-1.245,0,0,-0.005,0,0,0.261,0,0,-0.011,0,0,0.023
30.71,246.586,-780.22,938.696,224.256,-603.602,893.371,66.458,-808.68,916.54,218.262,-738.47,1115.335,128.34,-851.963,477.268,-0.535,-429.218,426.957,-295.187,-973.935,537.279,171.579,-786.672,915.127,195.588,-1221.56,247.138,-50.281,-1066.495,-91.981,-170.716,-1398.004,432.036,125.815,-841.664,471.436,194.346,-1221.62,171.477,113.538,-1022.724,218.481,-4.546,-1309.781,202.599,241.367,-1252.715,383.894,194.346,-1221.62,171.477,171.664,-1163.467,140.454,128.867,-1245.249,175.057,186.817,-1191.313,233.794,313.775,-576.668,527.069,309.17,-163.847,706.268,-136.111,-585.538,535.941,325.444,-755.707,939.82,275.794,-562.52,102.174,363.438,-132.583,95.772,-152.329,-474.657,141.655,315.757,-564.16,539.173,271.012,-487.006,94.26,290.942,-507.094,314.316,50.878,-469.595,115.787,251.794,-707.276,75.893,271.012,-487.006,94.26,273.652,-446.903,152.593,200.274,-487.704,97.941,273.67,-545.394,134.281,260.377,-716.122,1448.33,266.952,-550.853,1417.86,428.431,-722.582,1449.552,260.408,-746.616,1282.935,-12.69,-777.974,1151.11,-130.161,-1051.305,1182.694,242.693,-899.067,1053.013,89.716,-789.531,1431.977,-2.824,-575.448,926.791,-151.896,-753.964,759.061,241.949,-691.508,832.77,-12.179,-767.505,1139.513,-20.349,-539.014,903.911,-85.204,-537.08,956.668,-62.678,-590.86,853.776,11.199,-604.599,945.099,523.996,-874.998,1120.91,685.285,-1116.221,1258.585,778.739,-683.08,1158.737,413.32,-784.798,1408.611,541.75,-844.453,846.381,705.52,-1059.212,833.078,756.22,-682.876,878.228,524.406,-874.292,1114.574,554.01,-836.359,796.335,636.658,-792.05,823.749,507.24,-750.614,798.745,531.043,-851.521,890.08,271.157,-577.619,1707.9,273.352,-604.152,1716.571,298.853,-576.633,1703.907,267.678,-586.509,1681.578,205.514,-650.077,1709.201,342.759,-648.807,1692.231,197.687,-785.564,1687.702,335.828,-798.286,1663.506,184.848,-749.743,1621.508,341.646,-739.465,1602.111,271.957,-602.574,1707.294,256.631,-847.947,1530.316,253.956,-874.448,1494.319,254.005,-924.257,1224.16,260.651,-709.243,1447.058,240.07,-665.531,1255.279,352.521,-923.068,1376.851,87.949,-786.771,1495.982,-1.735,-800.036,1398.195,-46.029,-747.677,1164.508,-35.589,-615.789,1015.073,11.949,-529.638,976.469,-54.67,-606.384,893.033,-33.534,-538.621,914.636,425.242,-779.729,1469.205,510.694,-820.333,1358.745,545.219,-833.894,1116.188,562.158,-819.248,926.752,531.324,-775.439,845.637,591.915,-892.039,855.932,568.391,-828.649,801.105,114.949,-722.661,992.15,338.998,-685.85,1019.929,224.739,-920.687,1059.813,287.968,-920.248,1063.926,59.557,-832.366,694.39,92.152,-716.878,808.232,95.948,-734.836,626.27,77.669,-868.93,496.78,93.472,-1021.728,392.984,121.312,-915.591,379.205,148.584,-1002.119,325.641,163.493,-1244.095,261.697,228.735,-1255.999,305.107,181.164,-1215.081,145.952,217.2,-1231.898,88.251,149.838,-1278.752,120.177,192.04,-1233.124,49.421,415.321,-662.22,748.694,362.921,-614.964,889.439,329.696,-540.906,698.149,367.698,-574.192,535.811,368.244,-562.874,349.205,307.893,-509.105,432.447,297.146,-508.875,345.602,313.933,-571.565,91.38,262.442,-624.316,70.011,278.86,-459.243,101.214,246.129,-406.296,62.95,330.791,-439.502,49.9,272.557,-356.905,62.924,282.947,-657.856,1355.953,288.185,-662.348,1394.915,234.881,-653.191,1363.271,234.647,-951.548,989.74,234.597,-948.962,1028.19,283.439,-945.585,988.773,42.862,-853.024,626.404,39.708,-858.951,665.148,34.835,-805.603,631.56,95.099,-1103.22,359.899,82.834,-1073.557,383.483,88.501,-1074.645,321.179,415.963,-636.427,653.076,425.9,-655.002,686.259,413.807,-593.544,675.698,372.307,-586.983,243.607,379.93,-586.938,282.285,366.416,-538.596,244.1,156.622,-794.841,927.321,336.55,-765.598,950.071,128.34,-851.963,477.268,313.775,-576.668,527.069,195.588,-1221.56,247.138,275.794,-562.52,102.174,194.346,-1221.62,171.477,271.012,-487.006,94.26,92.363,-789.83,1439.23,411.223,-783.089,1414.06,-12.69,-777.974,1151.11,523.996,-874.998,1120.91,-20.349,-539.014,903.911,554.01,-836.359,796.335,238.105,-763.304,1040.39,204.949,-1235.54,225.53,6.713,-13.697,-8.911,52.838,-0.959,-19.059,-20.211,-1.945,16.292,-38.698,5.932,2.862,37.85,4.267,-10.404,23.151,4.09,-12.698,5.006,-0.954,6.991,-39.722,5.017,2.7,-2.501,-8.964,-9.333,-2.501,8.964,9.333,11.225,20.926,18.114,44.672,-0,-0,0.263,28.553,88.993,7.697,-7.703,5.74,-5.752,20.51,36.861,28.412,0,-0,-3.856,9.565,81.389,7.697,7.703,-5.74,-8.328,22.112,-12.354,-94.767,5.173,-4.969,14.392,-6.927,-8.978,14.392,6.927,8.978,10.446,-0.01,2.241,10.446,0.01,-2.241,-18.662,7.136,-4.531,-18.662,-7.136,4.531,0,0,0,0,0,0,0.159,-0.561,2.147,-0.151,-0.18,0.81,-0.269,-0.088,0.056,-0.277,0.023,1.746,-0.378,-0.018,0.554,-0.157,0.003,-0.01,0,0,0,0,0,0,-445.762,-152.982,41.653,221.097,-51.78,-10.777,-50.964,-5.65,-18.833,181.135,-47.186,-0.381,5.884,0.885,0.958,-15.23,-1.849,1.36,0,0,1.546,0,0,-1.208,0,0,0.033,0,0,0.271,0,0,-0.004,0,0,0.02
30.72,247.679,-764.15,941.844,226.725,-587.337,896.625,67.313,-791.16,919.811,219.823,-722.266,1118.526,127.496,-818.319,477.26,4.875,-392.181,442.282,-297.623,-935.937,534.643,173.221,-769.07,916.961,194.683,-1190.28,253.967,-46.279,-1038.746,-90.233,-174.752,-1362.163,436.923,124.297,-806.884,472.031,192.159,-1190.8,178.339,114.33,-990.737,225.417,-7.126,-1276.571,213.379,242.43,-1221.081,390.128,192.159,-1190.8,178.339,169.186,-1132.589,147.642,126.633,-1214.048,183.293,186.058,-1160.31,240.723,313.711,-567.27,527.706,307.808,-151.994,701.102,-136.138,-577.525,536.952,326.193,-740.463,942.921,275.1,-561.601,102.482,365.788,-132.53,86.932,-152.345,-469.878,140.514,315.536,-554.314,539.38,270.457,-486.137,94.021,289.983,-504.685,314.249,50.317,-468.206,115.049,250.901,-706.5,77.195,270.457,-486.137,94.021,272.556,-445.826,152.233,199.699,-487.091,97.234,273.07,-544.378,134.258,260.776,-699.026,1451.1,267.378,-533.847,1420.153,428.829,-705.54,1452.186,260.644,-729.992,1285.792,-11.499,-764.894,1153.46,-131.671,-1036.403,1190.181,242.961,-890.361,1058.514,90.066,-771.799,1434.785,-2.016,-570.135,921.506,-152.552,-753.975,760.989,241.874,-690.387,830.506,-10.989,-754.435,1140.999,-19.493,-534.881,896.985,-84.53,-530.676,949.384,-61.561,-589.031,849.117,12.03,-598.468,941.213,524.544,-852.79,1122.57,686.403,-1095.665,1256.624,778.802,-660.834,1163.354,413.585,-767.221,1411.574,541.67,-817.252,848.532,706.037,-1031.254,831.052,755.732,-655.643,882.868,524.943,-851.961,1116.178,553.84,-807.967,798.68,636.147,-763.613,827.032,506.392,-722.67,802.985,531.041,-825.363,892.077,272.878,-559.764,1710.35,275.073,-586.279,1719.076,300.557,-558.83,1706.226,269.263,-568.713,1684.066,207.093,-632.09,1712.1,344.248,-631.12,1694.468,198.995,-767.654,1691.009,336.918,-780.675,1666.175,185.914,-731.941,1624.785,342.618,-722.006,1604.597,273.637,-584.721,1709.787,257.045,-830.574,1533.577,254.344,-857.207,1497.666,254.129,-907.791,1227.635,261.051,-692.151,1449.814,240.5,-649.062,1257.924,353.382,-906.048,1380.395,88.379,-768.716,1499.018,-1.183,-782.266,1401.282,-44.321,-733.708,1166.073,-34.549,-607.065,1011.357,12.531,-522.214,969.22,-53.709,-602.745,889.116,-32.715,-534.026,907.637,425.608,-762.09,1472.03,511.103,-801.145,1361.199,545.868,-811.661,1118.583,562.127,-793.441,929.326,530.709,-748.316,849.134,592.225,-864.624,857.062,568.161,-800.249,803.613,116.371,-705.601,995.4,341.139,-670.452,1023.075,224.963,-904.631,1062.974,287.815,-904.518,1066.923,59.828,-805.389,695.198,94.328,-694.793,812.23,97.537,-705.982,629.978,76.602,-834.743,497.45,91.787,-987.893,395.727,120.788,-881.969,380.95,147.633,-969.402,328.684,162.43,-1212.629,268.441,228.291,-1224.757,311.072,178.555,-1184.247,152.597,213.499,-1201.486,93.932,146.507,-1247.92,127.309,187.33,-1202.688,53.56,415.617,-649.023,750.459,363.178,-600.718,890.94,329.626,-528.712,698.238,367.635,-564.777,536.007,367.881,-557.481,349.327,307.933,-501.363,431.555,297.041,-503.037,344.736,313.173,-571.125,91.831,262.388,-624.319,70.18,278.322,-458.909,100.799,245.622,-406.178,62.109,330.479,-439.306,49.961,271.675,-356.96,61.524,283.11,-640.966,1358.526,288.409,-645.288,1397.504,235.077,-636.333,1365.888,234.493,-935.701,992.577,234.388,-933.15,1031.025,283.265,-929.965,991.73,42.517,-823.292,626.468,39.431,-830.368,665.042,34.91,-775.953,633.126,93.745,-1069.994,364.154,81.473,-1039.913,387.238,87.465,-1041.938,324.972,416.225,-624.481,654.488,426.165,-642.632,687.873,413.848,-581.344,676.556,371.593,-583.972,244.353,379.239,-583.119,283.032,366.144,-535.532,243.845,157.592,-778.047,930.53,337.765,-750.253,953.158,127.496,-818.319,477.26,313.711,-567.27,527.706,194.683,-1190.28,253.967,275.1,-561.601,102.482,192.159,-1190.8,178.339,270.457,-486.137,94.021,92.775,-771.983,1442.28,411.538,-765.642,1416.91,-11.499,-764.894,1153.46,524.544,-852.79,1122.57,-19.493,-534.881,896.985,553.84,-807.967,798.68,238.585,-746.233,1042.9,203.423,-1204.502,231.834,8.789,-13.637,-8.237,55.84,-0.766,-19.058,-19.105,-1.8,14.985,-38.443,5.591,2.943,37.059,4.664,-9.762,23.499,4.131,-13.307,5.794,-0.992,7.372,-39.537,5.427,2.82,-2.378,-8.867,-8.899,-2.378,8.867,8.899,10.508,20.615,18.999,43.615,-0,0,-0.42,28.141,88.352,7.659,-7.924,5.717,-4.733,20.543,36.636,28.621,0,0,-3.65,9.774,81.661,7.659,7.924,-5.717,-8.137,21.333,-13.223,-94.366,5.069,-5.057,14.356,-6.889,-8.517,14.356,6.889,8.517,10.61,0.045,2.25,10.61,-0.045,-2.25,-18.802,7.417,-4.534,-18.802,-7.417,4.534,0,0,0,0,0,0,0.115,-0.49,2.055,-0.157,-0.147,0.702,-0.24,-0.09,0.077,-0.221,-0.002,1.676,-0.35,-0.03,0.53,-0.144,-0.003,-0.008,0,0,0,0,0,0,-388.753,-120.169,32.693,224.95,-39.602,-12.403,-45.238,-5.214,-18.816,149.71,-47.603,-2.037,3.056,3.36,0.18,-11.983,-1.503,0.503,0,0,1.404,0,0,-1.09,0,0,0.057,0,0,0.248,0,0,-0.001,0,0,0.016
30.73,248.532,-748.337,945.229,228.616,-571.383,900.093,67.925,-774.146,923.738,221.489,-706.291,1121.999,127.091,-784.632,478.301,11.445,-355.573,458.611,-299.785,-897.192,532.709,174.59,-751.591,919.328,193.688,-1157.72,259.598,-43.189,-1007.635,-88.055,-178.411,-1326.017,440.477,123.473,-772.169,473.885,189.946,-1157.81,184.018,115.553,-956.987,233.361,-9.876,-1241.121,221.822,243.196,-1189.878,394.814,189.946,-1157.81,184.018,167.202,-1098.956,154.393,124.217,-1180.26,189.881,185.355,-1127.962,246.841,313.584,-558.921,528.144,305.983,-141.05,695.119,-136.214,-570.936,537.738,326.949,-725.637,945.974,274.449,-560.869,102.72,367.742,-132.722,79.159,-152.398,-465.845,139.326,315.266,-545.733,539.381,269.975,-485.441,93.855,289.022,-502.878,314.216,49.829,-466.963,114.346,250.012,-705.849,78.14,269.975,-485.441,93.855,271.613,-445,151.991,199.203,-486.613,96.665,272.541,-543.588,134.232,261.066,-682.234,1454.09,267.604,-517.129,1422.733,429.122,-688.7,1455.083,260.835,-713.605,1288.859,-10.52,-751.761,1156.08,-134.321,-1020.903,1197.823,242.462,-882.382,1064.183,90.377,-754.491,1437.717,-1.391,-565.467,916.415,-154.221,-754.173,763.914,241.081,-690.661,828.337,-10.01,-741.365,1142.71,-18.703,-531.502,890.222,-83.86,-524.636,942.189,-60.751,-587.85,844.945,12.596,-592.91,937.578,525.117,-830.523,1124.55,687.607,-1075.087,1254.715,778.824,-638.547,1168.537,413.821,-749.957,1414.859,541.506,-789.537,851.138,706.547,-1002.596,829.092,755.104,-627.91,888.171,525.504,-829.554,1118.086,553.631,-778.916,801.555,635.594,-734.686,831.073,505.554,-694.104,807.966,530.91,-798.819,894.469,274.42,-542.065,1712.82,276.609,-568.553,1721.629,302.083,-541.19,1708.579,270.684,-551.099,1686.582,208.484,-614.252,1715.085,345.583,-613.61,1696.856,200.121,-749.912,1694.529,337.845,-763.26,1669.137,186.835,-714.385,1628.229,343.467,-704.822,1607.328,275.137,-567.025,1712.346,257.388,-813.481,1537.023,254.708,-840.253,1501.21,254.329,-891.505,1231.259,261.338,-675.362,1452.779,240.769,-632.891,1260.751,354.128,-889.304,1384.057,88.741,-751.118,1502.172,-0.691,-764.836,1404.47,-42.633,-719.541,1167.9,-33.598,-598.647,1007.858,13.16,-515.44,961.918,-53.085,-599.64,885.677,-31.948,-530.106,900.786,425.901,-744.791,1475.168,511.456,-782.231,1363.993,546.555,-789.384,1121.355,562.019,-767.313,932.36,530.049,-720.711,853.231,592.426,-836.711,858.527,567.893,-771.22,806.691,117.448,-688.895,999.145,343.172,-655.206,1026.198,225.529,-888.813,1066.409,287.85,-888.947,1070.187,60.214,-778.318,696.802,96.485,-672.811,816.816,99.512,-677.178,634.461,75.923,-800.498,499.137,90.493,-953.609,398.833,120.598,-847.812,383.417,147.026,-935.922,332.04,161.29,-1179.975,273.873,227.56,-1193.441,315.482,176.023,-1150.938,158.554,209.814,-1168.017,98.865,142.83,-1213.862,132.998,182.754,-1168.496,57.779,415.861,-636.573,752.142,363.378,-586.844,892.056,329.354,-517.391,698.068,367.545,-556.288,536.087,367.56,-552.843,349.371,307.839,-494.632,430.591,296.897,-498.003,343.845,312.441,-570.788,92.227,262.305,-624.369,70.31,277.863,-458.707,100.518,245.2,-406.133,61.506,330.23,-439.198,50.113,270.939,-357.113,60.474,283.122,-624.341,1361.321,288.489,-628.51,1400.313,235.124,-619.762,1368.721,234.772,-920.114,995.866,234.654,-917.524,1034.304,283.535,-914.482,995.06,42.375,-793.379,627.387,39.318,-801.581,665.749,35.144,-746.166,635.516,92.534,-1036.05,368.149,80.339,-1005.668,390.878,86.632,-1008.301,328.66,416.468,-613.359,655.839,426.376,-631.023,689.458,413.84,-569.932,677.287,370.922,-581.45,245,378.572,-579.876,283.663,365.911,-532.972,243.59,158.322,-761.634,934.185,338.742,-735.04,956.272,127.091,-784.632,478.301,313.584,-558.921,528.144,193.688,-1157.72,259.598,274.449,-560.869,102.72,189.946,-1157.81,184.018,269.975,-485.441,93.855,93.145,-754.565,1445.45,411.827,-748.513,1420.06,-10.52,-751.761,1156.08,525.117,-830.523,1124.55,-18.703,-531.502,890.222,553.631,-778.916,801.555,239.028,-729.35,1045.58,201.792,-1172.19,237.018,10.881,-13.381,-7.398,58.464,-0.509,-19.192,-17.768,-1.69,13.978,-38.083,5.545,3.015,36.18,4.92,-9.081,23.621,4.167,-13.904,6.554,-1.022,7.672,-39.389,5.77,2.962,-2.294,-8.64,-8.54,-2.294,8.64,8.54,9.867,20.368,20.094,42.407,-0,0,-1.125,27.59,87.716,7.705,-8.141,5.643,-3.685,20.567,36.383,28.871,0,0,-3.433,10.092,81.875,7.705,8.141,-5.643,-8.65,20.42,-14.022,-94.078,4.945,-5.162,14.324,-6.718,-8.133,14.324,6.718,8.133,10.75,0.079,2.228,10.75,-0.079,-2.228,-18.999,7.669,-4.523,-18.999,-7.669,4.523,0,0,0,0,0,0,0.082,-0.417,1.952,-0.159,-0.113,0.596,-0.209,-0.089,0.093,-0.152,-0.033,1.628,-0.316,-0.042,0.523,-0.136,-0.007,-0.006,0,0,0,0,0,0,-331.149,-90.419,25.377,218.442,-29.571,-12.61,-38.796,-4.776,-17.504,122.572,-36.395,-3.499,0.862,5.055,-0.907,-9.308,-1.23,-0.67,0,0,1.223,0,0,-0.915,0,0,0.067,0,0,0.212,0,0,-0.001,0,0,0.012
30.74,249.139,-732.741,948.795,229.933,-555.699,903.694,68.295,-757.605,928.203,223.19,-690.495,1125.681,127.086,-751.037,480.34,18.466,-319.72,475.805,-301.504,-858.431,531.626,175.722,-734.143,922.157,192.561,-1124.06,263.896,-41.291,-973.356,-85.533,-181.628,-1289.755,442.856,123.315,-737.625,476.902,187.715,-1122.96,188.387,117.006,-921.844,241.786,-12.736,-1203.929,227.911,243.558,-1158.949,397.875,187.715,-1122.96,188.387,165.634,-1063.046,160.433,121.671,-1144.307,194.804,184.67,-1094.441,251.917,313.464,-551.481,528.49,304.101,-130.919,688.475,-136.271,-565.327,538.566,327.802,-711.141,949.035,273.931,-560.296,102.918,369.255,-133.039,72.371,-152.436,-462.648,138.197,315.077,-538.279,539.256,269.611,-484.896,93.745,288.175,-501.492,314.212,49.458,-465.941,113.71,249.282,-705.329,78.864,269.611,-484.896,93.745,270.886,-444.369,151.83,198.831,-486.247,96.242,272.147,-542.979,134.215,261.281,-665.708,1457.26,267.666,-500.662,1425.563,429.342,-672.037,1458.156,260.967,-697.417,1292.094,-9.751,-738.563,1158.96,-138.122,-1004.746,1205.591,241.139,-875.137,1070.03,90.659,-737.617,1440.782,-0.975,-561.395,911.631,-156.962,-754.341,767.882,239.49,-692.297,826.395,-9.244,-728.31,1144.644,-18.005,-528.823,883.764,-83.198,-518.909,935.191,-60.31,-587.198,841.388,12.871,-587.875,934.288,525.723,-808.226,1126.82,688.909,-1054.485,1252.851,778.82,-616.254,1174.213,414.056,-732.991,1418.415,541.242,-761.385,854.208,707.027,-973.297,827.235,754.326,-599.762,894.108,526.095,-807.103,1120.289,553.362,-749.29,804.973,634.985,-705.366,835.856,504.709,-665.015,813.7,530.647,-771.96,897.253,275.755,-524.541,1715.35,277.934,-550.994,1724.265,303.405,-523.725,1711.013,271.917,-533.683,1689.164,209.66,-596.595,1718.144,346.747,-596.287,1699.418,201.073,-732.364,1698.212,338.617,-746.04,1672.371,187.624,-697.087,1631.799,344.219,-687.892,1610.299,276.434,-549.504,1714.985,257.698,-796.644,1540.619,255.082,-823.558,1504.91,254.568,-875.374,1235.004,261.547,-658.839,1455.942,240.925,-616.964,1263.767,354.779,-872.799,1387.792,89.064,-733.993,1505.44,-0.228,-747.837,1407.734,-40.944,-705.172,1169.964,-32.743,-590.505,1004.659,13.837,-509.317,954.683,-52.845,-596.962,882.83,-31.258,-526.808,894.218,426.158,-727.818,1478.58,511.78,-763.627,1367.097,547.285,-767.095,1124.472,561.834,-740.924,935.847,529.329,-692.706,857.931,592.503,-808.368,860.334,567.564,-741.647,810.347,118.193,-672.513,1003.288,345.03,-640.07,1029.284,226.357,-873.178,1070.065,288.05,-873.481,1073.72,60.714,-751.299,699.165,98.538,-650.982,821.94,101.682,-648.558,639.66,75.642,-766.401,501.796,89.579,-919.026,402.204,120.672,-813.267,386.53,146.702,-901.823,335.575,160.031,-1146.286,277.906,226.514,-1161.929,318.344,173.589,-1115.535,163.574,206.196,-1131.948,102.843,138.938,-1177.128,137.145,178.385,-1131.15,61.682,416.114,-624.798,753.801,363.696,-573.294,892.85,329.039,-506.858,697.733,367.504,-548.615,536.133,367.385,-548.837,349.387,307.72,-488.8,429.623,296.81,-493.674,342.984,311.831,-570.524,92.571,262.213,-624.443,70.424,277.519,-458.581,100.329,244.879,-406.121,61.078,330.054,-439.141,50.277,270.361,-357.299,59.677,283.036,-607.947,1364.33,288.476,-611.983,1403.331,235.069,-603.427,1371.765,235.395,-904.714,999.533,235.284,-902.025,1037.954,284.172,-899.096,998.719,42.442,-763.501,629.149,39.397,-772.811,667.257,35.506,-716.465,638.714,91.457,-1001.559,371.779,79.412,-970.992,394.316,85.959,-973.9,332.138,416.747,-603.025,657.176,426.587,-620.15,691.054,413.861,-559.278,677.955,370.401,-579.299,245.567,378.047,-577.097,284.201,365.775,-530.803,243.354,158.807,-745.566,938.201,339.472,-719.916,959.389,127.086,-751.037,480.34,313.464,-551.481,528.49,192.561,-1124.06,263.896,273.931,-560.296,102.918,187.715,-1122.96,188.387,269.611,-484.896,93.745,93.489,-737.59,1448.73,412.121,-731.687,1423.47,-9.751,-738.563,1158.96,525.723,-808.226,1126.82,-18.005,-528.823,883.764,553.362,-749.29,804.973,239.412,-712.646,1048.41,200.052,-1138.732,240.959,12.967,-12.951,-6.498,60.686,-0.259,-19.44,-16.322,-1.614,13.285,-37.646,5.739,3.039,35.231,5.054,-8.419,23.544,4.185,-14.433,7.258,-1.044,7.9,-39.269,6.025,3.105,-2.25,-8.319,-8.254,-2.25,8.319,8.254,9.305,20.17,21.403,41.066,0,-0,-1.835,26.897,87.104,7.826,-8.324,5.527,-2.612,20.596,36.106,29.163,0,0,-3.202,10.517,82.03,7.826,8.324,-5.527,-9.748,19.43,-14.72,-93.862,4.82,-5.257,14.304,-6.436,-7.828,14.304,6.436,7.828,10.867,0.107,2.176,10.867,-0.107,-2.176,-19.244,7.878,-4.507,-19.244,-7.878,4.507,0,0,0,0,0,0,0.061,-0.348,1.841,-0.16,-0.082,0.497,-0.178,-0.088,0.103,-0.079,-0.067,1.6,-0.279,-0.053,0.528,-0.132,-0.01,-0.003,0,0,0,0,0,0,-277.731,-66.003,20.66,203.818,-22.915,-11.66,-32.604,-4.347,-15.31,101.165,-14.102,-4.477,-0.572,5.919,-1.969,-7.387,-1.044,-1.806,0,0,1.033,0,0,-0.717,0,0,0.068,0,0,0.18,0,0,-0.002,0,0,0.009
30.75,249.539,-717.323,952.505,230.764,-540.244,907.37,68.474,-741.48,933.048,224.848,-674.824,1129.511,127.433,-717.646,483.29,25.397,-284.826,493.712,-302.706,-820.208,531.398,176.647,-716.689,925.365,191.287,-1089.47,266.807,-40.493,-936.113,-82.848,-184.497,-1253.472,443.977,123.732,-703.356,480.936,185.473,-1086.56,191.414,118.603,-885.669,250.322,-15.679,-1165.35,231.77,243.482,-1128.199,399.26,185.473,-1086.56,191.414,164.367,-1025.354,165.586,119.058,-1106.621,198.146,183.951,-1059.913,255.806,313.441,-544.84,528.827,302.665,-121.51,681.242,-136.23,-560.16,539.587,328.75,-696.865,952.158,273.617,-559.854,103.109,370.449,-133.417,66.46,-152.378,-460.191,137.217,315.085,-531.803,539.07,269.403,-484.479,93.682,287.541,-500.376,314.235,49.236,-465.201,113.177,248.843,-704.935,79.483,269.403,-484.479,93.682,270.423,-443.892,151.73,198.619,-485.977,95.973,271.943,-542.517,134.217,261.456,-649.41,1460.61,267.623,-484.411,1428.627,429.525,-655.542,1461.379,261.044,-681.399,1295.498,-9.206,-725.313,1162.08,-143.115,-987.858,1213.517,238.877,-868.7,1076.048,90.944,-721.167,1443.966,-0.788,-557.862,907.268,-160.861,-754.221,772.942,236.989,-695.292,824.811,-8.702,-715.279,1146.812,-17.424,-526.781,877.751,-82.542,-513.446,928.494,-60.286,-586.945,838.556,12.834,-583.311,931.435,526.362,-785.93,1129.37,690.298,-1033.872,1251.055,778.802,-594.008,1180.333,414.307,-716.301,1422.206,540.862,-732.873,857.741,707.443,-943.422,825.507,753.393,-571.292,900.648,526.715,-784.641,1122.767,553.007,-719.175,808.941,634.298,-675.746,841.363,503.824,-635.508,820.186,530.241,-744.853,900.417,276.867,-507.217,1717.96,279.036,-533.63,1726.995,304.507,-506.456,1713.551,272.954,-516.478,1691.827,210.605,-579.154,1721.263,347.72,-579.161,1702.163,201.864,-715.037,1702,339.247,-729.017,1675.835,188.299,-680.051,1635.448,344.89,-671.193,1613.491,277.515,-532.182,1717.715,258.004,-780.037,1544.323,255.484,-807.09,1508.715,254.811,-859.377,1238.839,261.713,-642.543,1459.28,241.019,-601.233,1266.967,355.36,-856.493,1391.568,89.37,-717.329,1508.813,0.225,-731.327,1411.053,-39.239,-690.617,1172.237,-31.982,-582.611,1001.834,14.567,-503.836,947.641,-53.02,-594.59,880.672,-30.661,-524.07,888.067,426.404,-711.141,1482.219,512.101,-745.35,1370.479,548.064,-744.831,1127.899,561.573,-714.333,939.773,528.529,-664.39,863.227,592.445,-779.658,862.483,567.152,-711.618,814.582,118.651,-656.411,1007.715,346.678,-625.013,1032.328,227.351,-857.671,1073.88,288.385,-858.078,1077.494,61.317,-724.465,702.213,100.426,-629.352,827.531,103.894,-620.239,645.494,75.746,-732.613,505.324,88.992,-884.271,405.689,120.961,-778.477,390.19,146.593,-867.245,339.155,158.633,-1111.717,280.5,225.167,-1130.078,319.667,171.246,-1078.422,167.49,202.68,-1093.728,105.735,134.964,-1138.273,139.75,174.256,-1091.259,64.943,416.424,-613.645,755.478,364.246,-560.03,893.424,328.86,-497.021,697.28,367.597,-541.705,536.197,367.435,-545.363,349.404,307.707,-483.745,428.705,296.873,-489.948,342.197,311.421,-570.321,92.87,262.132,-624.531,70.536,277.317,-458.499,100.204,244.665,-406.12,60.786,329.957,-439.111,50.41,269.942,-357.477,59.071,282.906,-591.75,1367.525,288.415,-595.672,1406.532,234.961,-587.279,1374.999,236.231,-889.431,1003.484,236.133,-886.605,1041.886,285.041,-883.784,1002.641,42.707,-733.843,631.701,39.672,-744.249,669.514,35.973,-687.04,642.66,90.5,-966.676,374.944,78.658,-936.04,397.463,85.399,-938.895,335.306,417.106,-593.463,658.53,426.843,-610.006,692.691,413.984,-549.377,678.597,370.11,-577.436,246.069,377.751,-574.697,284.661,365.781,-528.943,243.14,159.093,-729.795,942.478,339.986,-704.851,962.531,127.433,-717.646,483.29,313.441,-544.84,528.827,191.287,-1089.47,266.807,273.617,-559.854,103.109,185.473,-1086.56,191.414,269.403,-484.479,93.682,93.836,-721.047,1452.11,412.432,-715.136,1427.1,-9.206,-725.313,1162.08,526.362,-785.93,1129.37,-17.424,-526.781,877.751,553.007,-719.175,808.941,239.734,-696.11,1051.37,198.206,-1104.25,243.579,15.038,-12.392,-5.621,62.51,-0.07,-19.754,-14.84,-1.569,12.864,-37.196,6.076,3.013,34.222,5.091,-7.845,23.288,4.177,-14.846,7.887,-1.063,8.087,-39.159,6.181,3.238,-2.246,-7.952,-8.033,-2.246,7.952,8.033,8.819,20.022,22.937,39.623,0,-0,-2.54,26.066,86.517,7.995,-8.452,5.384,-1.519,20.641,35.809,29.499,-0,0,-2.951,11.048,82.134,7.995,8.452,-5.384,-11.328,18.389,-15.305,-93.685,4.709,-5.317,14.305,-6.08,-7.599,14.305,6.08,7.599,10.965,0.14,2.101,10.965,-0.14,-2.101,-19.513,8.033,-4.486,-19.513,-8.033,4.486,0,0,0,0,0,0,0.053,-0.29,1.727,-0.162,-0.056,0.408,-0.149,-0.085,0.108,-0.009,-0.101,1.588,-0.242,-0.06,0.542,-0.131,-0.012,-0,0,0,0,0,0,0,-231.365,-47.875,18.753,184.657,-19.904,-9.998,-27.151,-3.943,-12.691,83.374,14.174,-4.911,-1.059,6.091,-2.806,-6.27,-0.95,-2.686,0,0,0.855,0,0,-0.528,0,0,0.062,0,0,0.156,0,0,-0.002,0,0,0.007
30.76,249.762,-702.046,956.299,231.213,-524.97,911.056,68.494,-725.677,938.128,226.426,-659.238,1133.414,128.084,-684.55,487.039,31.891,-250.997,512.188,-303.388,-782.885,531.93,177.399,-699.237,928.86,189.879,-1054.11,268.332,-40.484,-896.133,-80.201,-187.178,-1217.208,443.621,124.609,-669.479,485.812,183.227,-1048.91,193.132,120.293,-848.802,258.666,-18.678,-1125.674,233.635,242.997,-1097.518,398.956,183.227,-1048.91,193.132,163.256,-986.336,169.801,116.445,-1067.65,200.036,183.152,-1024.579,258.452,313.601,-538.908,529.203,302.206,-112.732,673.423,-136.027,-554.864,540.829,329.723,-682.695,955.372,273.556,-559.519,103.313,371.574,-133.848,61.301,-152.135,-458.23,136.418,315.366,-526.159,538.867,269.37,-484.171,93.665,287.168,-499.443,314.29,49.177,-464.797,112.77,248.79,-704.663,80.062,269.37,-484.171,93.665,270.243,-443.533,151.68,198.586,-485.791,95.866,271.96,-542.17,134.253,261.624,-633.299,1464.1,267.527,-468.337,1431.88,429.703,-639.196,1464.699,261.082,-665.52,1299.033,-8.899,-712.023,1165.4,-149.29,-970.167,1221.604,235.587,-863.089,1082.258,91.22,-705.108,1447.243,-0.84,-554.798,903.425,-165.938,-753.547,779.066,233.487,-699.589,823.737,-8.401,-702.305,1149.206,-16.976,-525.295,872.312,-81.879,-508.189,922.193,-60.715,-586.943,836.541,12.479,-579.147,929.106,527.037,-763.664,1132.13,691.75,-1013.26,1249.299,778.794,-571.864,1186.795,414.585,-699.856,1426.137,540.353,-704.074,861.73,707.759,-913.036,823.925,752.309,-542.596,907.753,527.364,-762.2,1125.494,552.55,-688.654,813.451,633.521,-645.921,847.556,502.884,-605.684,827.406,529.691,-717.556,903.936,277.757,-490.114,1720.67,279.915,-516.485,1729.83,305.391,-489.4,1716.215,273.795,-499.498,1694.588,211.33,-561.958,1724.425,348.496,-562.247,1705.088,202.508,-697.952,1705.832,339.751,-712.192,1679.474,188.875,-663.274,1639.126,345.484,-654.701,1616.864,278.381,-515.081,1720.54,258.321,-763.638,1548.091,255.924,-790.817,1512.57,255.037,-843.49,1242.728,261.87,-626.433,1462.755,241.102,-585.656,1270.334,355.907,-840.345,1395.359,89.67,-701.092,1512.279,0.675,-715.322,1414.406,-37.513,-675.911,1174.685,-31.301,-574.934,999.447,15.356,-498.983,940.914,-53.628,-592.39,879.276,-30.17,-521.818,882.452,426.654,-694.723,1486.027,512.444,-727.4,1374.095,548.898,-722.627,1131.589,561.242,-687.596,944.115,527.634,-635.844,869.104,592.241,-750.644,864.97,566.639,-681.218,819.385,118.9,-640.534,1012.303,348.103,-610.019,1035.33,228.399,-842.239,1077.791,288.807,-842.714,1081.45,62.005,-697.927,705.844,102.116,-607.966,833.5,106.042,-592.317,651.866,76.2,-699.247,509.582,88.659,-849.45,409.124,121.44,-743.578,394.289,146.64,-832.318,342.654,157.104,-1076.416,281.65,223.561,-1097.771,319.451,168.979,-1039.932,170.224,199.287,-1053.737,107.481,131.024,-1097.769,140.88,170.379,-1049.348,67.349,416.819,-603.077,757.191,365.078,-547.018,893.886,328.989,-487.787,696.718,367.892,-535.54,536.298,367.749,-542.35,349.435,307.922,-479.346,427.874,297.157,-486.735,341.509,311.267,-570.183,93.137,262.078,-624.628,70.651,277.269,-458.443,100.134,244.557,-406.125,60.606,329.939,-439.096,50.492,269.667,-357.632,58.62,282.775,-575.721,1370.869,288.34,-579.542,1409.875,234.842,-571.28,1378.383,237.122,-874.201,1007.619,237.033,-871.225,1046.002,285.973,-868.532,1006.742,43.135,-704.542,634.956,40.115,-716.036,672.434,36.521,-658.033,647.262,89.65,-931.544,377.56,78.045,-900.959,400.24,84.914,-903.439,338.084,417.569,-584.671,659.915,427.177,-600.59,694.378,414.265,-540.231,679.222,370.088,-575.806,246.514,377.731,-572.617,285.056,365.956,-527.341,242.947,159.211,-714.256,946.915,340.314,-689.836,965.683,128.084,-684.55,487.039,313.601,-538.908,529.203,189.879,-1054.11,268.332,273.556,-559.519,103.313,183.227,-1048.91,193.132,269.37,-484.171,93.665,94.183,-704.904,1455.59,412.766,-698.824,1430.9,-8.899,-712.023,1165.4,527.037,-763.664,1132.13,-16.976,-525.295,872.312,552.55,-688.654,813.451,240.007,-679.729,1054.42,196.27,-1068.851,244.838,17.085,-11.736,-4.829,63.959,0.029,-20.081,-13.38,-1.544,12.634,-36.754,6.442,2.967,33.154,5.044,-7.413,22.87,4.143,-15.111,8.44,-1.082,8.281,-39.06,6.233,3.35,-2.278,-7.567,-7.862,-2.278,7.567,7.862,8.399,19.916,24.697,38.116,0,0,-3.227,25.104,85.967,8.19,-8.515,5.228,-0.413,20.709,35.497,29.885,0,-0,-2.677,11.679,82.196,8.19,8.515,-5.228,-13.288,17.313,-15.781,-93.53,4.621,-5.322,14.329,-5.677,-7.427,14.329,5.677,7.427,11.045,0.185,2.012,11.045,-0.185,-2.012,-19.788,8.135,-4.464,-19.788,-8.135,4.464,0,0,0,0,0,0,0.056,-0.246,1.611,-0.166,-0.037,0.332,-0.123,-0.082,0.106,0.052,-0.131,1.587,-0.207,-0.061,0.561,-0.132,-0.012,0.003,0,0,0,0,0,0,-193.27,-36.274,19.01,164.827,-19.861,-8.342,-23.2,-3.584,-10.369,65.522,40.691,-4.643,-0.516,5.374,-3.26,-5.791,-0.947,-3.14,0,0,0.703,0,0,-0.369,0,0,0.055,0,0,0.134,0,0,-0.001,0,0,0.006
30.77,249.858,-686.862,960.125,231.427,-509.816,914.719,68.407,-710.071,943.282,227.889,-643.703,1137.33,128.98,-651.832,491.463,37.796,-218.277,531.069,-303.613,-746.616,533.089,177.993,-681.817,932.543,188.371,-1018.09,268.509,-40.874,-853.618,-77.749,-189.827,-1180.955,441.541,125.829,-636.092,491.365,180.999,-1010.2,193.611,122.073,-811.479,266.663,-21.695,-1085.056,233.741,242.167,-1066.817,396.962,180.999,-1010.2,193.611,162.213,-946.287,173.096,113.886,-1027.682,200.604,182.265,-988.563,259.86,314.005,-533.607,529.645,303.177,-104.519,665,-135.619,-548.927,542.242,330.623,-668.527,958.685,273.762,-559.266,103.542,372.902,-134.352,56.772,-151.632,-456.464,135.794,315.949,-521.214,538.675,269.517,-483.947,93.692,287.073,-498.625,314.377,49.283,-464.732,112.49,249.161,-704.493,80.643,269.517,-483.947,93.692,270.345,-443.264,151.676,198.736,-485.677,95.917,272.211,-541.911,134.323,261.809,-617.339,1467.67,267.435,-452.406,1435.253,429.896,-622.997,1468.057,261.098,-649.751,1302.641,-8.857,-698.724,1168.93,-156.682,-951.566,1229.969,231.111,-858.382,1088.734,91.493,-689.39,1450.621,-1.128,-552.119,900.185,-172.219,-752.023,786.213,228.87,-705.144,823.321,-8.365,-689.397,1151.832,-16.67,-524.273,867.551,-81.185,-503.085,916.356,-61.609,-587.04,835.396,11.815,-575.308,927.361,527.743,-741.46,1135.08,693.209,-992.687,1247.611,778.824,-549.898,1193.554,414.888,-683.614,1430.164,539.71,-675.057,866.157,707.93,-882.214,822.491,751.098,-513.779,915.387,528.039,-739.819,1128.433,551.973,-657.809,818.486,632.643,-615.977,854.375,501.871,-575.641,835.327,529.001,-690.119,907.782,278.435,-473.252,1723.46,280.581,-499.581,1732.743,306.067,-472.578,1718.985,274.45,-482.756,1697.425,211.865,-545.032,1727.609,349.081,-545.555,1708.171,203.026,-681.126,1709.645,340.155,-695.57,1683.222,189.369,-646.748,1642.785,345.997,-638.396,1620.367,279.042,-498.22,1723.454,258.653,-747.425,1551.87,256.399,-774.709,1516.411,255.235,-827.695,1246.624,262.043,-610.474,1466.321,241.216,-570.193,1273.835,356.453,-824.316,1399.142,89.97,-685.228,1515.815,1.121,-699.793,1417.773,-35.771,-661.107,1177.267,-30.679,-567.435,997.537,16.214,-494.728,934.617,-54.661,-590.219,878.677,-29.785,-519.966,877.473,426.91,-678.521,1489.944,512.826,-709.754,1377.897,549.793,-700.523,1135.495,560.847,-660.761,948.843,526.636,-607.145,875.537,591.885,-721.383,867.782,566.01,-650.53,824.731,119.028,-624.807,1016.936,349.32,-595.085,1038.297,229.382,-826.833,1081.732,289.262,-827.378,1085.508,62.746,-671.758,709.942,103.606,-586.852,839.75,108.064,-564.863,658.674,76.95,-666.385,514.414,88.512,-814.662,412.358,122.1,-708.7,398.719,146.8,-797.155,345.978,155.472,-1040.505,281.378,221.757,-1064.942,317.692,166.787,-1000.317,171.775,196.041,-1012.251,108.091,127.209,-1055.953,140.648,166.761,-1005.8,68.811,417.31,-593.072,758.935,366.195,-534.228,894.335,329.553,-479.066,696.034,368.432,-530.113,536.439,368.327,-539.745,349.485,308.454,-475.492,427.146,297.706,-483.959,340.928,311.39,-570.115,93.383,262.06,-624.735,70.768,277.376,-458.408,100.11,244.547,-406.136,60.526,330.001,-439.093,50.52,269.519,-357.761,58.304,282.679,-559.827,1374.316,288.276,-563.556,1413.313,234.746,-555.398,1381.865,237.903,-858.965,1011.832,237.817,-855.853,1050.199,286.792,-853.335,1010.929,43.673,-675.683,638.804,40.672,-688.257,675.911,37.129,-629.524,652.407,88.894,-896.282,379.563,77.549,-865.872,402.58,84.48,-867.661,340.413,418.145,-576.633,661.329,427.606,-591.889,696.111,414.739,-531.831,679.819,370.336,-574.385,246.913,377.991,-570.82,285.398,366.307,-525.968,242.772,159.212,-698.862,951.405,340.504,-674.863,968.844,128.98,-651.832,491.463,314.005,-533.607,529.645,188.371,-1018.09,268.509,273.762,-559.266,103.542,180.999,-1010.2,193.611,269.517,-483.947,93.692,94.526,-689.108,1459.14,413.119,-682.708,1434.79,-8.857,-698.724,1168.93,527.743,-741.46,1135.08,-16.67,-524.273,867.551,551.973,-657.809,818.486,240.246,-663.486,1057.53,194.272,-1032.629,244.734,19.097,-11.025,-4.158,65.059,0.036,-20.374,-11.964,-1.531,12.517,-36.335,6.756,2.927,32.02,4.933,-7.165,22.305,4.085,-15.207,8.92,-1.107,8.526,-38.961,6.182,3.441,-2.338,-7.193,-7.72,-2.338,7.193,7.72,8.028,19.857,26.696,36.592,0,0,-3.896,24.028,85.441,8.397,-8.512,5.072,0.7,20.803,35.171,30.327,-0,-0,-2.378,12.395,82.226,8.397,8.512,-5.072,-15.558,16.209,-16.16,-93.386,4.558,-5.264,14.372,-5.261,-7.289,14.372,5.261,7.289,11.111,0.243,1.917,11.111,-0.243,-1.917,-20.054,8.182,-4.44,-20.054,-8.182,4.44,0,0,0,0,0,0,0.069,-0.219,1.497,-0.171,-0.024,0.271,-0.102,-0.078,0.1,0.098,-0.153,1.591,-0.175,-0.057,0.581,-0.135,-0.01,0.006,0,0,0,0,0,0,-163.447,-30.623,20.649,147.192,-21.808,-7.11,-20.867,-3.29,-8.696,44.522,57.839,-3.594,1.098,3.575,-3.272,-5.783,-1.026,-3.108,0,0,0.585,0,0,-0.245,0,0,0.05,0,0,0.105,0,0,0.002,0,0,0.006
30.78,249.876,-671.734,963.915,231.566,-494.729,918.299,68.258,-694.53,948.361,229.229,-628.186,1141.183,130.065,-619.564,496.442,43.167,-186.653,550.198,-303.481,-711.346,534.747,178.438,-664.476,936.324,186.811,-981.513,267.387,-41.359,-808.81,-75.558,-192.526,-1144.72,437.58,127.305,-603.312,497.435,178.822,-970.574,192.937,124.001,-773.923,274.313,-24.697,-1043.589,232.279,241.062,-1036.119,393.259,178.822,-970.574,192.937,161.197,-905.427,175.504,111.429,-986.922,199.981,181.317,-951.938,260.057,314.677,-528.854,530.163,305.86,-96.829,655.985,-134.988,-541.98,543.722,331.362,-654.3,962.066,274.219,-559.072,103.798,374.677,-134.958,52.766,-150.824,-454.603,135.309,316.823,-516.857,538.506,269.826,-483.786,93.761,287.225,-497.892,314.496,49.537,-464.983,112.327,249.938,-704.405,81.231,269.826,-483.786,93.761,270.697,-443.06,151.714,199.051,-485.617,96.112,272.676,-541.716,134.429,262.028,-601.499,1471.28,267.389,-436.589,1438.7,430.123,-606.936,1471.422,261.114,-634.067,1306.283,-9.102,-685.444,1172.6,-165.242,-931.957,1238.62,225.323,-854.578,1095.495,91.753,-673.954,1454.03,-1.638,-549.732,897.602,-179.658,-749.36,794.252,223.049,-711.838,823.7,-8.615,-676.594,1154.665,-16.506,-523.604,863.545,-80.427,-498.074,911.038,-62.962,-587.07,835.137,10.865,-571.702,926.239,528.476,-719.347,1138.17,694.63,-972.181,1245.99,778.915,-528.171,1200.536,415.204,-667.539,1434.215,538.927,-645.88,870.999,707.92,-851.015,821.203,749.774,-484.928,923.505,528.735,-717.523,1131.541,551.262,-626.72,824.023,631.661,-585.996,861.745,500.778,-545.47,843.907,528.18,-662.574,911.927,278.922,-456.642,1726.35,281.056,-482.933,1735.743,306.554,-455.998,1721.874,274.936,-466.253,1700.355,212.257,-528.392,1730.794,349.496,-529.093,1711.374,203.434,-664.565,1713.381,340.488,-679.158,1687.009,189.793,-630.459,1646.38,346.424,-622.262,1623.938,279.519,-481.61,1726.442,258.998,-731.378,1555.607,256.902,-758.742,1520.175,255.407,-811.976,1250.477,262.251,-594.635,1469.922,241.395,-554.807,1277.42,357.027,-808.373,1402.89,90.267,-669.671,1519.39,1.556,-684.67,1421.131,-34.027,-646.278,1179.933,-30.083,-560.072,996.122,17.153,-491.028,928.843,-56.093,-587.931,878.875,-29.501,-518.414,873.2,427.166,-662.493,1493.904,513.253,-692.376,1381.831,550.754,-678.555,1139.56,560.4,-633.877,953.92,525.534,-578.358,882.49,591.372,-691.927,870.901,565.252,-619.634,830.587,119.128,-609.139,1021.513,350.367,-580.219,1041.234,230.188,-811.412,1085.636,289.691,-812.065,1089.576,63.504,-645.996,714.385,104.924,-566.027,846.191,109.938,-537.92,665.822,77.936,-634.081,519.668,88.506,-780,415.278,122.937,-673.96,403.378,147.053,-761.851,349.06,153.782,-1004.065,279.715,219.817,-1031.573,314.384,164.687,-959.736,172.198,192.967,-969.446,107.638,123.588,-1013.023,139.181,163.416,-960.854,69.347,417.89,-583.602,760.692,367.571,-521.64,894.839,330.619,-470.779,695.214,369.224,-525.397,536.615,369.136,-537.512,349.553,309.344,-472.093,426.523,298.524,-481.553,340.449,311.776,-570.121,93.619,262.083,-624.852,70.888,277.621,-458.393,100.13,244.622,-406.159,60.537,330.137,-439.103,50.503,269.475,-357.868,58.108,282.644,-544.041,1377.81,288.243,-547.683,1416.79,234.695,-539.609,1385.386,238.422,-843.672,1016.02,238.333,-840.456,1054.377,287.335,-838.189,1015.107,44.267,-647.304,643.126,41.274,-660.943,679.833,37.778,-601.544,657.978,88.222,-860.987,380.903,77.163,-830.882,404.417,84.093,-831.666,342.245,418.824,-569.312,662.762,428.128,-583.868,697.873,415.415,-524.142,680.371,370.818,-573.17,247.275,378.495,-569.29,285.701,366.827,-524.817,242.614,159.144,-683.528,955.84,340.608,-659.94,971.991,130.065,-619.564,496.442,314.677,-528.854,530.163,186.811,-981.513,267.387,274.219,-559.072,103.798,178.822,-970.574,192.937,269.826,-483.786,93.761,94.865,-673.599,1462.71,413.478,-666.749,1438.73,-9.102,-685.444,1172.6,528.476,-719.347,1138.17,-16.506,-523.604,863.545,551.262,-626.72,824.023,240.474,-647.362,1060.66,192.252,-995.654,243.291,21.068,-10.295,-3.621,65.835,-0.03,-20.61,-10.575,-1.525,12.461,-35.987,6.966,2.889,30.82,4.779,-7.114,21.61,4.012,-15.132,9.337,-1.14,8.856,-38.865,6.037,3.509,-2.42,-6.845,-7.58,-2.42,6.845,7.58,7.691,19.848,28.933,35.104,-0,0,-4.544,22.855,84.938,8.588,-8.453,4.928,1.813,20.923,34.831,30.832,0,0,-2.056,13.176,82.232,8.588,8.453,-4.928,-18.118,15.076,-16.451,-93.251,4.516,-5.143,14.431,-4.857,-7.154,14.431,4.857,7.154,11.166,0.312,1.826,11.166,-0.312,-1.826,-20.29,8.185,-4.417,-20.29,-8.185,4.417,0,0,0,0,0,0,0.087,-0.207,1.387,-0.176,-0.019,0.224,-0.087,-0.074,0.09,0.129,-0.164,1.595,-0.147,-0.046,0.599,-0.138,-0.007,0.008,0,0,0,0,0,0,-140.159,-29.842,23.201,132.734,-24.999,-6.303,-19.511,-3.076,-7.577,19.8,59.897,-1.766,3.601,0.534,-2.859,-6.028,-1.173,-2.609,0,0,0.493,0,0,-0.15,0,0,0.046,0,0,0.06,0,0,0.006,0,0,0.006
30.79,249.853,-656.596,967.628,231.774,-479.618,921.817,68.073,-678.883,953.268,230.461,-612.678,1144.947,131.286,-587.82,501.86,48.151,-156.102,569.399,-303.098,-676.937,536.82,178.749,-647.243,940.117,185.251,-944.412,265.007,-41.727,-761.874,-73.607,-195.293,-1108.465,431.655,128.986,-571.229,503.895,176.743,-930.102,191.189,126.091,-736.297,281.594,-27.618,-1001.34,229.405,239.748,-1005.36,387.824,176.743,-930.102,191.189,160.228,-863.862,177.11,109.12,-945.46,198.253,180.354,-914.77,259.09,315.594,-524.555,530.759,310.301,-89.647,646.44,-134.14,-533.858,545.159,331.901,-639.983,965.46,274.885,-558.912,104.074,377.098,-135.698,49.203,-149.694,-452.373,134.902,317.937,-513.003,538.363,270.272,-483.663,93.867,287.573,-497.223,314.643,49.916,-465.48,112.251,251.054,-704.368,81.817,270.272,-483.663,93.867,271.256,-442.895,151.788,199.507,-485.593,96.427,273.324,-541.561,134.566,262.287,-585.752,1474.86,267.405,-420.861,1442.146,430.388,-590.994,1474.74,261.15,-618.446,1309.889,-9.648,-672.214,1176.39,-174.852,-911.26,1247.606,218.132,-851.608,1102.629,91.991,-658.724,1457.449,-2.345,-547.53,895.702,-188.127,-745.311,803.012,215.973,-719.47,825.005,-9.162,-663.905,1157.684,-16.48,-523.163,860.333,-79.564,-493.094,906.261,-64.751,-586.866,835.735,9.662,-568.23,925.745,529.225,-697.351,1141.35,695.928,-951.802,1244.412,779.103,-506.777,1207.682,415.522,-651.597,1438.226,538.015,-616.595,876.221,707.685,-819.51,820.04,748.39,-456.15,932.066,529.443,-695.345,1134.763,550.404,-595.463,830.03,630.581,-556.045,869.568,499.599,-515.262,853.097,527.254,-634.952,916.344,279.249,-440.29,1729.3,281.373,-466.548,1738.786,306.884,-439.666,1724.839,275.276,-449.991,1703.336,212.555,-512.041,1733.955,349.776,-512.862,1714.65,203.753,-648.27,1716.993,340.777,-662.964,1690.764,190.16,-614.392,1649.87,346.756,-606.291,1627.512,279.841,-465.257,1729.476,259.355,-715.48,1559.244,257.422,-742.894,1523.805,255.563,-796.318,1254.233,262.5,-578.889,1473.502,241.656,-539.465,1281.031,357.649,-792.487,1406.575,90.559,-654.34,1522.96,1.973,-669.855,1424.456,-32.306,-631.512,1182.626,-29.481,-552.798,995.193,18.183,-487.822,923.666,-57.875,-585.384,879.829,-29.304,-517.05,869.67,427.411,-646.606,1497.845,513.72,-675.214,1385.839,551.78,-656.757,1143.727,559.914,-606.983,959.302,524.341,-549.54,889.92,590.707,-662.323,874.303,564.355,-588.604,836.91,119.281,-593.43,1025.958,351.299,-565.435,1044.144,230.722,-795.944,1089.432,290.039,-796.775,1093.562,64.24,-620.649,719.066,106.126,-545.491,852.739,111.671,-511.51,673.221,79.101,-602.381,525.202,88.626,-745.547,417.804,123.948,-639.458,408.175,147.398,-726.485,351.86,152.08,-967.138,276.699,217.795,-997.67,309.521,162.72,-918.273,171.585,190.105,-925.417,106.243,120.211,-969.063,136.615,160.371,-914.631,69.059,418.541,-574.623,762.436,369.174,-509.237,895.424,332.175,-462.853,694.254,370.239,-521.331,536.822,370.12,-535.63,349.641,310.587,-469.082,425.996,299.588,-479.461,340.058,312.381,-570.199,93.85,262.139,-624.978,71.01,277.982,-458.398,100.19,244.766,-406.197,60.627,330.334,-439.125,50.452,269.514,-357.962,58.02,282.691,-528.34,1381.296,288.256,-531.895,1420.254,234.703,-523.897,1388.882,238.557,-828.282,1020.086,238.457,-825.005,1058.441,287.477,-823.092,1019.182,44.863,-619.407,647.804,41.85,-634.089,684.087,38.454,-574.087,663.866,87.63,-825.723,381.538,76.886,-796.059,405.688,83.768,-795.526,343.543,419.584,-562.636,664.202,428.724,-576.458,699.642,416.273,-517.097,680.86,371.467,-572.172,247.615,379.178,-568.019,285.98,367.495,-523.888,242.478,159.036,-668.136,960.151,340.669,-645.056,975.106,131.286,-587.82,501.86,315.594,-524.555,530.759,185.251,-944.412,265.007,274.885,-558.912,104.074,176.743,-930.102,191.189,270.272,-483.663,93.867,95.186,-658.3,1466.29,413.827,-650.915,1442.65,-9.648,-672.214,1176.39,529.225,-697.351,1141.35,-16.48,-523.163,860.333,550.404,-595.463,830.03,240.707,-631.329,1063.76,190.257,-957.972,240.553,22.976,-9.578,-3.216,66.302,-0.134,-20.782,-9.211,-1.522,12.436,-35.695,7.065,2.861,29.545,4.602,-7.244,20.803,3.93,-14.91,9.702,-1.183,9.295,-38.774,5.815,3.564,-2.506,-6.526,-7.415,-2.506,6.526,7.415,7.364,19.895,31.403,33.703,-0,0,-5.163,21.611,84.456,8.752,-8.354,4.804,2.917,21.064,34.47,31.404,-0,0,-1.708,13.988,82.225,8.752,8.354,-4.804,-20.943,13.921,-16.66,-93.125,4.489,-4.969,14.486,-4.483,-6.99,14.486,4.483,6.99,11.209,0.388,1.744,11.209,-0.388,-1.744,-20.488,8.157,-4.395,-20.488,-8.157,4.395,0,0,0,0,0,0,0.108,-0.207,1.282,-0.181,-0.021,0.194,-0.078,-0.071,0.079,0.143,-0.165,1.594,-0.124,-0.028,0.612,-0.141,-0.003,0.01,0,0,0,0,0,0,-121.922,-33.099,26.398,121.403,-28.974,-5.873,-18.892,-2.953,-6.917,-6.467,45.181,0.834,6.518,-3.951,-2.034,-6.302,-1.37,-1.666,0,0,0.422,0,0,-0.074,0,0,0.045,0,0,-0.001,0,0,0.01,0,0,0.005
30.8,249.827,-641.413,971.219,232.186,-464.433,925.244,67.882,-663.003,957.922,231.613,-597.155,1148.578,132.595,-556.673,507.614,52.978,-126.589,588.499,-302.569,-643.183,539.266,178.93,-630.139,943.858,183.733,-906.803,261.417,-41.897,-712.999,-71.795,-198.093,-1072.161,423.789,130.826,-539.93,510.624,174.806,-888.807,188.46,128.397,-698.748,288.573,-30.42,-958.294,225.241,238.269,-974.527,380.615,174.806,-888.807,188.46,159.371,-821.643,177.997,106.989,-903.294,195.504,179.419,-877.067,257.013,316.692,-520.612,531.43,316.301,-82.982,636.477,-133.099,-524.627,546.481,332.264,-625.583,968.801,275.694,-558.761,104.362,380.267,-136.588,46.032,-148.261,-449.579,134.52,319.221,-509.594,538.247,270.814,-483.549,93.999,288.053,-496.598,314.811,50.384,-466.126,112.237,252.402,-704.347,82.389,270.814,-483.549,93.999,271.964,-442.741,151.89,200.062,-485.572,96.83,274.098,-541.416,134.725,262.58,-570.079,1478.38,267.483,-405.202,1445.561,430.686,-575.155,1477.992,261.209,-602.872,1313.431,-10.481,-659.06,1180.23,-185.254,-889.468,1256.869,209.558,-849.273,1110.167,92.203,-643.622,1460.809,-3.218,-545.402,894.473,-197.383,-739.727,812.247,207.68,-727.712,827.321,-9.988,-651.349,1160.844,-16.581,-522.815,857.916,-78.561,-488.091,902.029,-66.93,-586.263,837.119,8.252,-564.788,925.848,529.987,-675.492,1144.55,697.056,-931.586,1242.839,779.411,-485.77,1214.91,415.826,-635.761,1442.117,536.986,-587.248,881.788,707.208,-787.746,818.987,746.978,-427.52,941.025,530.16,-673.308,1138.042,549.395,-564.108,836.467,629.413,-526.175,877.743,498.338,-485.092,862.832,526.249,-607.271,921.005,279.45,-424.189,1732.28,281.563,-450.421,1741.84,307.09,-423.579,1727.843,275.501,-433.961,1706.339,212.802,-495.972,1737.068,349.964,-496.86,1717.94,203.998,-632.232,1720.437,341.037,-646.99,1694.418,190.478,-598.529,1653.219,346.99,-590.476,1631.022,280.041,-449.156,1732.525,259.721,-699.711,1562.73,257.95,-727.148,1527.252,255.71,-780.707,1257.838,262.784,-563.217,1477.006,242.012,-524.138,1284.6,358.328,-776.638,1410.164,90.844,-639.149,1526.471,2.362,-655.23,1427.717,-30.639,-616.905,1185.286,-28.845,-545.566,994.715,19.311,-485.033,919.129,-59.945,-582.449,881.458,-29.181,-515.756,866.884,427.63,-630.832,1501.705,514.219,-658.215,1389.861,552.87,-635.155,1147.938,559.406,-580.116,964.944,523.075,-520.743,897.778,589.898,-632.612,877.964,563.318,-557.508,843.649,119.552,-577.582,1030.22,352.181,-550.755,1047.022,230.922,-780.407,1093.057,290.259,-781.506,1097.378,64.918,-595.707,723.893,107.279,-525.235,859.322,113.291,-485.637,680.794,80.395,-571.324,530.894,88.872,-711.37,419.883,125.116,-605.275,413.028,147.848,-691.116,354.357,150.407,-929.725,272.372,215.731,-963.239,303.107,160.929,-875.962,170.045,187.504,-880.217,104.061,117.114,-924.085,133.079,157.665,-867.182,68.099,419.237,-566.063,764.137,370.976,-497.006,896.071,334.141,-455.227,693.169,371.417,-517.82,537.059,371.208,-534.08,349.751,312.135,-466.413,425.554,300.849,-477.634,339.739,313.134,-570.338,94.076,262.219,-625.107,71.134,278.424,-458.42,100.282,244.961,-406.249,60.78,330.576,-439.161,50.38,269.613,-358.049,58.026,282.831,-512.705,1384.719,288.326,-516.172,1423.648,234.78,-508.249,1392.293,238.227,-812.768,1023.946,238.115,-809.476,1062.307,287.138,-808.034,1023.066,45.425,-591.976,652.73,42.342,-607.665,688.574,39.151,-547.124,669.968,87.114,-790.527,381.428,76.716,-761.439,406.332,83.532,-759.285,344.274,420.394,-556.499,665.638,429.365,-569.56,701.396,417.275,-510.597,681.277,372.203,-571.404,247.948,379.961,-567.007,286.255,368.277,-523.188,242.375,158.925,-652.605,964.273,340.729,-630.22,978.165,132.595,-556.673,507.614,316.692,-520.612,531.43,183.733,-906.803,261.417,275.694,-558.761,104.362,174.806,-888.807,188.46,270.814,-483.549,93.999,95.493,-643.128,1469.8,414.148,-635.177,1446.49,-10.481,-659.06,1180.23,529.987,-675.492,1144.55,-16.581,-522.815,857.916,549.395,-564.108,836.467,240.951,-615.365,1066.81,188.33,-919.6,236.576,24.811,-8.902,-2.929,66.471,-0.238,-20.9,-7.843,-1.523,12.439,-35.479,7.074,2.84,28.206,4.428,-7.51,19.902,3.845,-14.581,10.023,-1.239,9.847,-38.687,5.537,3.609,-2.589,-6.235,-7.194,-2.589,6.235,7.194,7.031,19.993,34.081,32.432,0,-0,-5.746,20.322,84.012,8.883,-8.228,4.697,4.007,21.225,34.08,32.049,0,0,-1.334,14.797,82.212,8.883,8.228,-4.697,-24.042,12.742,-16.784,-93.01,4.472,-4.76,14.532,-4.151,-6.767,14.532,4.151,6.767,11.244,0.467,1.671,11.244,-0.467,-1.671,-20.642,8.107,-4.372,-20.642,-8.107,4.372,0,0,0,0,0,0,0.127,-0.217,1.184,-0.183,-0.028,0.178,-0.075,-0.068,0.068,0.142,-0.154,1.584,-0.106,-0.006,0.619,-0.143,0.002,0.012,0,0,0,0,0,0,-107.653,-39.274,30.411,112.605,-33.707,-5.495,-18.445,-2.922,-6.343,-30.28,16.416,3.943,8.994,-9.684,-0.888,-6.469,-1.595,-0.381,0,0,0.368,0,0,-0.01,0,0,0.044,0,0,-0.066,0,0,0.014,0,0,0.004
30.81,249.82,-626.144,974.641,232.895,-449.117,928.578,67.697,-646.771,962.286,232.742,-581.616,1152.046,133.959,-526.193,513.606,57.891,-98.076,607.324,-301.975,-609.884,542.083,179.001,-613.171,947.495,182.295,-868.662,256.662,-41.832,-662.322,-69.972,-200.871,-1035.754,414.024,132.798,-509.492,517.519,173.052,-846.686,184.843,130.939,-661.397,295.267,-33.056,-914.427,219.906,236.65,-943.527,371.594,173.052,-846.686,184.843,158.697,-778.796,178.243,105.063,-860.385,191.809,178.54,-838.814,253.884,317.881,-516.937,532.163,323.452,-76.849,626.22,-131.907,-514.553,547.649,332.525,-611.129,972.013,276.565,-558.587,104.651,384.181,-137.62,43.222,-146.577,-446.114,134.126,320.585,-506.582,538.155,271.407,-483.414,94.149,288.595,-495.995,314.992,50.905,-466.787,112.257,253.83,-704.3,82.933,271.407,-483.414,94.149,272.755,-442.568,152.008,200.671,-485.527,97.288,274.944,-541.25,134.896,262.897,-554.466,1481.75,267.618,-389.598,1448.86,431.006,-559.41,1481.098,261.291,-587.323,1316.816,-11.554,-646.003,1184.06,-196.044,-866.701,1266.294,199.789,-847.237,1118.135,92.391,-628.566,1464.057,-4.219,-543.235,893.872,-207.063,-732.618,821.675,198.344,-736.108,830.686,-11.049,-638.933,1164.092,-16.802,-522.422,856.258,-77.387,-483.018,898.328,-69.439,-585.117,839.177,6.69,-561.278,926.483,530.758,-653.783,1147.73,697.978,-911.563,1241.241,779.857,-465.193,1222.164,416.11,-620.011,1445.845,535.864,-557.88,887.659,706.486,-755.767,818.036,745.583,-399.104,950.325,530.885,-651.42,1141.321,548.232,-532.733,843.289,628.171,-496.426,886.15,496.997,-455.045,873.038,525.206,-579.55,925.893,279.563,-408.33,1735.25,281.665,-434.543,1744.864,307.208,-407.73,1730.843,275.644,-418.153,1709.324,213.026,-480.167,1740.103,350.099,-481.08,1721.185,204.183,-616.433,1723.677,341.273,-631.234,1697.908,190.756,-582.851,1656.396,347.134,-574.813,1634.405,280.153,-433.296,1735.55,260.098,-684.053,1566.016,258.468,-711.49,1530.475,255.848,-765.126,1261.244,263.093,-547.604,1480.383,242.465,-508.804,1288.063,359.066,-760.813,1413.622,91.126,-624.008,1529.863,2.714,-640.676,1430.881,-29.064,-602.552,1187.854,-28.157,-538.335,994.634,20.539,-482.567,915.25,-62.228,-579.025,883.65,-29.118,-514.412,864.81,427.813,-615.153,1505.428,514.736,-641.325,1393.837,554.019,-613.761,1152.136,558.894,-553.309,970.8,521.764,-492.015,906.007,588.964,-602.829,881.857,562.141,-526.416,850.747,119.994,-561.515,1034.268,353.083,-536.196,1049.844,230.765,-764.799,1096.455,290.313,-766.256,1100.951,65.515,-571.155,728.794,108.458,-505.244,865.878,114.838,-460.301,688.472,81.785,-540.943,536.64,89.244,-677.512,421.48,126.418,-571.476,417.867,148.417,-655.793,356.538,148.795,-891.792,266.776,213.655,-928.256,295.159,159.357,-832.819,167.693,185.219,-833.89,101.263,114.327,-878.074,128.696,155.334,-818.538,66.643,419.944,-557.826,765.767,372.953,-484.934,896.721,336.382,-447.851,691.982,372.682,-514.749,537.326,372.325,-532.838,349.893,313.902,-464.055,425.184,302.239,-476.026,339.477,313.945,-570.515,94.291,262.308,-625.23,71.258,278.915,-458.455,100.398,245.186,-406.311,60.977,330.84,-439.204,50.298,269.754,-358.133,58.109,283.072,-497.123,1388.024,288.466,-500.5,1426.924,234.934,-492.653,1395.567,237.403,-797.118,1027.531,237.283,-793.854,1065.906,286.291,-793.001,1026.681,45.934,-564.99,657.808,42.717,-581.639,693.205,39.867,-520.622,676.198,86.677,-755.403,380.541,76.642,-727.03,406.299,83.407,-722.963,344.412,421.214,-550.772,667.058,430.017,-563.051,703.112,418.363,-504.517,681.62,372.938,-570.871,248.292,380.761,-566.246,286.543,369.131,-522.712,242.315,158.825,-636.855,968.166,340.814,-615.432,981.116,133.959,-526.193,513.606,317.881,-516.937,532.163,182.295,-868.662,256.662,276.565,-558.587,104.651,173.052,-846.686,184.843,271.407,-483.414,94.149,95.783,-627.996,1473.19,414.437,-619.518,1450.19,-11.554,-646.003,1184.06,530.758,-653.783,1147.73,-16.802,-522.422,856.258,548.232,-532.733,843.289,241.209,-599.443,1069.74,186.506,-880.537,231.426,26.552,-8.282,-2.74,66.345,-0.304,-20.98,-6.461,-1.526,12.472,-35.345,7.026,2.83,26.807,4.272,-7.846,18.922,3.763,-14.203,10.304,-1.304,10.496,-38.61,5.23,3.661,-2.659,-5.957,-6.898,-2.659,5.957,6.898,6.669,20.138,36.906,31.326,0,0,-6.272,19.022,83.645,8.981,-8.09,4.606,5.075,21.402,33.657,32.763,-0,-0,-0.935,15.558,82.2,8.981,8.09,-4.606,-27.409,11.548,-16.821,-92.907,4.457,-4.544,14.555,-3.856,-6.462,14.555,3.856,6.462,11.267,0.547,1.608,11.267,-0.547,-1.608,-20.751,8.046,-4.348,-20.751,-8.046,4.348,0,0,0,0,0,0,0.141,-0.229,1.095,-0.182,-0.039,0.176,-0.079,-0.067,0.057,0.13,-0.134,1.564,-0.095,0.018,0.62,-0.145,0.008,0.013,0,0,0,0,0,0,-95.484,-47.379,35.412,105.235,-39.225,-4.865,-17.566,-2.976,-5.519,-47.589,-20.577,7.014,10.077,-16.056,0.342,-6.447,-1.829,0.988,0,0,0.321,0,0,0.048,0,0,0.043,0,0,-0.119,0,0,0.015,0,0,0.002
30.82,249.86,-610.773,977.859,233.976,-433.648,931.801,67.543,-630.121,966.328,233.891,-566.06,1155.32,135.357,-496.447,519.739,63.105,-70.53,625.701,-301.369,-576.888,545.283,178.979,-596.335,950.985,180.961,-829.945,250.797,-41.481,-609.955,-67.986,-203.609,-999.133,402.389,134.873,-479.975,524.468,171.507,-803.737,180.44,133.705,-624.356,301.652,-35.49,-869.729,213.547,234.927,-912.209,360.747,171.507,-803.737,180.44,158.249,-735.351,177.93,103.358,-816.7,187.247,177.718,-799.989,249.766,319.061,-513.458,532.944,331.199,-71.254,615.789,-130.627,-504.062,548.675,332.788,-596.659,975.035,277.416,-558.37,104.933,388.719,-138.774,40.75,-144.718,-441.993,133.702,321.945,-503.926,538.086,272.005,-483.233,94.302,289.141,-495.384,315.173,51.44,-467.332,112.289,255.19,-704.197,83.451,272.005,-483.233,94.302,273.568,-442.35,152.13,201.287,-485.428,97.765,275.796,-541.04,135.068,263.228,-538.9,1484.96,267.804,-374.036,1452.027,431.339,-543.747,1484.058,261.394,-571.794,1320.035,-12.785,-633.07,1187.81,-206.701,-843.255,1275.705,189.209,-845.072,1126.49,92.579,-613.471,1467.133,-5.312,-540.919,893.831,-216.722,-724.176,831.012,188.289,-744.115,835.059,-12.266,-626.663,1167.37,-17.131,-521.853,855.29,-76.03,-477.84,895.126,-72.202,-583.316,841.774,5.034,-557.607,927.564,531.548,-632.226,1150.84,698.727,-891.706,1239.602,780.421,-445.011,1229.387,416.351,-604.332,1449.351,534.671,-528.533,893.794,705.572,-723.579,817.188,744.2,-370.915,959.924,531.624,-629.688,1144.547,546.924,-501.41,850.447,626.874,-466.823,894.688,495.59,-425.191,883.628,524.157,-551.807,930.991,279.626,-392.696,1738.18,281.716,-418.9,1747.824,307.276,-392.101,1733.805,275.737,-402.546,1712.26,213.238,-464.601,1743.027,350.214,-465.512,1724.326,204.322,-600.852,1726.683,341.477,-615.685,1701.175,191,-567.336,1659.371,347.208,-559.294,1637.608,280.214,-417.662,1738.508,260.479,-668.484,1569.06,258.961,-695.902,1533.444,255.969,-749.558,1264.407,263.418,-532.038,1483.585,243.014,-493.448,1291.358,359.856,-745.008,1416.912,91.409,-608.831,1533.075,3.024,-626.08,1433.91,-27.62,-588.541,1190.277,-27.417,-531.076,994.876,21.854,-480.316,912.019,-64.643,-575.039,886.271,-29.105,-512.906,863.388,427.953,-599.557,1508.963,515.261,-624.5,1397.706,555.224,-592.575,1156.271,558.395,-526.59,976.825,520.436,-463.402,914.552,587.925,-573.01,885.958,560.835,-495.392,858.145,120.65,-545.182,1038.078,354.067,-521.772,1052.574,230.266,-749.126,1099.586,290.175,-751.02,1104.225,66.017,-546.976,733.712,109.731,-485.504,872.347,116.361,-435.497,696.18,83.248,-511.271,542.35,89.73,-643.991,422.566,127.828,-538.107,422.627,149.118,-620.549,358.387,147.268,-853.282,259.962,211.584,-892.656,285.714,158.027,-788.863,164.642,183.299,-786.49,98.016,111.879,-831.026,123.584,153.408,-768.744,64.862,420.628,-549.803,767.302,375.079,-473.004,897.286,338.727,-440.686,690.718,373.952,-511.997,537.623,373.403,-531.869,350.074,315.774,-461.979,424.877,303.683,-474.59,339.261,314.721,-570.706,94.486,262.392,-625.339,71.383,279.419,-458.496,100.524,245.424,-406.377,61.197,331.102,-439.252,50.215,269.919,-358.216,58.246,283.41,-481.583,1391.165,288.681,-484.87,1430.035,235.174,-477.095,1398.659,236.102,-781.336,1030.792,235.99,-778.135,1069.186,284.961,-777.971,1029.966,46.392,-538.433,662.953,42.976,-555.986,697.899,40.614,-494.558,682.471,86.324,-720.335,378.849,76.642,-692.811,405.551,83.412,-686.563,343.939,422.004,-545.316,668.451,430.654,-556.795,704.773,419.473,-498.721,681.893,373.594,-570.562,248.661,381.509,-565.714,286.864,370.006,-522.447,242.31,158.764,-620.845,971.795,340.956,-600.7,983.922,135.357,-496.447,519.739,319.061,-513.458,532.944,180.961,-829.945,250.797,277.416,-558.37,104.933,171.507,-803.737,180.44,272.005,-483.233,94.302,96.076,-612.822,1476.4,414.672,-603.925,1453.7,-12.785,-633.07,1187.81,531.548,-632.226,1150.84,-17.131,-521.853,855.29,546.924,-501.41,850.447,241.482,-583.548,1072.53,184.806,-840.76,225.178,28.188,-7.732,-2.626,65.923,-0.298,-21.034,-5.065,-1.533,12.53,-35.298,6.951,2.852,25.359,4.155,-8.174,17.877,3.687,-13.832,10.546,-1.376,11.211,-38.539,4.922,3.729,-2.712,-5.687,-6.513,-2.712,5.687,6.513,6.259,20.316,39.788,30.401,-0,0,-6.724,17.745,83.408,9.036,-7.949,4.534,6.12,21.599,33.21,33.548,-0,0,-0.522,16.238,82.179,9.036,7.949,-4.534,-31.031,10.349,-16.772,-92.812,4.442,-4.347,14.549,-3.599,-6.058,14.549,3.599,6.058,11.279,0.625,1.559,11.279,-0.625,-1.559,-20.808,7.984,-4.322,-20.808,-7.984,4.322,0,0,0,0,0,0,0.15,-0.238,1.016,-0.177,-0.054,0.186,-0.087,-0.066,0.048,0.111,-0.107,1.532,-0.089,0.042,0.616,-0.145,0.013,0.013,0,0,0,0,0,0,-84.266,-56.494,41.236,98.428,-45.337,-3.939,-16.145,-3.103,-4.403,-55.764,-58.181,9.562,9.115,-22.347,1.465,-6.231,-2.051,2.233,0,0,0.277,0,0,0.102,0,0,0.04,0,0,-0.147,0,0,0.013,0,0,-0
30.83,249.973,-595.307,980.837,235.469,-418.041,934.867,67.447,-613.042,970.039,235.115,-550.484,1158.367,136.783,-467.501,525.914,68.811,-43.924,643.453,-300.779,-544.087,548.87,178.881,-579.618,954.296,179.747,-790.593,243.895,-40.755,-555.987,-65.682,-206.324,-962.134,388.884,137.007,-451.428,531.366,170.187,-759.97,175.36,136.651,-587.699,307.635,-37.691,-824.21,206.322,233.122,-880.364,348.112,170.187,-759.97,175.36,158.043,-691.355,177.142,101.883,-772.229,181.912,176.95,-760.575,244.733,320.139,-510.124,533.752,338.964,-66.18,605.264,-129.34,-493.616,549.594,333.142,-582.206,977.813,278.171,-558.089,105.202,393.693,-140.014,38.597,-142.773,-437.308,133.242,323.217,-501.579,538.037,272.565,-482.984,94.449,289.638,-494.737,315.347,51.95,-467.641,112.316,256.343,-704.009,83.943,272.565,-482.984,94.449,274.341,-442.066,152.245,201.865,-485.251,98.227,276.597,-540.763,135.231,263.562,-523.371,1487.94,268.043,-358.506,1455.003,431.673,-528.168,1486.801,261.506,-556.263,1323.018,-14.064,-620.29,1191.39,-216.615,-819.668,1284.816,178.47,-842.259,1135.11,92.758,-598.269,1469.978,-6.46,-538.358,894.254,-225.824,-714.869,839.968,178.075,-751.104,840.313,-13.532,-614.559,1170.6,-17.556,-520.989,854.919,-74.501,-472.539,892.377,-75.122,-580.789,844.754,3.34,-553.696,928.992,532.361,-610.816,1153.85,699.325,-872,1237.892,781.097,-425.205,1236.532,416.556,-588.712,1452.61,533.434,-499.242,900.156,704.502,-691.203,816.457,742.847,-342.975,969.767,532.387,-608.101,1147.679,545.486,-470.206,857.889,625.541,-437.38,903.267,494.134,-395.589,894.506,523.133,-524.06,936.283,279.673,-377.267,1741.02,281.749,-403.468,1750.674,307.328,-376.677,1736.676,275.812,-387.124,1715.099,213.436,-449.24,1745.803,350.331,-450.14,1727.309,204.426,-585.462,1729.428,341.639,-600.324,1704.171,191.22,-551.962,1662.115,347.243,-543.911,1640.583,280.258,-402.233,1741.353,260.854,-652.987,1571.826,259.409,-680.371,1536.135,256.057,-733.988,1267.287,263.749,-516.509,1486.57,243.653,-478.062,1294.431,360.685,-729.225,1419.998,91.696,-593.539,1536.05,3.286,-611.353,1436.764,-26.345,-574.937,1192.513,-26.636,-523.773,995.359,23.226,-478.16,909.403,-67.105,-570.463,889.17,-29.133,-511.14,862.534,428.049,-584.035,1512.264,515.788,-607.711,1401.413,556.478,-571.585,1160.299,557.924,-499.982,982.977,519.119,-434.945,923.355,586.802,-543.183,890.245,559.416,-464.494,865.785,121.563,-528.578,1041.63,355.186,-507.481,1055.154,229.475,-733.408,1102.425,289.834,-735.791,1107.161,66.431,-523.161,738.598,111.15,-466.001,878.664,117.909,-411.232,703.838,84.776,-482.34,547.941,90.302,-610.797,423.115,129.322,-505.205,427.253,149.957,-585.41,359.89,145.839,-814.126,251.992,209.539,-856.333,274.831,156.95,-744.131,160.996,181.774,-738.091,94.468,109.796,-782.964,117.858,151.907,-717.88,62.909,421.256,-541.881,768.716,377.314,-461.191,897.672,341.007,-433.697,689.398,375.154,-509.454,537.945,374.383,-531.126,350.302,317.63,-460.15,424.625,305.106,-473.283,339.079,315.377,-570.881,94.65,262.463,-625.429,71.509,279.905,-458.534,100.649,245.658,-406.439,61.417,331.343,-439.297,50.135,270.092,-358.297,58.412,283.834,-466.072,1394.098,288.976,-469.277,1432.942,235.508,-461.561,1401.531,234.382,-765.44,1033.705,234.306,-762.321,1072.117,283.214,-762.919,1032.883,46.816,-512.305,668.087,43.144,-530.701,702.578,41.409,-468.921,688.708,86.06,-685.288,376.339,76.684,-658.748,404.067,83.554,-650.079,342.853,422.731,-539.994,669.802,431.255,-550.663,706.364,420.542,-493.08,682.097,374.116,-570.443,249.07,382.151,-565.372,287.229,370.854,-522.359,242.365,158.768,-604.573,975.14,341.178,-586.041,986.534,136.783,-467.501,525.914,320.139,-510.124,533.752,179.747,-790.593,243.895,278.171,-558.089,105.202,170.187,-759.97,175.36,272.565,-482.984,94.449,96.365,-597.526,1479.38,414.864,-588.389,1456.98,-14.064,-620.29,1191.39,532.361,-610.816,1153.85,-17.556,-520.989,854.919,545.486,-470.206,857.889,241.771,-567.667,1075.14,183.244,-800.232,217.913,29.714,-7.257,-2.563,65.204,-0.194,-21.066,-3.674,-1.539,12.594,-35.322,6.864,2.922,23.876,4.085,-8.424,16.775,3.616,-13.519,10.751,-1.451,11.951,-38.475,4.64,3.821,-2.751,-5.414,-6.04,-2.751,5.414,6.04,5.779,20.504,42.59,29.653,0,0,-7.076,16.521,83.386,9.06,-7.812,4.479,7.141,21.811,32.746,34.394,-0,0,-0.108,16.809,82.147,9.06,7.812,-4.479,-34.873,9.164,-16.641,-92.721,4.425,-4.193,14.518,-3.37,-5.55,14.518,3.37,5.55,11.279,0.701,1.527,11.279,-0.701,-1.527,-20.82,7.926,-4.293,-20.82,-7.926,4.293,0,0,0,0,0,0,0.151,-0.242,0.951,-0.169,-0.069,0.206,-0.101,-0.066,0.041,0.089,-0.077,1.49,-0.088,0.064,0.608,-0.145,0.018,0.013,0,0,0,0,0,0,-73.91,-65.291,47.528,92.015,-51.709,-2.756,-14.366,-3.287,-3.038,-54.331,-89.593,11.157,5.884,-27.782,2.281,-5.854,-2.246,3.14,0,0,0.235,0,0,0.154,0,0,0.035,0,0,-0.145,0,0,0.007,0,0,-0.002
30.84,250.184,-579.763,983.537,237.388,-402.325,937.723,67.442,-595.559,973.4,236.453,-534.895,1161.146,138.243,-439.412,532.025,75.127,-18.236,660.402,-300.198,-511.454,552.821,178.726,-563.001,957.395,178.667,-750.55,236.051,-39.518,-500.51,-62.904,-209.061,-924.546,373.498,139.152,-423.894,538.1,169.096,-715.414,169.718,139.7,-551.473,313.099,-39.632,-777.931,198.407,231.284,-847.754,333.784,169.096,-715.414,169.718,158.053,-646.874,175.967,100.643,-727.008,175.92,176.234,-720.568,238.864,321.044,-506.906,534.569,346.211,-61.589,594.688,-128.136,-483.664,550.44,333.643,-567.795,980.314,278.774,-557.739,105.457,398.849,-141.295,36.721,-140.837,-432.244,132.76,324.341,-499.484,538.005,273.056,-482.659,94.578,290.056,-494.024,315.502,52.411,-467.627,112.33,257.179,-703.725,84.428,273.056,-482.659,94.578,275.032,-441.704,152.342,202.374,-484.99,98.649,277.311,-540.41,135.379,263.904,-507.87,1490.67,268.36,-342.998,1457.764,432.013,-512.684,1489.317,261.636,-540.725,1325.743,-15.277,-607.708,1194.74,-225.253,-796.601,1293.411,168.308,-838.382,1143.82,92.951,-582.898,1472.549,-7.633,-535.468,895.036,-233.934,-705.266,848.336,168.326,-756.557,846.232,-14.74,-602.641,1173.713,-18.061,-519.731,855.038,-72.843,-467.116,890.02,-78.089,-577.52,847.952,1.655,-549.484,930.663,533.211,-589.538,1156.73,699.843,-852.392,1236.094,781.851,-405.701,1243.558,416.725,-573.146,1455.594,532.172,-470.045,906.711,703.338,-658.64,815.864,741.505,-315.271,979.813,533.186,-586.647,1150.682,543.943,-439.181,865.567,624.191,-408.11,911.832,492.652,-366.284,905.576,522.148,-496.331,941.753,279.739,-362.022,1743.72,281.798,-388.227,1753.365,307.398,-361.436,1739.406,275.903,-371.867,1717.79,213.613,-434.048,1748.392,350.465,-434.948,1730.088,204.506,-570.235,1731.885,341.755,-585.128,1706.858,191.424,-536.702,1664.598,347.279,-528.652,1643.291,280.318,-386.988,1744.041,261.203,-637.542,1574.285,259.793,-664.879,1538.524,256.099,-718.402,1269.854,264.089,-501.008,1489.3,244.373,-462.64,1297.238,361.534,-713.471,1422.842,91.984,-578.067,1538.738,3.497,-596.434,1439.399,-25.273,-561.784,1194.534,-25.845,-516.426,995.996,24.605,-475.973,907.35,-69.536,-565.31,892.198,-29.197,-509.035,862.15,428.107,-568.581,1515.289,516.315,-590.941,1404.905,557.778,-550.766,1164.185,557.487,-473.506,989.219,517.832,-406.684,932.362,585.614,-513.38,894.7,557.906,-433.775,873.617,122.773,-511.733,1044.894,356.472,-493.309,1057.516,228.46,-717.661,1104.963,289.29,-720.567,1109.739,66.777,-499.707,743.399,112.748,-446.724,884.756,119.528,-387.516,711.349,86.373,-454.18,553.33,90.925,-577.901,423.097,130.888,-472.805,431.692,150.933,-550.397,361.028,144.522,-774.245,242.948,207.541,-819.148,262.603,156.12,-698.673,156.854,180.646,-688.775,90.743,108.101,-733.936,111.639,150.83,-666.061,60.915,421.803,-533.959,769.99,379.592,-449.465,897.795,343.073,-426.852,688.03,376.23,-507.03,538.284,375.224,-530.548,350.581,319.357,-458.52,424.418,306.44,-472.063,338.925,315.849,-571.017,94.777,262.52,-625.499,71.64,280.35,-458.559,100.759,245.874,-406.492,61.615,331.549,-439.335,50.063,270.26,-358.37,58.579,284.323,-450.579,1396.789,289.348,-453.716,1435.611,235.94,-446.036,1404.153,232.329,-749.452,1036.261,232.328,-746.422,1074.688,281.146,-747.82,1035.413,47.237,-486.623,673.134,43.266,-505.802,707.165,42.274,-443.722,694.826,85.89,-650.217,373.011,76.741,-624.796,401.842,83.828,-613.5,341.168,423.367,-534.689,671.094,431.809,-544.544,707.874,421.51,-487.48,682.234,374.47,-570.462,249.527,382.653,-565.166,287.647,371.631,-522.401,242.482,158.865,-588.06,978.17,341.502,-571.466,988.904,138.243,-439.412,532.025,321.044,-506.906,534.569,178.667,-750.55,236.051,278.774,-557.739,105.457,169.096,-715.414,169.718,273.056,-482.659,94.578,96.662,-582.048,1482.07,415.014,-572.905,1459.98,-15.277,-607.708,1194.74,533.211,-589.538,1156.73,-18.061,-519.731,855.038,543.943,-439.181,865.567,242.086,-551.801,1077.52,181.83,-758.911,209.729,31.125,-6.859,-2.529,64.187,0.021,-21.072,-2.315,-1.543,12.631,-35.391,6.76,3.054,22.37,4.064,-8.537,15.625,3.556,-13.3,10.918,-1.525,12.672,-38.415,4.408,3.95,-2.779,-5.133,-5.488,-2.779,5.133,5.488,5.21,20.684,45.172,29.067,-0,-0,-7.308,15.372,83.644,9.055,-7.682,4.446,8.143,22.04,32.284,35.296,0,0,0.287,17.26,82.093,9.055,7.682,-4.446,-38.89,8.016,-16.437,-92.629,4.406,-4.104,14.464,-3.163,-4.94,14.464,3.163,4.94,11.267,0.773,1.518,11.267,-0.773,-1.518,-20.791,7.874,-4.258,-20.791,-7.874,4.258,0,0,0,0,0,0,0.145,-0.235,0.899,-0.159,-0.082,0.235,-0.119,-0.066,0.035,0.07,-0.046,1.441,-0.091,0.081,0.597,-0.144,0.022,0.013,0,0,0,0,0,0,-64.457,-72.04,53.618,86.113,-57.751,-1.483,-12.574,-3.51,-1.598,-45.354,-110.052,11.508,0.857,-31.657,2.606,-5.421,-2.403,3.513,0,0,0.196,0,0,0.203,0,0,0.029,0,0,-0.12,0,0,-0.002,0,0,-0.003
30.85,250.499,-564.181,985.918,239.701,-386.567,940.275,67.544,-577.744,976.42,237.946,-519.282,1163.607,139.752,-412.232,537.956,82.113,6.544,676.366,-299.596,-479.021,557.073,178.533,-546.466,960.248,177.731,-709.759,227.37,-37.624,-443.611,-59.486,-211.874,-886.1,356.251,141.275,-397.4,544.548,168.234,-670.104,163.625,142.763,-515.682,317.91,-41.293,-730.966,189.95,229.458,-814.147,317.904,168.234,-670.104,163.625,158.234,-601.981,174.485,99.644,-681.093,169.397,175.587,-679.962,232.236,321.736,-503.783,535.373,352.537,-57.425,584.066,-127.094,-474.541,551.231,334.299,-553.428,982.511,279.19,-557.316,105.699,403.965,-142.573,35.076,-138.992,-426.983,132.264,325.272,-497.569,537.989,273.454,-482.257,94.686,290.37,-493.226,315.636,52.797,-467.258,112.324,257.645,-703.345,84.92,273.454,-482.257,94.686,275.603,-441.261,152.415,202.789,-484.641,99.009,277.898,-539.977,135.51,264.257,-492.388,1493.11,268.78,-327.505,1460.266,432.361,-497.305,1491.577,261.794,-525.176,1328.172,-16.33,-595.367,1197.8,-232.242,-774.745,1301.3,159.458,-833.157,1152.395,93.157,-567.322,1474.807,-8.806,-532.189,896.065,-240.728,-695.987,855.986,159.679,-760.098,852.546,-15.802,-590.937,1176.642,-18.623,-518.008,855.536,-71.125,-461.588,887.994,-80.988,-573.552,851.207,0.015,-544.931,932.484,534.112,-568.377,1159.46,700.364,-832.819,1234.212,782.645,-386.41,1250.438,416.855,-557.626,1458.278,530.898,-440.977,913.428,702.149,-625.885,815.445,740.139,-287.777,990.023,534.034,-565.306,1153.535,542.315,-408.387,873.435,622.83,-379.026,920.347,491.157,-337.31,916.752,521.204,-468.648,947.384,279.851,-346.938,1746.23,281.889,-373.155,1755.849,307.515,-346.359,1741.947,276.039,-356.753,1720.285,213.761,-418.987,1750.756,350.623,-419.912,1732.624,204.572,-555.14,1734.031,341.829,-570.067,1709.205,191.619,-521.533,1666.793,347.353,-513.5,1645.701,280.419,-371.905,1746.53,261.501,-622.133,1576.411,260.097,-649.41,1540.588,256.088,-702.788,1272.078,264.445,-485.525,1491.74,245.162,-447.18,1299.745,362.381,-697.751,1425.406,92.265,-562.373,1541.097,3.654,-581.29,1441.776,-24.431,-549.094,1196.321,-25.081,-509.044,996.706,25.925,-473.627,905.791,-71.863,-559.638,895.212,-29.296,-506.538,862.134,428.142,-553.187,1518.002,516.843,-574.19,1408.133,559.118,-530.091,1167.9,557.083,-447.178,995.516,516.586,-378.656,941.522,584.374,-483.627,899.308,556.325,-403.278,881.598,124.307,-494.707,1047.831,357.941,-479.227,1059.584,227.295,-701.898,1107.196,288.559,-705.342,1111.953,67.088,-476.621,748.054,114.535,-427.666,890.542,121.257,-364.37,718.601,88.043,-426.823,558.432,91.569,-545.267,422.486,132.523,-440.944,435.894,152.036,-515.524,361.789,143.329,-733.562,232.93,205.618,-780.949,249.154,155.527,-652.541,152.308,179.892,-638.626,86.944,106.802,-684.01,105.055,150.166,-613.431,58.985,422.256,-525.958,771.105,381.829,-437.79,897.596,344.819,-420.114,686.614,377.142,-504.659,538.628,375.895,-530.067,350.909,320.87,-457.03,424.242,307.639,-470.896,338.796,316.102,-571.093,94.866,262.566,-625.552,71.778,280.732,-458.563,100.847,246.063,-406.529,61.775,331.714,-439.361,50.001,270.409,-358.429,58.719,284.854,-435.09,1399.207,289.79,-438.18,1438.011,236.463,-430.501,1406.499,230.049,-733.398,1038.465,230.165,-730.446,1076.904,278.869,-732.655,1037.556,47.69,-461.424,678.014,43.395,-481.324,711.582,43.234,-418.992,700.735,85.816,-615.072,368.883,76.8,-590.912,398.878,84.231,-576.815,338.908,423.897,-529.31,672.307,432.307,-538.353,709.291,422.334,-481.836,682.299,374.648,-570.559,250.034,382.997,-565.033,288.119,372.309,-522.516,242.658,159.068,-571.362,980.87,341.93,-557,990.966,139.752,-412.232,537.956,321.736,-503.783,535.373,177.731,-709.759,227.37,279.19,-557.316,105.699,168.234,-670.104,163.625,273.454,-482.257,94.686,96.96,-566.347,1484.43,415.133,-557.467,1462.67,-16.33,-595.367,1197.8,534.112,-568.377,1159.46,-18.623,-518.008,855.536,542.315,-408.387,873.435,242.438,-535.955,1079.64,180.573,-716.745,200.731,32.43,-6.525,-2.507,62.869,0.352,-21.049,-1.022,-1.541,12.611,-35.475,6.626,3.239,20.857,4.073,-8.473,14.434,3.507,-13.194,11.051,-1.593,13.34,-38.359,4.24,4.11,-2.812,-4.834,-4.879,-2.812,4.834,4.879,4.536,20.838,47.398,28.617,-0,0,-7.41,14.312,84.221,9.02,-7.558,4.438,9.131,22.282,31.844,36.244,-0,0,0.641,17.593,82.005,9.02,7.558,-4.438,-43.035,6.931,-16.176,-92.529,4.384,-4.086,14.406,-2.964,-4.24,14.406,2.964,4.24,11.243,0.839,1.541,11.243,-0.839,-1.541,-20.722,7.824,-4.212,-20.722,-7.824,4.212,0,0,0,0,0,0,0.133,-0.217,0.865,-0.15,-0.093,0.27,-0.141,-0.066,0.031,0.056,-0.018,1.387,-0.094,0.092,0.585,-0.143,0.025,0.012,0,0,0,0,0,0,-55.867,-74.946,58.897,80.717,-62.97,-0.288,-11.06,-3.754,-0.25,-32.133,-117.824,10.689,-5.355,-33.651,2.462,-4.99,-2.513,3.376,0,0,0.159,0,0,0.249,0,0,0.024,0,0,-0.083,0,0,-0.014,0,0,-0.002
30.86,250.943,-548.583,987.943,242.386,-370.808,942.452,67.791,-559.676,979.045,239.585,-503.643,1165.702,141.322,-386.004,543.578,89.737,30.425,691.157,-298.931,-446.899,561.522,178.326,-529.991,962.806,176.958,-668.178,217.975,-34.939,-385.417,-55.238,-214.793,-846.54,337.211,143.34,-371.982,550.596,167.605,-624.079,157.196,145.761,-480.295,321.962,-42.654,-683.402,181.089,227.712,-779.34,300.653,167.605,-624.079,157.196,158.545,-556.744,172.769,98.894,-634.547,162.48,175.048,-638.744,224.932,322.211,-500.737,536.147,357.708,-53.627,573.395,-126.264,-466.449,551.95,335.072,-539.1,984.386,279.41,-556.824,105.931,408.872,-143.816,33.599,-137.289,-421.683,131.753,325.988,-495.757,537.984,273.751,-481.782,94.767,290.572,-492.328,315.745,53.102,-466.536,112.291,257.733,-702.874,85.434,273.751,-481.782,94.767,276.038,-440.734,152.454,203.1,-484.208,99.294,278.35,-539.463,135.628,264.632,-476.911,1495.22,269.333,-312.016,1462.463,432.729,-482.035,1493.548,261.995,-509.605,1330.266,-17.169,-583.299,1200.55,-237.424,-754.642,1308.421,152.463,-826.484,1160.635,93.373,-551.522,1476.734,-9.958,-528.485,897.235,-246.063,-687.537,862.878,152.625,-761.567,858.978,-16.665,-579.466,1179.334,-19.22,-515.775,856.294,-69.445,-455.984,886.22,-83.708,-568.98,854.366,-1.559,-540.01,934.357,535.063,-547.313,1162.02,700.91,-813.257,1232.204,783.469,-367.301,1257.137,416.968,-542.146,1460.657,529.623,-412.072,920.277,700.95,-592.98,815.214,738.758,-260.518,1000.357,534.932,-544.067,1156.217,540.628,-377.859,881.454,621.466,-350.134,928.803,489.662,-308.688,927.965,520.304,-441.042,953.15,280.025,-331.997,1748.53,282.036,-358.231,1758.107,307.694,-331.428,1744.278,276.236,-341.766,1722.565,213.876,-404.025,1752.858,350.806,-405.004,1734.885,204.635,-540.149,1735.842,341.875,-555.112,1711.192,191.813,-506.428,1668.672,347.491,-498.435,1647.787,280.577,-356.965,1748.781,261.725,-606.749,1578.185,260.314,-633.947,1542.307,256.024,-687.138,1273.938,264.828,-470.048,1493.862,246.005,-431.677,1301.926,363.201,-682.073,1427.65,92.532,-546.438,1543.092,3.75,-565.919,1443.859,-23.833,-536.851,1197.865,-24.392,-501.644,997.414,27.11,-471.001,904.648,-74.026,-553.541,898.088,-29.43,-503.62,862.378,428.173,-537.846,1520.374,517.377,-557.47,1411.056,560.491,-509.534,1171.422,556.71,-421.014,1001.839,515.383,-350.894,950.786,583.097,-453.951,904.058,554.694,-373.035,889.693,126.17,-477.563,1050.391,359.588,-465.195,1061.282,226.048,-686.117,1109.121,287.669,-690.11,1113.805,67.407,-453.921,752.485,116.505,-408.82,895.928,123.119,-341.819,725.464,89.79,-400.301,563.152,92.218,-512.862,421.254,134.236,-409.666,439.813,153.256,-480.807,362.169,142.28,-692.004,222.063,203.81,-741.588,234.646,155.16,-605.78,147.446,179.472,-587.723,83.161,105.891,-633.258,98.248,149.896,-560.139,57.208,422.611,-517.824,772.046,383.925,-426.127,897.045,346.193,-413.446,685.141,377.876,-502.292,538.962,376.384,-529.617,351.279,322.121,-455.611,424.079,308.678,-469.751,338.689,316.13,-571.096,94.927,262.608,-625.593,71.927,281.042,-458.535,100.907,246.219,-406.545,61.88,331.837,-439.374,49.948,270.528,-358.467,58.805,285.405,-419.591,1401.325,290.288,-422.662,1440.118,237.06,-414.939,1408.545,227.647,-717.298,1040.332,227.923,-714.403,1078.777,276.489,-717.412,1039.325,48.215,-436.764,682.642,43.584,-457.321,715.748,44.312,-394.779,706.338,85.839,-579.8,363.991,76.868,-557.058,395.191,84.761,-540.013,336.112,424.319,-523.796,673.424,432.744,-532.034,710.603,422.985,-476.091,682.283,374.661,-570.668,250.589,383.175,-564.913,288.638,372.874,-522.646,242.887,159.407,-554.53,983.195,342.479,-542.636,992.692,141.322,-386.004,543.578,322.211,-500.737,536.147,176.958,-668.178,217.975,279.41,-556.824,105.931,167.605,-624.079,157.196,273.751,-481.782,94.767,97.254,-550.407,1486.42,415.243,-542.071,1465.02,-17.169,-583.299,1200.55,535.063,-547.313,1162.02,-19.22,-515.775,856.294,540.628,-377.859,881.454,242.842,-520.132,1081.46,179.485,-673.684,191.046,33.631,-6.26,-2.48,61.25,0.788,-20.992,0.174,-1.53,12.503,-35.546,6.449,3.456,19.348,4.105,-8.221,13.21,3.474,-13.208,11.154,-1.655,13.934,-38.308,4.142,4.299,-2.855,-4.524,-4.233,-2.855,4.524,4.233,3.746,20.956,49.178,28.278,-0,0,-7.381,13.342,85.107,8.961,-7.441,4.46,10.114,22.531,31.436,37.229,-0,0,0.947,17.82,81.888,8.961,7.441,-4.46,-47.263,5.931,-15.873,-92.417,4.36,-4.14,14.355,-2.776,-3.466,14.355,2.776,3.466,11.211,0.898,1.602,11.211,-0.898,-1.602,-20.618,7.778,-4.157,-20.618,-7.778,4.157,0,0,0,0,0,0,0.116,-0.189,0.849,-0.145,-0.1,0.311,-0.165,-0.065,0.027,0.053,0.005,1.334,-0.098,0.096,0.574,-0.142,0.026,0.01,0,0,0,0,0,0,-47.895,-72.899,62.706,75.498,-66.848,0.64,-9.999,-4.004,0.824,-18.638,-114.684,8.954,-11.97,-33.775,1.93,-4.58,-2.575,2.814,0,0,0.123,0,0,0.289,0,0,0.02,0,0,-0.048,0,0,-0.027,0,0,-0.002
30.87,251.505,-532.994,989.58,245.365,-355.098,944.17,68.185,-541.444,981.264,241.363,-487.957,1167.388,142.956,-360.762,548.763,97.92,53.414,704.594,-298.165,-415.229,566.041,178.125,-513.553,965.022,176.365,-625.772,207.998,-31.371,-326.079,-49.934,-217.82,-805.6,316.528,145.339,-347.662,556.123,167.214,-577.379,150.547,148.626,-445.26,325.184,-43.701,-635.314,171.927,226.104,-743.171,282.243,167.214,-577.379,150.547,158.966,-511.219,170.881,98.401,-587.42,155.304,174.658,-596.89,217.05,322.491,-497.746,536.88,361.645,-50.133,562.667,-125.663,-459.449,552.57,335.901,-524.788,985.928,279.447,-556.274,106.158,413.484,-145.014,32.213,-135.751,-416.448,131.215,326.492,-493.964,537.983,273.946,-481.247,94.821,290.659,-491.326,315.829,53.322,-465.509,112.222,257.479,-702.327,85.984,273.946,-481.247,94.821,276.331,-440.134,152.457,203.306,-483.702,99.495,278.657,-538.88,135.737,265.039,-461.426,1497,270.036,-296.518,1464.354,433.125,-466.869,1495.234,262.251,-494.001,1332.025,-17.783,-571.517,1202.93,-240.846,-736.588,1314.74,147.588,-818.422,1168.328,93.584,-535.513,1478.263,-11.068,-524.347,898.445,-249.946,-680.218,869.03,147.431,-760.994,865.28,-17.316,-568.234,1181.745,-19.829,-513.013,857.206,-67.91,-450.336,884.646,-86.159,-563.939,857.3,-3.047,-534.724,936.201,536.065,-526.333,1164.38,701.518,-793.675,1230.037,784.306,-348.329,1263.617,417.074,-526.708,1462.706,528.353,-383.364,927.229,699.767,-559.956,815.196,737.349,-233.501,1010.778,535.881,-522.917,1158.718,538.902,-347.631,889.591,620.094,-321.445,937.21,488.163,-280.442,939.156,519.439,-413.551,959.026,280.272,-317.177,1750.56,282.251,-343.435,1760.08,307.946,-316.622,1746.339,276.503,-326.884,1724.568,213.964,-389.131,1754.666,351.01,-390.195,1736.844,204.703,-525.233,1737.295,341.909,-540.23,1712.797,192.01,-491.362,1670.212,347.702,-483.433,1649.526,280.803,-342.146,1750.758,261.859,-591.376,1579.595,260.443,-618.475,1543.658,255.911,-671.444,1275.415,265.247,-454.562,1495.638,246.886,-416.127,1303.76,363.968,-666.437,1429.534,92.78,-530.268,1544.698,3.779,-550.345,1445.618,-23.487,-525.017,1199.165,-23.826,-494.239,998.059,28.084,-467.989,903.834,-75.979,-547.139,900.725,-29.603,-500.271,862.784,428.217,-522.553,1522.38,517.918,-540.801,1413.639,561.888,-489.072,1174.731,556.359,-395.029,1008.161,514.213,-323.426,960.107,581.8,-424.38,908.94,553.03,-343.075,897.877,128.33,-460.362,1052.526,361.391,-451.163,1062.546,224.77,-670.304,1110.73,286.659,-674.86,1115.297,67.776,-431.634,756.607,118.636,-390.182,900.82,125.126,-319.887,731.802,91.608,-374.647,567.393,92.872,-480.661,419.387,136.038,-379.023,443.404,154.583,-446.265,362.176,141.396,-649.507,210.496,202.157,-700.94,219.276,155.012,-558.421,142.358,179.35,-536.146,79.481,105.347,-581.748,91.374,149.998,-506.331,55.67,422.879,-509.528,772.801,385.789,-414.438,896.144,347.192,-406.808,683.598,378.435,-499.896,539.276,376.688,-529.136,351.681,323.101,-454.191,423.907,309.556,-468.606,338.601,315.951,-571.024,94.972,262.649,-625.618,72.09,281.274,-458.469,100.936,246.342,-406.534,61.918,331.923,-439.37,49.905,270.608,-358.478,58.813,285.961,-404.07,1403.121,290.825,-407.149,1441.906,237.709,-399.333,1410.266,225.224,-701.164,1041.873,225.694,-698.296,1080.32,274.104,-702.081,1040.737,48.844,-412.709,686.927,43.877,-433.857,719.58,45.528,-371.148,711.526,85.957,-544.351,358.389,76.966,-523.198,390.802,85.424,-503.079,332.83,424.642,-518.117,674.424,433.117,-525.556,711.795,423.458,-470.215,682.179,374.537,-570.734,251.184,383.192,-564.75,289.197,373.325,-522.739,243.161,159.878,-537.62,985.123,343.131,-528.369,994.037,142.956,-360.762,548.763,322.491,-497.746,536.88,176.365,-625.772,207.998,279.447,-556.274,106.158,167.214,-577.379,150.547,273.946,-481.247,94.821,97.535,-534.235,1488.04,415.361,-526.713,1467,-17.783,-571.517,1202.93,536.065,-526.333,1164.38,-19.829,-513.013,857.206,538.902,-347.631,889.591,243.305,-504.333,1082.96,178.585,-629.681,180.817,34.735,-6.054,-2.441,59.326,1.313,-20.9,1.248,-1.507,12.289,-35.593,6.228,3.676,17.855,4.137,-7.788,11.965,3.461,-13.338,11.233,-1.708,14.451,-38.262,4.113,4.504,-2.923,-4.202,-3.573,-2.923,4.202,3.573,2.842,21.034,50.469,28.029,-0,0,-7.234,12.47,86.242,8.876,-7.334,4.515,11.096,22.781,31.069,38.237,0,0,1.199,17.958,81.751,8.876,7.334,-4.515,-51.538,5.037,-15.543,-92.289,4.332,-4.256,14.326,-2.595,-2.639,14.326,2.595,2.639,11.17,0.95,1.703,11.17,-0.95,-1.703,-20.479,7.737,-4.09,-20.479,-7.737,4.09,0,0,0,0,0,0,0.095,-0.152,0.853,-0.145,-0.101,0.357,-0.193,-0.064,0.024,0.062,0.023,1.284,-0.099,0.094,0.564,-0.141,0.026,0.009,0,0,0,0,0,0,-39.478,-65.631,64.482,69.945,-68.993,1.096,-9.479,-4.245,1.422,-8.348,-103.913,6.625,-18.136,-32.318,1.096,-4.199,-2.59,1.922,0,0,0.088,0,0,0.32,0,0,0.017,0,0,-0.024,0,0,-0.039,0,0,-0.001
30.88,252.165,-517.417,990.783,248.548,-339.456,945.356,68.714,-523.123,983.039,243.252,-472.205,1168.612,144.647,-336.529,553.379,106.516,75.523,716.512,-297.268,-384.194,570.481,177.97,-497.136,966.838,175.97,-582.521,197.588,-26.908,-265.81,-43.314,-220.912,-763.082,294.445,147.263,-324.469,561.022,167.068,-530.041,143.803,151.313,-410.507,327.548,-44.431,-586.745,162.556,224.677,-705.527,262.903,167.068,-530.041,143.803,159.501,-465.447,168.882,98.17,-539.741,148,174.448,-554.375,208.704,322.616,-494.783,537.562,364.397,-46.895,551.886,-125.28,-453.497,553.051,336.717,-510.476,987.128,279.33,-555.675,106.384,417.792,-146.174,30.849,-134.365,-411.324,130.627,326.8,-492.115,537.98,274.051,-480.662,94.849,290.637,-490.212,315.89,53.466,-464.241,112.11,256.948,-701.715,86.581,274.051,-480.662,94.849,276.49,-439.463,152.421,203.417,-483.137,99.611,278.833,-538.233,135.844,265.479,-445.915,1498.4,270.89,-280.995,1465.881,433.55,-451.787,1496.587,262.566,-478.354,1333.401,-18.202,-560,1204.99,-242.717,-720.54,1320.431,144.754,-809.155,1175.425,93.802,-519.309,1479.41,-12.12,-519.787,899.613,-252.534,-674.042,874.512,144.062,-758.593,871.276,-17.781,-557.217,1183.85,-20.433,-509.721,858.167,-66.623,-444.671,883.229,-88.284,-558.572,859.912,-4.435,-529.092,937.929,537.107,-505.426,1166.54,702.178,-774.069,1227.692,785.151,-329.49,1269.874,417.178,-511.308,1464.432,527.098,-354.885,934.253,698.601,-526.873,815.401,735.929,-206.763,1021.25,536.869,-501.851,1161.023,537.153,-317.733,897.816,618.708,-292.966,945.575,486.648,-252.605,950.285,518.618,-386.22,964.984,280.594,-302.454,1752.3,282.535,-328.74,1761.75,308.273,-301.916,1748.109,276.841,-312.086,1726.278,214.034,-374.281,1756.152,351.23,-375.453,1738.479,204.782,-510.367,1738.372,341.944,-525.395,1714.007,192.212,-476.314,1671.393,347.974,-468.469,1650.898,281.099,-327.424,1752.431,261.902,-576.004,1580.629,260.49,-602.98,1544.625,255.756,-655.697,1276.494,265.704,-439.051,1497.049,247.794,-400.521,1305.228,364.663,-650.841,1431.02,93.009,-513.887,1545.891,3.733,-534.605,1447.031,-23.389,-513.532,1200.217,-23.434,-486.834,998.592,28.788,-464.506,903.261,-77.69,-540.561,903.046,-29.823,-496.497,863.262,428.287,-507.304,1524.005,518.464,-524.207,1415.852,563.297,-468.693,1177.807,556.027,-369.24,1014.459,513.065,-296.282,969.442,580.509,-394.939,913.943,551.344,-313.423,906.126,130.72,-443.141,1054.192,363.315,-437.081,1063.326,223.504,-654.436,1112.008,285.575,-659.575,1116.427,68.23,-409.8,760.325,120.9,-371.749,905.123,127.274,-298.593,737.476,93.479,-349.891,571.06,93.546,-448.656,416.884,137.94,-349.073,446.622,156.009,-411.92,361.835,140.698,-606.019,198.41,200.702,-658.914,203.275,155.085,-510.489,137.154,179.51,-483.974,76.01,105.145,-529.541,84.602,150.46,-452.137,54.464,423.078,-501.06,773.361,387.35,-402.694,894.914,347.853,-400.168,681.97,378.837,-497.444,539.56,376.818,-528.574,352.102,323.835,-452.706,423.71,310.289,-467.439,338.528,315.602,-570.88,95.021,262.685,-625.619,72.269,281.432,-458.36,100.934,246.431,-406.492,61.879,331.981,-439.349,49.869,270.647,-358.459,58.726,286.515,-388.517,1404.572,291.384,-391.631,1443.353,238.383,-383.669,1411.642,222.866,-684.998,1043.097,223.555,-682.124,1081.542,271.796,-686.656,1041.808,49.609,-389.338,690.769,44.31,-411.005,722.99,46.898,-348.17,716.184,86.167,-508.683,352.151,77.12,-489.305,385.752,86.23,-466.006,329.126,424.884,-512.266,675.293,433.43,-518.909,712.854,423.767,-464.199,681.977,374.308,-570.707,251.813,383.061,-564.5,289.781,373.666,-522.748,243.467,160.466,-520.671,986.611,343.864,-514.163,994.955,144.647,-336.529,553.379,322.616,-494.783,537.562,175.97,-582.521,197.588,279.33,-555.675,106.384,167.068,-530.041,143.803,274.051,-480.662,94.849,97.81,-517.853,1489.23,415.5,-511.39,1468.6,-18.202,-560,1204.99,537.107,-505.426,1166.54,-20.433,-509.721,858.167,537.153,-317.733,897.816,243.826,-488.554,1084.09,177.894,-584.701,170.214,35.747,-5.9,-2.384,57.097,1.904,-20.777,2.18,-1.472,11.969,-35.614,5.979,3.878,16.388,4.147,-7.197,10.709,3.47,-13.577,11.296,-1.755,14.9,-38.221,4.146,4.717,-3.022,-3.871,-2.921,-3.022,3.871,2.921,1.83,21.08,51.299,27.862,-0,0,-6.996,11.704,87.513,8.768,-7.24,4.601,12.082,23.027,30.738,39.26,-0,0,1.407,18.018,81.613,8.768,7.24,-4.601,-55.836,4.26,-15.197,-92.142,4.3,-4.421,14.33,-2.416,-1.781,14.33,2.416,1.781,11.123,0.992,1.844,11.123,-0.992,-1.844,-20.312,7.703,-4.012,-20.312,-7.703,4.012,0,0,0,0,0,0,0.072,-0.112,0.879,-0.156,-0.096,0.406,-0.222,-0.062,0.019,0.083,0.036,1.241,-0.097,0.085,0.557,-0.14,0.025,0.007,0,0,0,0,0,0,-28.707,-53.954,64.128,63.441,-69.465,1.028,-9.473,-4.465,1.492,-2.915,-89.888,4.063,-23.525,-29.819,0.092,-3.742,-2.562,0.836,0,0,0.054,0,0,0.337,0,0,0.015,0,0,-0.014,0,0,-0.05,0,0,-0
30.89,252.881,-501.834,991.534,251.817,-323.87,945.988,69.341,-504.765,984.37,245.214,-456.37,1169.357,146.375,-313.325,557.304,115.321,96.767,726.755,-296.226,-354.02,574.679,177.897,-480.723,968.203,175.784,-538.419,186.912,-21.582,-204.861,-35.089,-224.009,-718.825,271.279,149.121,-302.429,565.193,167.184,-482.1,137.107,153.81,-375.971,329.088,-44.842,-537.682,153.064,223.444,-666.344,242.879,167.184,-482.1,137.107,160.196,-419.447,166.847,98.212,-491.506,140.716,174.441,-511.165,200.045,322.639,-491.817,538.189,366.108,-43.869,541.063,-125.072,-448.468,553.365,337.467,-496.142,987.985,279.099,-555.043,106.618,421.825,-147.318,29.434,-133.099,-406.33,129.97,326.953,-490.138,537.971,274.079,-480.047,94.853,290.523,-488.983,315.93,53.542,-462.829,111.953,256.233,-701.065,87.246,274.079,-480.047,94.853,276.528,-438.742,152.349,203.448,-482.53,99.645,278.889,-537.542,135.951,265.947,-430.364,1499.43,271.867,-265.433,1467.055,433.999,-436.755,1497.603,262.925,-462.65,1334.403,-18.48,-548.709,1206.7,-243.335,-706.241,1325.571,143.669,-798.903,1181.852,94.013,-502.958,1480.121,-13.102,-514.831,900.673,-254.029,-668.86,879.388,142.311,-754.63,876.858,-18.109,-546.377,1185.636,-21.026,-505.913,859.089,-65.676,-439.002,881.947,-90.055,-553.018,862.142,-5.707,-523.151,939.471,538.174,-484.589,1168.46,702.851,-754.461,1225.095,786.018,-310.816,1275.853,417.295,-495.949,1465.809,525.875,-326.67,941.317,697.44,-493.811,815.825,734.537,-180.369,1031.732,537.885,-480.874,1163.118,535.392,-288.19,906.098,617.293,-264.692,953.906,485.091,-225.212,961.316,517.856,-359.092,970.989,280.987,-287.803,1753.73,282.885,-314.122,1763.097,308.671,-287.288,1749.566,277.245,-297.346,1727.674,214.101,-359.457,1757.292,351.462,-360.748,1739.769,204.874,-495.526,1739.057,341.988,-510.584,1714.807,192.418,-461.261,1672.199,348.284,-453.518,1651.889,281.459,-312.773,1753.775,261.86,-560.622,1581.282,260.47,-587.451,1545.196,255.561,-639.888,1277.165,266.193,-423.499,1498.076,248.718,-384.846,1306.309,365.267,-635.28,1432.072,93.223,-497.338,1546.659,3.611,-518.749,1448.083,-23.53,-502.328,1201.025,-23.26,-479.422,998.976,29.181,-460.491,902.845,-79.146,-533.928,905.005,-30.103,-492.311,863.736,428.381,-492.099,1525.237,519.008,-507.713,1417.675,564.707,-448.393,1180.634,555.712,-343.665,1020.709,511.923,-269.489,978.746,579.258,-365.659,919.059,549.643,-284.101,914.417,133.241,-425.918,1055.357,365.317,-422.896,1063.594,222.278,-638.489,1112.936,284.463,-644.236,1117.18,68.796,-388.469,763.538,123.259,-353.517,908.75,129.542,-277.949,742.353,95.375,-326.069,574.064,94.255,-416.853,413.769,139.945,-319.878,449.429,157.526,-377.807,361.186,140.202,-561.506,186.013,199.477,-615.461,186.907,155.392,-462.003,131.971,179.963,-431.3,72.876,105.268,-476.688,78.121,151.281,-397.668,53.712,423.233,-492.427,773.72,388.576,-390.868,893.382,348.238,-393.503,680.239,379.114,-494.911,539.81,376.803,-527.891,352.534,324.373,-451.102,423.475,310.908,-466.228,338.462,315.131,-570.678,95.093,262.701,-625.581,72.464,281.521,-458.208,100.901,246.489,-406.413,61.758,332.018,-439.31,49.837,270.645,-358.407,58.533,287.073,-372.925,1405.653,291.949,-376.094,1444.435,239.061,-367.936,1412.649,220.642,-668.795,1044.002,221.559,-665.883,1082.44,269.628,-671.129,1042.548,50.536,-366.735,694.059,44.914,-388.845,725.884,48.428,-325.921,720.192,86.46,-472.768,345.376,77.351,-455.355,380.102,87.185,-428.796,325.087,425.069,-506.249,676.022,433.692,-512.095,713.767,423.95,-458.045,681.672,374.012,-570.55,252.473,382.804,-564.128,290.38,373.904,-522.639,243.796,161.131,-503.701,987.652,344.631,-499.967,995.415,146.375,-313.325,557.304,322.639,-491.817,538.189,175.784,-538.419,186.912,279.099,-555.043,106.618,167.184,-482.1,137.107,274.079,-480.047,94.853,98.079,-501.304,1490.01,415.664,-496.102,1469.82,-18.48,-548.709,1206.7,538.174,-484.589,1168.46,-21.026,-505.913,859.089,535.392,-288.19,906.098,244.392,-472.785,1084.86,177.434,-538.732,159.439,36.66,-5.787,-2.315,54.56,2.53,-20.627,2.961,-1.428,11.559,-35.627,5.732,4.047,14.948,4.114,-6.484,9.458,3.502,-13.912,11.349,-1.797,15.299,-38.179,4.227,4.92,-3.153,-3.533,-2.292,-3.153,3.533,2.292,0.729,21.1,51.73,27.769,-0,0,-6.702,11.06,88.794,8.638,-7.159,4.71,13.071,23.267,30.431,40.284,-0,0,1.593,18.003,81.508,8.638,7.159,-4.71,-60.14,3.609,-14.833,-91.971,4.264,-4.613,14.366,-2.235,-0.915,14.366,2.235,0.915,11.069,1.03,2.018,11.069,-1.03,-2.018,-20.115,7.679,-3.923,-20.115,-7.679,3.923,0,0,0,0,0,0,0.047,-0.073,0.926,-0.178,-0.087,0.458,-0.251,-0.058,0.012,0.116,0.044,1.209,-0.09,0.073,0.554,-0.14,0.023,0.006,0,0,0,0,0,0,-13.737,-39.883,61.643,55.068,-68.416,0.429,-9.844,-4.652,1.022,-3.389,-76.72,1.695,-27.775,-27.002,-0.873,-3.182,-2.5,-0.222,0,0,0.019,0,0,0.334,0,0,0.012,0,0,-0.018,0,0,-0.059,0,0,0.001
30.9,253.624,-486.213,991.82,255.069,-308.305,946.065,70.04,-486.418,985.225,247.186,-440.436,1169.611,148.108,-291.16,560.434,124.074,117.171,735.195,-295.046,-324.963,578.471,177.947,-464.297,969.074,175.812,-493.471,176.158,-15.491,-143.533,-24.952,-227.031,-672.748,247.408,150.913,-281.57,568.557,167.576,-433.595,130.625,156.121,-341.587,329.879,-44.937,-488.087,143.57,222.401,-625.595,222.435,167.576,-433.595,130.625,161.099,-373.235,164.88,98.533,-442.698,133.609,174.634,-467.248,191.258,322.607,-488.815,538.76,366.951,-41.025,530.213,-124.995,-444.208,553.514,338.134,-481.769,988.498,278.797,-554.392,106.87,425.605,-148.461,27.904,-131.924,-401.5,129.239,327.001,-487.967,537.953,274.047,-479.422,94.832,290.348,-487.617,315.948,53.563,-461.367,111.756,255.428,-700.402,88.014,274.047,-479.422,94.832,276.47,-437.993,152.24,203.414,-481.903,99.604,278.848,-536.827,136.057,266.428,-414.758,1500.04,272.927,-249.817,1467.827,434.456,-421.735,1498.216,263.303,-446.871,1334.981,-18.684,-537.581,1208.11,-243.032,-693.257,1330.339,143.88,-787.905,1187.669,94.222,-486.494,1480.413,-14.004,-509.511,901.57,-254.686,-664.356,883.716,141.806,-749.434,881.979,-18.363,-535.656,1187.089,-21.614,-501.607,859.896,-65.139,-433.328,880.793,-91.475,-547.388,863.969,-6.847,-516.945,940.765,539.256,-463.831,1170.14,703.528,-734.859,1222.256,786.893,-292.312,1281.559,417.404,-480.635,1466.833,524.695,-298.756,948.386,696.303,-460.829,816.47,733.183,-154.352,1042.19,538.918,-459.997,1164.991,533.627,-259.036,914.411,615.838,-236.634,962.212,483.468,-198.308,972.218,517.17,-332.219,977.012,281.437,-273.188,1754.81,283.286,-299.542,1764.085,309.125,-272.702,1750.671,277.702,-282.633,1728.717,214.181,-344.639,1758.065,351.701,-346.053,1740.699,204.976,-480.686,1739.341,342.042,-495.778,1715.189,192.624,-446.186,1672.618,348.605,-438.557,1652.487,281.87,-298.159,1754.77,261.749,-545.216,1581.545,260.396,-571.878,1545.364,255.323,-624.007,1277.42,266.698,-407.893,1498.704,249.652,-369.091,1306.985,365.764,-619.746,1432.664,93.424,-480.668,1546.994,3.418,-502.829,1448.764,-23.895,-491.328,1201.586,-23.336,-471.985,999.187,29.245,-455.904,902.503,-80.353,-527.34,906.577,-30.462,-487.727,864.144,428.49,-476.94,1526.073,519.539,-491.34,1419.092,566.108,-428.18,1183.193,555.411,-318.329,1026.886,510.776,-243.078,987.976,578.078,-336.57,924.274,547.932,-255.138,922.728,135.777,-408.688,1056.005,367.344,-408.561,1063.344,221.122,-622.443,1113.491,283.365,-628.815,1117.536,69.488,-367.699,766.153,125.672,-335.483,911.625,131.892,-257.958,746.314,97.261,-303.218,576.332,95.014,-385.276,410.095,142.044,-291.496,451.797,159.131,-343.972,360.29,139.919,-515.951,173.547,198.499,-570.579,170.468,155.952,-412.996,126.983,180.747,-378.227,70.244,105.722,-423.241,72.138,152.478,-343.024,53.569,423.375,-483.635,773.876,389.477,-378.942,891.575,348.418,-386.797,678.384,379.297,-492.269,540.025,376.683,-527.052,352.97,324.777,-449.338,423.198,311.442,-464.944,338.396,314.589,-570.434,95.209,262.679,-625.486,72.68,281.55,-458.011,100.832,246.518,-406.292,61.555,332.037,-439.253,49.802,270.611,-358.323,58.233,287.647,-357.287,1406.346,292.509,-360.524,1445.133,239.727,-352.128,1413.268,218.598,-652.542,1044.576,219.742,-649.568,1083.003,267.649,-655.489,1042.957,51.653,-344.986,696.69,45.715,-367.459,728.169,50.117,-304.481,723.433,86.825,-436.599,338.189,77.669,-421.343,373.945,88.288,-391.471,320.83,425.22,-500.079,676.609,433.921,-505.116,714.529,424.054,-451.761,681.255,373.681,-570.237,253.159,382.451,-563.607,290.984,374.043,-522.386,244.134,161.845,-486.717,988.223,345.404,-485.708,995.416,148.108,-291.16,560.434,322.607,-488.815,538.76,175.812,-493.471,176.158,278.797,-554.392,106.87,167.576,-433.595,130.625,274.047,-479.422,94.832,98.34,-484.631,1490.34,415.847,-480.849,1470.63,-18.684,-537.581,1208.11,539.256,-463.831,1170.14,-21.614,-501.607,859.896,533.627,-259.036,914.411,244.978,-457.012,1085.23,177.225,-491.787,148.725,37.465,-5.715,-2.239,51.71,3.159,-20.454,3.585,-1.378,11.088,-35.649,5.518,4.188,13.535,4.035,-5.69,8.224,3.557,-14.324,11.391,-1.835,15.667,-38.123,4.342,5.101,-3.311,-3.202,-1.7,-3.311,3.202,1.7,-0.442,21.106,51.862,27.752,0,0,-6.388,10.564,89.954,8.496,-7.088,4.829,14.058,23.505,30.14,41.305,0,0,1.776,17.916,81.457,8.496,7.088,-4.829,-64.444,3.085,-14.446,-91.767,4.228,-4.814,14.432,-2.057,-0.064,14.432,2.057,0.064,11.01,1.065,2.215,11.01,-1.065,-2.215,-19.899,7.666,-3.821,-19.899,-7.666,3.821,0,0,0,0,0,0,0.021,-0.041,0.994,-0.215,-0.074,0.512,-0.28,-0.053,0.002,0.159,0.049,1.19,-0.079,0.058,0.553,-0.14,0.021,0.005,0,0,0,0,0,0,7.623,-26.093,57.062,43.729,-66.05,-0.682,-10.479,-4.795,0.023,-10.137,-66.177,-0.238,-30.561,-24.339,-1.675,-2.646,-2.41,-1.114,0,0,-0.015,0,0,0.3,0,0,0.01,0,0,-0.037,0,0,-0.064,0,0,0.001
30.91,254.345,-470.514,991.636,258.188,-292.713,945.607,70.757,-468.107,985.607,249.113,-424.388,1169.377,149.82,-270.039,562.683,132.479,136.771,741.732,-293.744,-297.304,581.672,178.162,-447.847,969.419,176.048,-447.697,165.547,-8.812,-82.189,-12.581,-229.881,-624.86,223.289,152.646,-261.912,571.053,168.26,-384.569,124.553,158.272,-307.311,330.053,-44.732,-437.856,134.234,221.49,-583.291,201.85,168.26,-384.569,124.553,162.263,-326.825,163.132,99.143,-393.297,126.873,175.012,-422.623,182.561,322.562,-485.732,539.269,367.13,-38.326,519.354,-124.995,-440.515,553.515,338.725,-467.338,988.663,278.459,-553.734,107.154,429.15,-149.621,26.204,-130.813,-396.854,128.448,327.008,-485.548,537.923,273.966,-478.801,94.789,290.147,-486.094,315.946,53.537,-459.932,111.539,254.607,-699.745,88.92,273.966,-478.801,94.789,276.334,-437.232,152.098,203.329,-481.27,99.498,278.727,-536.106,136.158,266.908,-399.087,1500.26,274.022,-234.136,1468.229,434.909,-406.686,1498.438,263.674,-431.007,1335.166,-18.878,-526.549,1209.19,-242.133,-681.126,1334.771,144.918,-776.372,1192.879,94.413,-469.966,1480.244,-14.827,-503.853,902.271,-254.749,-660.2,887.542,142.167,-743.295,886.637,-18.602,-524.998,1188.213,-22.208,-496.82,860.531,-65.054,-427.629,879.767,-92.572,-541.747,865.403,-7.843,-510.509,941.768,540.335,-443.162,1171.57,704.154,-715.296,1219.149,787.789,-274.024,1286.964,417.506,-465.361,1467.505,523.571,-271.174,955.427,695.174,-428.011,817.32,731.905,-128.775,1052.578,539.952,-439.233,1166.63,531.865,-230.301,922.723,614.335,-208.81,970.497,481.76,-171.936,982.961,516.576,-305.648,983.01,281.923,-258.575,1755.53,283.718,-284.968,1764.705,309.615,-258.123,1751.412,278.189,-267.913,1729.398,214.283,-329.813,1758.46,351.944,-331.345,1741.253,205.082,-465.826,1739.22,342.104,-480.959,1715.149,192.826,-431.071,1672.641,348.905,-423.567,1652.686,282.311,-283.547,1755.399,261.583,-529.774,1581.414,260.285,-556.257,1545.128,255.036,-608.046,1277.255,267.204,-392.222,1498.926,250.593,-353.241,1307.235,366.138,-604.229,1432.779,93.608,-463.924,1546.892,3.167,-486.891,1449.072,-24.465,-480.455,1201.903,-23.682,-464.493,999.207,28.984,-450.725,902.166,-81.331,-520.856,907.76,-30.918,-482.754,864.441,428.602,-461.824,1526.515,520.042,-475.104,1420.089,567.49,-408.068,1185.469,555.124,-293.257,1032.966,509.613,-217.077,997.093,576.996,-307.708,929.57,546.215,-226.562,931.036,138.207,-391.433,1056.139,369.341,-394.035,1062.588,220.061,-606.284,1113.652,282.307,-613.286,1117.468,70.313,-347.553,768.08,128.087,-317.646,913.691,134.273,-238.62,749.261,99.103,-281.375,577.808,95.829,-353.964,405.946,144.217,-263.977,453.71,160.814,-310.47,359.225,139.848,-469.367,161.289,197.77,-524.315,154.275,156.796,-363.523,122.407,181.92,-324.876,68.322,106.536,-369.264,66.885,154.091,-288.306,54.23,423.535,-474.694,773.827,390.102,-366.905,889.502,348.466,-380.036,676.386,379.422,-489.48,540.208,376.508,-526.027,353.407,325.117,-447.385,422.876,311.922,-463.55,338.318,314.017,-570.163,95.385,262.598,-625.324,72.923,281.526,-457.772,100.725,246.519,-406.128,61.273,332.04,-439.18,49.76,270.558,-358.21,57.829,288.245,-341.597,1406.633,293.062,-344.907,1445.428,240.375,-336.244,1413.486,216.765,-636.227,1044.8,218.118,-633.172,1083.211,265.89,-639.726,1043.027,52.985,-324.179,698.56,46.736,-346.932,729.756,51.956,-283.929,725.794,87.248,-400.199,330.744,78.075,-387.279,367.404,89.528,-354.081,316.499,425.362,-493.765,677.057,434.136,-497.974,715.136,424.132,-445.351,680.719,373.334,-569.746,253.865,382.04,-562.91,291.585,374.09,-521.968,244.471,162.557,-469.713,988.323,346.133,-471.315,994.948,149.82,-270.039,562.683,322.562,-485.732,539.269,176.048,-447.697,165.547,278.459,-553.734,107.154,168.26,-384.569,124.553,273.966,-478.801,94.789,98.595,-467.878,1490.25,416.037,-465.627,1471.04,-18.878,-526.549,1209.19,540.335,-443.162,1171.57,-22.208,-496.82,860.531,531.865,-230.301,922.723,245.554,-441.216,1085.22,177.283,-443.919,138.341,38.149,-5.677,-2.173,48.549,3.756,-20.26,4.054,-1.326,10.603,-35.697,5.357,4.31,12.144,3.906,-4.858,7.021,3.631,-14.792,11.423,-1.872,16.017,-38.039,4.479,5.249,-3.49,-2.882,-1.155,-3.49,2.882,1.155,-1.66,21.104,51.792,27.807,-0,0,-6.089,10.24,90.887,8.342,-7.024,4.952,15.037,23.745,29.848,42.315,0,0,1.976,17.758,81.487,8.342,7.024,-4.952,-68.745,2.685,-14.017,-91.522,4.198,-5.006,14.519,-1.881,0.751,14.519,1.881,-0.751,10.942,1.102,2.425,10.942,-1.102,-2.425,-19.664,7.663,-3.709,-19.664,-7.663,3.709,0,0,0,0,0,0,-0.008,-0.022,1.08,-0.266,-0.058,0.567,-0.308,-0.047,-0.011,0.207,0.051,1.186,-0.062,0.042,0.556,-0.141,0.018,0.005,0,0,0,0,0,0,37.758,-15.088,50.706,28.045,-62.832,-2.105,-11.116,-4.882,-1.314,-22.617,-58.4,-1.638,-31.892,-21.864,-2.216,-2.225,-2.302,-1.731,0,0,-0.044,0,0,0.225,0,0,0.006,0,0,-0.068,0,0,-0.064,0,0,0.001
30.92,254.993,-454.699,990.987,261.061,-277.039,944.651,71.435,-449.848,985.548,250.957,-408.22,1168.667,151.486,-249.962,563.993,140.185,155.613,746.296,-292.351,-271.363,584.091,178.583,-431.357,969.227,176.482,-401.142,155.328,-1.794,-21.264,2.327,-232.45,-575.294,199.421,154.327,-243.463,572.635,169.252,-335.087,119.124,160.303,-273.125,329.788,-44.236,-386.892,125.292,220.65,-539.478,181.424,169.252,-335.087,119.124,163.73,-280.252,161.8,100.054,-343.313,120.74,175.559,-377.326,174.213,322.541,-482.518,539.716,366.839,-35.731,508.514,-125.022,-437.187,553.405,339.273,-452.837,988.485,278.111,-553.075,107.479,432.461,-150.804,24.276,-129.751,-392.416,127.612,327.028,-482.824,537.874,273.842,-478.195,94.726,289.948,-484.392,315.921,53.466,-458.59,111.321,253.833,-699.108,89.994,273.842,-478.195,94.726,276.138,-436.474,151.927,203.198,-480.638,99.344,278.535,-535.39,136.254,267.372,-383.345,1500.06,275.112,-218.382,1468.234,435.343,-391.581,1498.221,264.01,-415.046,1334.926,-19.117,-515.542,1209.98,-240.912,-669.428,1338.949,146.377,-764.469,1197.569,94.575,-453.402,1479.646,-15.577,-497.871,902.753,-254.436,-656.08,890.901,143.04,-736.456,890.857,-18.875,-514.336,1189.008,-22.829,-491.562,860.953,-65.435,-421.869,878.864,-93.384,-536.113,866.469,-8.69,-503.864,942.451,541.4,-422.6,1172.72,704.687,-695.81,1215.739,788.727,-255.999,1292.013,417.61,-450.121,1467.806,522.509,-243.963,962.402,694.03,-395.436,818.335,730.735,-103.7,1062.835,540.978,-418.608,1168.015,530.119,-202.014,931.01,612.783,-181.265,978.776,479.97,-146.133,993.523,516.075,-279.424,988.941,282.416,-243.931,1755.88,284.155,-270.364,1764.95,310.111,-243.516,1751.778,278.678,-253.157,1729.709,214.408,-314.958,1758.468,352.185,-316.605,1741.419,205.182,-450.923,1738.693,342.169,-466.112,1714.689,193.017,-415.9,1672.268,349.162,-408.535,1652.484,282.756,-268.903,1755.65,261.377,-514.284,1580.883,260.15,-540.584,1544.492,254.697,-591.998,1276.671,267.694,-376.479,1498.74,251.542,-337.284,1307.048,366.371,-588.72,1432.413,93.765,-447.144,1546.359,2.871,-470.973,1449.007,-25.216,-469.633,1201.973,-24.3,-456.907,999.03,28.418,-444.948,901.774,-82.114,-514.497,908.569,-31.49,-477.394,864.594,428.706,-446.743,1526.568,520.508,-459.011,1420.658,568.849,-388.079,1187.446,554.846,-268.482,1038.922,508.43,-191.519,1006.057,576.024,-279.113,934.922,544.503,-198.404,939.321,140.429,-374.131,1055.777,371.254,-379.288,1061.35,219.125,-590.004,1113.401,281.305,-597.624,1116.953,71.273,-328.102,769.245,130.442,-299.998,914.905,136.623,-219.935,751.116,100.873,-260.576,578.46,96.701,-322.973,401.442,146.432,-237.357,455.17,162.564,-277.368,358.09,139.989,-421.811,149.539,197.28,-476.771,138.658,157.959,-313.68,118.499,183.546,-271.401,67.355,107.764,-314.851,62.617,156.179,-233.645,55.925,423.749,-465.603,773.577,390.523,-354.752,887.164,348.452,-373.198,674.229,379.522,-486.496,540.363,376.323,-524.785,353.84,325.449,-445.212,422.509,312.37,-462.001,338.218,313.447,-569.877,95.63,262.438,-625.088,73.202,281.451,-457.491,100.579,246.49,-405.919,60.92,332.022,-439.094,49.703,270.499,-358.069,57.329,288.871,-325.846,1406.501,293.61,-329.229,1445.311,241.003,-320.281,1413.297,215.157,-619.836,1044.648,216.686,-616.692,1083.039,264.367,-623.826,1042.745,54.55,-304.398,699.583,47.991,-327.346,730.572,53.922,-264.336,727.183,87.724,-363.627,323.227,78.565,-353.205,360.64,90.879,-316.712,312.268,425.514,-487.3,677.37,434.356,-490.661,715.587,424.232,-438.808,680.055,372.977,-569.061,254.583,381.608,-562.011,292.182,374.05,-521.366,244.794,163.213,-452.677,987.97,346.772,-456.721,994.004,151.486,-249.962,563.993,322.541,-482.518,539.716,176.482,-401.142,155.328,278.111,-553.075,107.479,169.252,-335.087,119.124,273.842,-478.195,94.726,98.823,-451.08,1489.72,416.238,-450.426,1471.07,-19.117,-515.542,1209.98,541.4,-422.6,1172.72,-22.829,-491.562,860.953,530.119,-202.014,931.01,246.09,-425.382,1084.82,177.62,-395.226,128.579,38.698,-5.659,-2.15,45.076,4.285,-20.049,4.374,-1.28,10.165,-35.788,5.254,4.423,10.772,3.723,-4.027,5.861,3.721,-15.294,11.444,-1.908,16.361,-37.916,4.623,5.353,-3.681,-2.574,-0.665,-3.681,2.574,0.665,-2.903,21.098,51.611,27.931,-0,0,-5.827,10.107,91.523,8.187,-6.965,5.073,16,23.987,29.54,43.312,0,0,2.209,17.545,81.613,8.187,6.965,-5.073,-73.048,2.4,-13.525,-91.227,4.18,-5.174,14.616,-1.697,1.514,14.616,1.697,-1.514,10.867,1.146,2.638,10.867,-1.146,-2.638,-19.419,7.671,-3.594,-19.419,-7.671,3.594,0,0,0,0,0,0,-0.039,-0.019,1.181,-0.331,-0.043,0.624,-0.331,-0.039,-0.029,0.256,0.051,1.197,-0.042,0.027,0.562,-0.143,0.014,0.005,0,0,0,0,0,0,78.231,-9.499,42.905,6.257,-59.217,-3.534,-11.364,-4.902,-2.688,-40.122,-52.612,-2.42,-31.713,-19.387,-2.38,-2.062,-2.182,-1.944,0,0,-0.064,0,0,0.09,0,0,0.003,0,0,-0.111,0,0,-0.061,0,0,0.001
30.93,255.544,-438.734,989.888,263.626,-261.236,943.241,72.041,-431.649,985.052,252.67,-391.925,1167.504,153.092,-230.915,564.332,146.836,173.758,748.869,-290.902,-247.448,585.537,179.243,-414.817,968.497,177.097,-353.888,145.789,5.241,38.728,20.024,-234.629,-524.321,176.344,155.967,-226.201,573.28,170.568,-285.252,114.599,162.26,-239.028,329.292,-43.456,-335.118,117.054,219.798,-494.239,161.5,170.568,-285.252,114.599,165.526,-233.594,161.125,101.28,-292.806,115.477,176.261,-331.437,166.495,322.571,-479.097,540.09,366.317,-33.174,497.731,-125.027,-433.941,553.209,339.82,-438.245,987.961,277.765,-552.413,107.854,435.532,-152.015,22.069,-128.737,-388.194,126.746,327.105,-479.739,537.799,273.68,-477.601,94.644,289.773,-482.486,315.873,53.353,-457.354,111.119,253.128,-698.489,91.261,273.68,-477.601,94.644,275.898,-435.716,151.728,203.028,-480.01,99.156,278.29,-534.678,136.344,267.809,-367.529,1499.47,276.16,-202.552,1467.872,435.748,-376.39,1497.59,264.3,-398.987,1334.293,-19.432,-504.496,1210.49,-239.58,-657.829,1342.894,147.942,-752.32,1201.787,94.705,-436.827,1478.632,-16.27,-491.56,903.002,-253.924,-651.747,893.819,144.153,-729.086,894.66,-19.216,-503.612,1189.48,-23.497,-485.837,861.139,-66.272,-416.003,878.07,-93.957,-530.466,867.202,-9.398,-497.001,942.807,542.447,-402.17,1173.57,705.11,-676.429,1212.039,789.704,-238.256,1296.667,417.7,-434.898,1467.72,521.507,-217.158,969.274,692.87,-363.163,819.487,729.675,-79.157,1072.911,541.992,-398.147,1169.13,528.405,-174.201,939.241,611.193,-154.065,987.056,478.114,-120.932,1003.884,515.658,-253.589,994.743,282.894,-229.227,1755.85,284.573,-255.7,1764.814,310.592,-228.854,1751.766,279.152,-238.339,1729.64,214.548,-300.054,1758.089,352.416,-301.819,1741.191,205.262,-435.956,1737.769,342.226,-451.221,1713.816,193.185,-400.659,1671.5,349.355,-393.449,1651.888,283.181,-254.198,1755.517,261.142,-498.733,1579.952,260,-524.855,1543.463,254.311,-575.856,1275.672,268.157,-360.662,1498.15,252.503,-321.211,1306.42,366.449,-573.209,1431.575,93.884,-430.359,1545.403,2.542,-455.099,1448.576,-26.119,-458.792,1201.797,-25.175,-449.182,998.649,27.572,-438.573,901.279,-82.74,-508.237,909.027,-32.192,-471.641,864.581,428.795,-431.68,1526.241,520.931,-443.055,1420.797,570.185,-368.237,1189.112,554.579,-244.038,1044.729,507.228,-166.436,1014.831,575.161,-250.831,940.301,542.81,-170.697,947.561,142.37,-356.766,1054.949,373.039,-364.301,1059.662,218.338,-573.597,1112.721,280.362,-581.807,1115.979,72.368,-309.415,769.586,132.67,-282.531,915.243,138.878,-201.904,751.826,102.553,-240.843,578.278,97.633,-292.374,396.731,148.647,-211.649,456.203,164.363,-244.743,357.001,140.338,-373.402,138.618,197.011,-428.111,123.948,159.477,-263.612,115.532,185.682,-217.998,67.607,109.469,-260.144,59.601,158.811,-179.222,58.908,424.051,-456.356,773.127,390.828,-342.484,884.552,348.455,-366.247,671.905,379.621,-483.254,540.489,376.161,-523.292,354.263,325.814,-442.786,422.096,312.799,-460.245,338.083,312.893,-569.58,95.948,262.18,-624.779,73.53,281.329,-457.166,100.393,246.428,-405.671,60.509,331.979,-438.996,49.626,270.44,-357.898,56.742,289.521,-310.027,1405.948,294.158,-313.478,1444.779,241.615,-304.24,1412.703,213.778,-603.357,1044.094,215.435,-600.124,1082.464,263.083,-607.78,1042.095,56.346,-285.715,699.706,49.483,-308.767,730.573,55.985,-245.761,727.536,88.253,-326.983,315.847,79.136,-319.197,353.842,92.314,-279.493,308.326,425.693,-480.666,677.552,434.594,-483.158,715.878,424.396,-432.112,679.249,372.599,-568.164,255.298,381.186,-560.883,292.774,373.938,-520.559,245.097,163.786,-435.596,987.173,347.302,-441.873,992.603,153.092,-230.915,564.332,322.571,-479.097,540.09,177.097,-353.888,145.789,277.765,-552.413,107.854,170.568,-285.252,114.599,273.68,-477.601,94.644,99.02,-434.268,1488.77,416.434,-435.231,1470.71,-19.432,-504.496,1210.49,542.447,-402.17,1173.57,-23.497,-485.837,861.139,528.405,-174.201,939.241,246.564,-409.498,1084.06,178.244,-345.861,119.74,39.101,-5.658,-2.201,41.304,4.716,-19.823,4.552,-1.246,9.844,-35.924,5.195,4.538,9.416,3.496,-3.239,4.76,3.821,-15.802,11.456,-1.945,16.704,-37.747,4.766,5.419,-3.875,-2.284,-0.237,-3.875,2.284,0.237,-4.154,21.098,51.386,28.115,-0,-0,-5.622,10.166,91.829,8.038,-6.9,5.179,16.936,24.237,29.21,44.301,0,0,2.484,17.302,81.837,8.038,6.9,-5.179,-77.351,2.223,-12.945,-90.877,4.178,-5.315,14.715,-1.509,2.211,14.715,1.509,-2.211,10.783,1.196,2.847,10.783,-1.196,-2.847,-19.171,7.681,-3.468,-19.171,-7.681,3.468,0,0,0,0,0,0,-0.072,-0.034,1.292,-0.409,-0.029,0.681,-0.35,-0.03,-0.052,0.301,0.051,1.222,-0.02,0.014,0.57,-0.144,0.011,0.005,0,0,0,0,0,0,130.482,-12.306,33.958,-23.501,-55.632,-4.615,-10.847,-4.848,-3.743,-61.164,-47.396,-2.708,-30.24,-16.484,-2.231,-2.279,-2.056,-1.81,0,0,-0.068,0,0,-0.123,0,0,0,0,0,-0.161,0,0,-0.055,0,0,0.001
30.94,255.982,-422.589,988.36,265.845,-245.254,941.438,72.552,-413.502,984.146,254.235,-375.511,1165.919,154.64,-212.88,563.691,152.129,191.262,749.477,-289.427,-225.819,585.834,180.163,-398.232,967.234,177.882,-306.072,137.235,11.865,97.176,40.652,-236.274,-472.422,154.594,157.583,-210.064,572.975,172.214,-235.227,111.252,164.191,-205.054,328.793,-42.394,-282.559,109.902,218.88,-447.708,142.444,172.214,-235.227,111.252,167.647,-186.99,161.362,102.831,-241.913,111.364,177.098,-285.099,159.705,322.672,-475.375,540.379,365.81,-30.571,487.054,-124.966,-430.457,552.933,340.401,-423.54,987.094,277.424,-551.733,108.282,438.384,-153.254,19.541,-127.765,-384.155,125.832,327.249,-476.232,537.683,273.482,-477.007,94.551,289.612,-480.382,315.806,53.198,-456.214,110.927,252.497,-697.873,92.712,273.482,-477.007,94.551,275.628,-434.941,151.504,202.822,-479.369,98.959,277.999,-533.952,136.441,268.212,-351.638,1498.47,277.156,-186.643,1467.131,436.117,-361.107,1496.537,264.551,-382.822,1333.244,-19.842,-493.348,1210.7,-238.273,-646.126,1346.544,149.441,-739.972,1205.534,94.778,-420.255,1477.208,-16.924,-484.899,903.014,-253.336,-647.035,896.319,145.328,-721.276,898.062,-19.642,-492.77,1189.64,-24.228,-479.644,861.079,-67.53,-409.978,877.351,-94.338,-524.753,867.639,-9.986,-489.889,942.843,543.476,-381.896,1174.15,705.415,-657.176,1208.117,790.726,-220.803,1300.932,417.776,-419.671,1467.288,520.566,-190.8,976.014,691.693,-331.261,820.756,728.728,-55.174,1082.753,542.993,-377.87,1169.974,526.746,-146.886,947.389,609.587,-127.29,995.335,476.229,-96.347,1014.017,515.308,-228.171,1000.373,283.329,-214.434,1755.43,284.946,-240.946,1764.29,311.03,-214.104,1751.361,279.581,-223.434,1729.182,214.684,-285.074,1757.326,352.626,-286.972,1740.566,205.309,-420.907,1736.461,342.261,-436.271,1712.544,193.32,-385.335,1670.348,349.477,-378.301,1650.908,283.563,-239.404,1754.996,260.882,-483.115,1578.627,259.835,-509.068,1542.053,253.902,-559.609,1274.264,268.584,-344.771,1497.167,253.476,-305.018,1305.363,366.368,-557.687,1430.286,93.951,-413.588,1544.04,2.189,-439.283,1447.789,-27.146,-447.867,1201.372,-26.282,-441.267,998.064,26.473,-431.603,900.643,-83.245,-502.013,909.165,-33.031,-465.482,864.387,428.863,-416.612,1525.544,521.311,-427.225,1420.507,571.5,-348.567,1190.46,554.321,-219.957,1050.362,506.014,-141.86,1023.378,574.402,-222.917,945.672,541.16,-143.476,955.732,143.99,-339.325,1053.693,374.67,-349.069,1057.555,217.721,-557.06,1111.598,279.478,-565.821,1114.543,73.598,-291.561,769.068,134.7,-265.233,914.694,140.983,-184.537,751.359,104.14,-222.175,577.273,98.632,-262.254,391.979,150.818,-186.839,456.858,166.189,-212.677,356.078,140.897,-324.338,128.837,196.949,-378.571,110.456,161.373,-213.535,113.78,188.367,-164.926,69.337,111.706,-205.365,58.102,162.049,-125.285,63.421,424.471,-446.932,772.479,391.103,-330.1,881.661,348.56,-359.13,669.418,379.733,-479.677,540.582,376.03,-521.511,354.667,326.225,-440.065,421.629,313.213,-458.231,337.899,312.359,-569.267,96.339,261.815,-624.404,73.925,281.163,-456.794,100.177,246.334,-405.388,60.055,331.907,-438.893,49.527,270.384,-357.694,56.075,290.182,-294.129,1404.982,294.715,-297.642,1443.84,242.216,-288.121,1411.717,212.621,-586.782,1043.119,214.348,-583.467,1081.469,262.028,-591.581,1041.064,58.336,-268.174,698.914,51.186,-291.235,729.754,58.097,-228.237,726.827,88.853,-290.415,308.824,79.792,-285.371,347.219,93.802,-242.591,304.86,425.912,-473.823,677.605,434.856,-475.435,716.004,424.652,-425.228,678.292,372.187,-567.038,256.002,380.793,-559.494,293.367,373.773,-519.527,245.372,164.255,-418.45,985.956,347.709,-426.729,990.763,154.64,-212.88,563.691,322.672,-475.375,540.379,177.882,-306.072,137.235,277.424,-551.733,108.282,172.214,-235.227,111.252,273.482,-477.007,94.551,99.164,-417.458,1487.41,416.623,-420.017,1469.97,-19.842,-493.348,1210.7,543.476,-381.896,1174.15,-24.228,-479.644,861.079,526.746,-146.886,947.389,246.973,-393.548,1082.95,179.161,-296.053,112.118,39.346,-5.665,-2.361,37.255,5.03,-19.593,4.598,-1.232,9.712,-36.103,5.151,4.669,8.074,3.234,-2.532,3.735,3.926,-16.289,11.47,-1.981,17.047,-37.542,4.893,5.451,-4.063,-2.008,0.125,-4.063,2.008,-0.125,-5.398,21.105,51.156,28.347,0,0,-5.483,10.398,91.811,7.905,-6.837,5.273,17.834,24.488,28.858,45.286,-0,0,2.8,17.058,82.148,7.905,6.837,-5.273,-81.649,2.141,-12.26,-90.477,4.188,-5.427,14.803,-1.314,2.836,14.803,1.314,-2.836,10.688,1.247,3.049,10.688,-1.247,-3.049,-18.926,7.693,-3.341,-18.926,-7.693,3.341,0,0,0,0,0,0,-0.108,-0.066,1.406,-0.494,-0.019,0.739,-0.363,-0.019,-0.081,0.338,0.049,1.261,0.004,0.004,0.58,-0.146,0.007,0.005,0,0,0,0,0,0,195.326,-26.107,24.189,-63.1,-52.597,-5.033,-9.122,-4.716,-4.158,-83.413,-42.043,-2.642,-28.097,-12.993,-1.862,-2.782,-1.929,-1.431,0,0,-0.047,0,0,-0.434,0,0,-0,0,0,-0.212,0,0,-0.047,0,0,0.001
30.95,256.298,-406.252,986.421,267.705,-229.069,939.274,72.951,-395.394,982.868,255.658,-358.976,1163.935,156.145,-195.822,562.091,155.883,208.182,748.194,-287.949,-206.594,584.852,181.325,-381.613,965.453,178.831,-257.919,129.978,17.619,153.394,64.168,-237.251,-420.255,134.634,159.2,-194.933,571.732,174.188,-185.264,109.339,166.13,-171.268,328.515,-41.046,-229.392,104.244,217.872,-400.103,124.664,174.188,-185.264,109.339,170.069,-140.67,162.753,104.713,-190.875,108.666,178.057,-238.542,154.118,322.858,-471.242,540.566,365.583,-27.811,476.544,-124.801,-426.38,552.543,341.041,-408.699,985.889,277.087,-551.016,108.76,441.038,-154.527,16.648,-126.835,-380.26,124.823,327.443,-472.232,537.509,273.257,-476.393,94.453,289.442,-478.081,315.723,53.01,-455.132,110.725,251.929,-697.234,94.328,273.257,-476.393,94.453,275.349,-434.122,151.257,202.589,-478.696,98.769,277.679,-533.189,136.555,268.571,-335.677,1497.1,278.089,-170.658,1466.058,436.442,-345.731,1495.126,264.778,-366.55,1331.818,-20.348,-482.043,1210.65,-237.063,-634.183,1349.916,150.777,-727.44,1208.859,94.794,-403.682,1475.43,-17.562,-477.854,902.785,-252.756,-641.832,898.425,146.454,-713.055,901.069,-20.157,-481.755,1189.494,-25.038,-472.97,860.767,-69.155,-403.73,876.665,-94.573,-518.889,867.801,-10.484,-482.479,942.565,544.489,-361.802,1174.43,705.589,-638.082,1203.984,791.802,-203.653,1304.747,417.837,-404.41,1466.494,519.685,-164.927,982.583,690.492,-299.793,822.099,727.9,-31.78,1092.298,543.986,-357.805,1170.536,525.168,-120.095,955.423,607.997,-101.035,1003.605,474.36,-72.398,1023.899,515.004,-203.205,1005.772,283.7,-199.534,1754.62,285.255,-226.083,1763.38,311.404,-199.248,1750.568,279.948,-208.426,1728.336,214.791,-269.993,1756.191,352.805,-272.05,1739.549,205.306,-405.758,1734.79,342.249,-421.248,1710.896,193.407,-369.917,1668.829,349.53,-363.081,1649.563,283.881,-224.503,1754.093,260.6,-467.423,1576.923,259.644,-493.22,1540.275,253.499,-543.246,1272.458,268.967,-328.809,1495.809,254.464,-288.7,1303.902,366.129,-542.14,1428.574,93.957,-396.837,1542.29,1.815,-423.523,1446.661,-28.27,-436.796,1200.697,-27.585,-433.108,997.27,25.146,-424.046,899.841,-83.665,-495.733,909.01,-34.007,-458.894,863.999,428.901,-401.511,1524.485,521.647,-411.496,1419.806,572.801,-329.091,1191.484,554.078,-196.275,1055.797,504.802,-117.818,1031.664,573.736,-195.429,951,539.58,-116.779,963.807,145.29,-321.802,1052.048,376.14,-333.595,1055.063,217.279,-540.39,1110.024,278.654,-549.659,1112.662,74.95,-274.588,767.687,136.466,-248.084,913.257,142.897,-167.848,749.712,105.647,-204.536,575.485,99.715,-232.714,387.355,152.899,-162.891,457.205,168.013,-181.258,355.441,141.673,-274.918,120.476,197.086,-328.478,98.453,163.652,-163.744,113.477,191.608,-112.515,72.76,114.502,-150.826,58.341,165.919,-72.167,69.663,425.026,-437.302,771.637,391.425,-317.592,878.498,348.847,-351.776,666.787,379.866,-475.677,540.628,375.919,-519.395,355.041,326.672,-436.997,421.098,313.612,-455.909,337.654,311.845,-568.928,96.801,261.341,-623.974,74.409,280.962,-456.373,99.941,246.214,-405.08,59.575,331.806,-438.787,49.407,270.325,-357.45,55.337,290.838,-278.142,1403.625,295.282,-281.715,1442.512,242.809,-271.922,1410.36,211.672,-570.1,1041.716,213.412,-566.716,1080.047,261.182,-575.227,1039.647,60.437,-251.775,697.241,53.037,-274.742,728.151,60.196,-211.753,725.08,89.55,-254.119,302.372,80.547,-251.883,340.979,95.314,-206.212,302.034,426.173,-466.719,677.528,435.139,-467.452,715.955,425.016,-418.108,677.175,371.73,-565.658,256.693,380.435,-557.812,293.974,373.576,-518.245,245.62,164.608,-401.228,984.348,347.989,-411.277,988.493,156.145,-195.822,562.091,322.858,-471.242,540.566,178.831,-257.919,129.978,277.087,-551.016,108.76,174.188,-185.264,109.339,273.257,-476.393,94.453,99.246,-400.652,1485.66,416.802,-404.759,1468.88,-20.348,-482.043,1210.65,544.489,-361.802,1174.43,-25.038,-472.97,860.767,525.168,-120.095,955.423,247.321,-377.526,1081.5,180.369,-246.111,105.965,39.434,-5.666,-2.66,32.968,5.225,-19.384,4.518,-1.245,9.838,-36.303,5.087,4.831,6.751,2.937,-1.937,2.804,4.028,-16.729,11.502,-2.018,17.389,-37.312,4.995,5.464,-4.243,-1.731,0.421,-4.243,1.731,-0.421,-6.628,21.132,50.944,28.614,0,0,-5.409,10.776,91.5,7.793,-6.778,5.357,18.682,24.733,28.486,46.271,0,-0,3.157,16.85,82.536,7.793,6.778,-5.357,-85.92,2.144,-11.465,-90.032,4.203,-5.516,14.874,-1.108,3.389,14.874,1.108,-3.389,10.58,1.292,3.245,10.58,-1.292,-3.245,-18.691,7.701,-3.213,-18.691,-7.701,3.213,0,0,0,0,0,0,-0.146,-0.113,1.517,-0.582,-0.011,0.794,-0.369,-0.006,-0.117,0.363,0.047,1.312,0.027,-0.002,0.592,-0.148,0.004,0.005,0,0,0,0,0,0,271.885,-52.704,13.776,-113.784,-50.512,-4.616,-5.89,-4.51,-3.741,-104.099,-36.944,-2.347,-25.943,-9.14,-1.366,-3.431,-1.802,-0.908,0,0,0.003,0,0,-0.854,0,0,0.001,0,0,-0.256,0,0,-0.039,0,0,0.001
30.96,256.52,-389.716,984.107,269.251,-212.666,936.801,73.259,-377.307,981.231,256.943,-342.325,1161.591,157.624,-179.696,559.579,158.14,224.551,745.152,-286.478,-189.671,582.543,182.655,-365.001,963.174,179.946,-209.759,124.297,22.077,206.677,90.275,-237.44,-368.602,116.782,160.84,-180.623,569.589,176.473,-135.719,109.057,168.09,-137.769,328.658,-39.401,-176.004,100.44,216.808,-351.755,108.58,176.473,-135.719,109.057,172.734,-94.968,165.484,106.92,-140.064,107.587,179.131,-192.103,149.953,323.131,-466.577,540.632,365.879,-24.766,466.265,-124.508,-421.354,551.987,341.751,-393.688,984.361,276.757,-550.237,109.287,443.546,-155.841,13.361,-125.932,-376.447,123.651,327.657,-467.67,537.259,273.021,-475.731,94.359,289.227,-475.597,315.635,52.803,-454.056,110.475,251.414,-696.538,96.075,273.021,-475.731,94.359,275.088,-433.226,150.99,202.346,-477.957,98.609,277.35,-532.355,136.702,268.88,-319.645,1495.38,278.958,-154.596,1464.675,436.716,-330.26,1493.408,265.007,-350.169,1330.035,-20.944,-470.53,1210.3,-235.987,-621.933,1352.921,151.915,-714.711,1211.72,94.74,-387.106,1473.291,-18.208,-470.383,902.316,-252.233,-636.068,900.157,147.472,-704.418,903.676,-20.756,-470.52,1189.052,-25.935,-465.801,860.206,-71.083,-397.196,875.956,-94.707,-512.782,867.713,-10.927,-474.701,941.991,545.497,-341.915,1174.43,705.648,-619.167,1199.738,792.914,-186.792,1308.142,417.85,-389.092,1465.356,518.869,-139.576,988.962,689.301,-268.799,823.514,727.172,-8.977,1101.535,544.979,-337.98,1170.822,523.7,-93.858,963.31,606.463,-75.38,1011.831,472.559,-49.078,1033.487,514.734,-178.704,1010.916,283.992,-184.51,1753.44,285.484,-211.093,1762.107,311.699,-184.269,1749.41,280.241,-193.301,1727.122,214.842,-254.784,1754.699,352.941,-257.039,1738.156,205.233,-390.494,1732.781,342.16,-406.14,1708.901,193.432,-354.394,1666.967,349.523,-347.782,1647.877,284.12,-209.477,1752.823,260.294,-451.656,1574.865,259.41,-477.31,1538.152,253.134,-526.761,1270.271,269.299,-312.775,1494.099,255.46,-272.259,1302.077,365.746,-526.556,1426.474,93.893,-380.105,1540.18,1.422,-407.807,1445.208,-29.464,-425.524,1199.773,-29.045,-424.651,996.266,23.617,-415.908,898.85,-84.027,-489.286,908.587,-35.113,-451.854,863.408,428.893,-386.352,1523.079,521.938,-395.841,1418.716,574.096,-309.833,1192.183,553.856,-173.024,1061.012,503.613,-94.335,1039.656,573.16,-168.423,956.249,538.101,-90.643,971.753,146.298,-304.193,1050.058,377.462,-317.89,1052.221,217.005,-523.588,1108.002,277.899,-533.32,1110.362,76.386,-258.513,765.474,137.916,-231.063,910.942,144.608,-151.853,746.912,107.095,-187.845,572.981,100.904,-203.858,383.011,154.858,-139.751,457.331,169.809,-150.577,355.186,142.681,-225.542,113.748,197.429,-278.247,88.151,166.291,-114.621,114.777,195.365,-61.166,78,117.843,-96.948,60.461,170.389,-20.275,77.74,425.716,-427.427,770.606,391.86,-304.943,875.089,349.382,-344.104,664.037,380.018,-471.163,540.611,375.809,-516.899,355.376,327.13,-433.522,420.49,313.995,-453.232,337.332,311.352,-568.545,97.337,260.772,-623.498,75.006,280.742,-455.903,99.704,246.081,-404.75,59.088,331.68,-438.684,49.273,270.26,-357.161,54.536,291.477,-262.056,1401.911,295.857,-265.691,1440.826,243.4,-255.646,1408.658,210.915,-553.305,1039.895,212.617,-549.864,1078.212,260.527,-558.718,1037.851,62.517,-236.455,694.766,54.933,-259.225,725.842,62.198,-196.245,722.373,90.382,-218.332,296.676,81.424,-218.924,335.311,96.831,-170.588,299.966,426.474,-459.291,677.318,435.434,-459.159,715.726,425.488,-410.692,675.897,371.23,-563.996,257.382,380.106,-555.803,294.608,373.368,-516.692,245.844,164.868,-383.916,982.373,348.172,-395.517,985.84,157.624,-179.696,559.579,323.131,-466.577,540.632,179.946,-209.759,124.297,276.757,-550.237,109.287,176.473,-135.719,109.057,273.021,-475.731,94.359,99.256,-383.849,1483.56,416.939,-389.429,1467.43,-20.944,-470.53,1210.3,545.497,-341.915,1174.43,-25.935,-465.801,860.206,523.7,-93.858,963.31,247.629,-361.427,1079.76,181.86,-196.434,101.464,39.372,-5.652,-3.093,28.504,5.32,-19.236,4.321,-1.29,10.26,-36.487,4.965,5.038,5.453,2.623,-1.483,1.986,4.121,-17.098,11.568,-2.054,17.729,-37.076,5.056,5.471,-4.413,-1.451,0.65,-4.413,1.451,-0.65,-7.836,21.183,50.754,28.902,-0,-0,-5.402,11.256,90.947,7.709,-6.727,5.432,19.471,24.967,28.104,47.266,-0,0,3.534,16.695,82.974,7.709,6.727,-5.432,-90.127,2.224,-10.575,-89.555,4.209,-5.589,14.924,-0.897,3.874,14.924,0.897,-3.874,10.459,1.32,3.436,10.459,-1.32,-3.436,-18.47,7.699,-3.081,-18.47,-7.699,3.081,0,0,0,0,0,0,-0.184,-0.168,1.619,-0.669,-0.007,0.847,-0.368,0.009,-0.161,0.374,0.042,1.371,0.047,-0.005,0.604,-0.15,0,0.005,0,0,0,0,0,0,357.646,-92.328,2.74,-175.591,-49.535,-3.388,-1.123,-4.242,-2.493,-120.598,-32.534,-1.947,-24.553,-5.474,-0.821,-4.009,-1.678,-0.336,0,0,0.088,0,0,-1.376,0,0,0.002,0,0,-0.287,0,0,-0.032,0,0,0.001
30.97,256.674,-372.984,981.449,270.536,-196.042,934.055,73.5,-359.219,979.263,258.119,-325.562,1158.92,159.09,-164.44,556.23,159.239,240.39,740.527,-285.019,-174.628,578.968,184.006,-348.456,960.421,181.24,-162.046,120.394,24.994,256.382,118.378,-236.774,-318.23,101.165,162.521,-166.886,566.628,179.04,-87.056,110.501,170.069,-104.709,329.377,-37.453,-122.989,98.73,215.772,-303.148,94.577,179.04,-87.056,110.501,175.571,-50.315,169.635,109.434,-89.986,108.238,180.333,-146.219,147.335,323.479,-461.267,540.564,366.855,-21.301,456.281,-124.082,-415.104,551.207,342.528,-378.478,982.535,276.444,-549.375,109.865,445.946,-157.208,9.653,-125.046,-372.681,122.241,327.855,-462.47,536.916,272.795,-474.999,94.283,288.93,-472.942,315.554,52.596,-452.94,110.135,250.942,-695.758,97.929,272.795,-474.999,94.283,274.875,-432.224,150.708,202.116,-477.126,98.501,277.036,-531.423,136.901,269.132,-303.538,1493.33,279.775,-138.454,1463.006,436.933,-314.705,1491.431,265.254,-333.673,1327.914,-21.615,-458.761,1209.68,-235.038,-609.352,1355.556,152.875,-701.743,1214.132,94.619,-370.505,1470.845,-18.881,-462.442,901.604,-251.794,-629.7,901.536,148.358,-695.33,905.871,-21.425,-459.016,1188.319,-26.921,-458.118,859.398,-73.245,-390.306,875.17,-94.78,-506.331,867.386,-11.35,-466.491,941.133,546.504,-322.256,1174.15,705.587,-600.459,1195.424,794.067,-170.221,1311.099,417.81,-373.69,1463.89,518.132,-114.782,995.106,688.139,-238.355,824.97,726.557,13.217,1110.405,545.977,-318.411,1170.829,522.369,-68.206,971.011,605.023,-50.399,1019.968,470.872,-26.41,1042.751,514.501,-154.701,1015.756,284.188,-169.35,1751.91,285.617,-195.965,1760.489,311.9,-169.153,1747.907,280.444,-178.045,1725.559,214.812,-239.425,1752.872,353.023,-241.921,1736.413,205.072,-375.103,1730.469,341.967,-390.933,1706.604,193.379,-338.757,1664.789,349.463,-332.395,1645.878,284.265,-194.315,1751.207,259.959,-435.813,1572.486,259.111,-461.336,1535.71,252.829,-510.155,1267.734,269.575,-296.667,1492.067,256.458,-255.694,1299.933,365.235,-510.918,1424.027,93.755,-363.379,1537.742,1.013,-392.114,1443.45,-30.703,-413.999,1198.599,-30.622,-415.84,995.047,21.914,-407.199,897.651,-84.358,-482.554,907.919,-36.338,-444.333,862.604,428.822,-371.11,1521.345,522.178,-380.225,1417.276,575.39,-290.811,1192.562,553.667,-150.236,1065.981,502.477,-71.428,1047.319,572.677,-141.959,961.383,536.751,-65.107,979.53,147.066,-286.494,1047.763,378.663,-301.969,1049.067,216.883,-506.66,1105.552,277.231,-516.806,1107.682,77.831,-243.294,762.506,139.024,-214.143,907.769,146.134,-136.561,743.027,108.511,-171.969,569.859,102.221,-175.785,379.068,156.676,-117.358,457.327,171.559,-120.729,355.371,143.94,-176.709,108.769,198.006,-228.384,79.673,169.242,-66.623,117.717,199.547,-11.338,85.052,121.662,-44.247,64.481,175.355,29.925,87.62,426.523,-417.262,769.395,392.452,-292.121,871.473,350.193,-336.028,661.196,380.183,-466.044,540.513,375.68,-513.969,355.673,327.57,-429.58,419.787,314.359,-450.156,336.92,310.887,-568.1,97.955,260.136,-622.986,75.748,280.525,-455.385,99.483,245.953,-404.402,58.61,331.536,-438.585,49.13,270.183,-356.826,53.686,292.089,-245.865,1399.884,296.428,-249.568,1438.824,243.989,-239.293,1406.642,210.328,-536.392,1037.688,211.963,-532.899,1075.995,260.044,-542.059,1035.699,64.411,-222.074,691.609,56.727,-244.545,722.937,64.008,-181.581,718.833,91.385,-183.32,291.863,82.455,-186.707,330.352,98.344,-135.967,298.711,426.801,-451.466,676.976,435.732,-450.502,715.32,426.059,-402.911,674.467,370.705,-562.02,258.095,379.8,-553.434,295.287,373.162,-514.84,246.055,165.062,-366.506,980.06,348.286,-379.462,982.837,159.09,-164.44,556.23,323.479,-461.267,540.564,181.24,-162.046,120.394,276.444,-549.375,109.865,179.04,-87.056,110.501,272.795,-474.999,94.283,99.19,-367.034,1481.12,417.022,-374.005,1465.66,-21.615,-458.761,1209.68,546.504,-322.256,1174.15,-26.921,-458.118,859.398,522.369,-68.206,971.011,247.922,-345.254,1077.75,183.624,-147.503,98.695,39.175,-5.605,-3.625,23.943,5.346,-19.209,4.015,-1.367,10.983,-36.602,4.758,5.29,4.188,2.299,-1.183,1.301,4.197,-17.377,11.688,-2.09,18.063,-36.85,5.061,5.488,-4.572,-1.157,0.817,-4.572,1.157,-0.817,-9.018,21.264,50.582,29.199,-0,0,-5.456,11.798,90.211,7.651,-6.692,5.507,20.194,25.182,27.718,48.274,0,0,3.937,16.611,83.449,7.651,6.692,-5.507,-94.214,2.373,-9.622,-89.054,4.191,-5.652,14.952,-0.682,4.297,14.952,0.682,-4.297,10.325,1.321,3.629,10.325,-1.321,-3.629,-18.262,7.685,-2.951,-18.262,-7.685,2.951,0,0,0,0,0,0,-0.218,-0.223,1.706,-0.748,-0.005,0.896,-0.361,0.027,-0.21,0.372,0.036,1.437,0.065,-0.006,0.617,-0.151,-0.004,0.004,0,0,0,0,0,0,447.809,-141.931,-8.799,-246.695,-49.655,-1.467,4.894,-3.928,-0.503,-131.28,-29.088,-1.586,-24.415,-2.601,-0.316,-4.299,-1.558,0.181,0,0,0.206,0,0,-1.96,0,0,0.004,0,0,-0.301,0,0,-0.026,0,0,0.001
30.98,256.787,-356.066,978.491,271.616,-179.207,931.08,73.7,-341.113,977.008,259.218,-308.694,1155.964,160.548,-149.97,552.153,159.825,255.716,734.559,-283.577,-160.721,574.302,185.158,-332.06,957.234,182.733,-115.35,118.341,26.343,302.006,147.583,-235.237,-269.826,87.733,164.246,-153.431,562.984,181.846,-39.831,113.614,172.042,-72.294,330.752,-35.203,-71.117,99.136,214.896,-254.927,82.948,181.846,-39.831,113.614,178.491,-7.229,175.132,112.223,-41.272,110.581,181.699,-101.424,146.248,323.883,-455.212,540.349,368.581,-17.287,446.652,-123.529,-407.449,550.146,343.359,-363.04,980.44,276.158,-548.414,110.505,448.244,-158.632,5.505,-124.174,-368.966,120.542,328.011,-456.561,536.466,272.605,-474.18,94.238,288.532,-470.112,315.496,52.415,-451.74,109.676,250.51,-694.873,99.886,272.605,-474.18,94.238,274.746,-431.092,150.423,201.923,-476.183,98.467,276.766,-530.37,137.171,269.323,-287.353,1490.99,280.541,-122.231,1461.084,437.089,-299.066,1489.249,265.531,-317.068,1325.496,-22.348,-446.686,1208.78,-234.233,-596.406,1357.762,153.657,-688.504,1216.081,94.417,-353.87,1468.122,-19.601,-453.988,900.65,-251.463,-622.689,902.581,149.092,-685.758,907.647,-22.157,-447.194,1187.305,-27.999,-449.905,858.348,-75.569,-382.992,874.252,-94.838,-499.44,866.836,-11.787,-457.788,940.007,547.509,-302.846,1173.6,705.39,-581.996,1191.093,795.255,-153.951,1313.633,417.692,-358.187,1462.117,517.493,-90.573,1000.99,687.033,-208.52,826.452,726.073,34.784,1118.885,546.983,-299.123,1170.566,521.201,-43.173,978.487,603.721,-26.146,1027.945,469.349,-4.383,1051.646,514.314,-131.212,1020.286,284.28,-154.046,1750.05,285.646,-180.689,1758.551,311.997,-153.892,1746.079,280.548,-162.654,1723.669,214.683,-223.902,1750.737,353.037,-226.679,1734.357,204.802,-359.574,1727.893,341.65,-375.613,1704.053,193.235,-322.998,1662.331,349.353,-316.911,1643.603,284.308,-179.009,1749.279,259.585,-419.891,1569.825,258.731,-445.296,1532.987,252.589,-493.437,1264.888,269.79,-280.48,1489.748,257.447,-239.008,1297.525,364.613,-495.214,1421.276,93.542,-346.643,1535.017,0.593,-376.412,1441.407,-31.964,-402.167,1197.175,-32.278,-406.621,993.613,20.066,-397.929,896.229,-84.683,-475.418,907.023,-37.669,-436.302,861.581,428.678,-355.765,1519.315,522.353,-364.615,1415.527,576.682,-272.043,1192.634,553.524,-127.94,1070.679,501.433,-49.112,1054.623,572.291,-116.089,966.365,535.559,-40.21,987.093,147.656,-268.701,1045.202,379.771,-285.851,1045.648,216.886,-489.619,1102.713,276.675,-500.124,1104.673,79.172,-228.814,758.898,139.792,-197.297,903.783,147.523,-121.958,738.181,109.916,-156.726,566.251,103.678,-148.578,375.601,158.361,-95.649,457.277,173.257,-91.808,355.999,145.472,-128.996,105.537,198.867,-179.469,73.04,172.436,-20.261,122.183,204.014,36.484,93.742,125.844,6.684,70.263,180.639,77.938,99.09,427.41,-406.755,768.023,393.226,-279.085,867.704,351.264,-327.46,658.292,380.358,-460.236,540.32,375.525,-510.553,355.939,327.973,-425.109,418.975,314.703,-446.647,336.409,310.462,-567.574,98.675,259.481,-622.445,76.673,280.338,-454.822,99.301,245.848,-404.034,58.154,331.386,-438.49,48.985,270.096,-356.449,52.803,292.676,-229.565,1397.597,296.983,-233.343,1436.553,244.574,-222.867,1404.345,209.887,-519.357,1035.147,211.453,-515.809,1073.445,259.718,-525.259,1033.234,65.946,-208.41,687.915,58.257,-230.497,719.56,65.524,-167.566,714.627,92.593,-149.354,287.986,83.673,-155.447,326.171,99.861,-102.587,298.244,427.139,-443.167,676.504,436.028,-441.414,714.748,426.708,-394.691,672.904,370.187,-559.693,258.866,379.515,-550.67,296.033,372.972,-512.666,246.27,165.215,-348.993,977.454,348.36,-363.139,979.528,160.548,-149.97,552.153,323.883,-455.212,540.349,182.733,-115.35,118.341,276.158,-548.414,110.505,181.846,-39.831,113.614,272.605,-474.18,94.238,99.041,-350.193,1478.4,417.032,-358.469,1463.58,-22.348,-446.686,1208.78,547.509,-302.846,1173.6,-27.999,-449.905,858.348,521.201,-43.173,978.487,248.221,-329.018,1075.52,185.651,-99.865,97.611,38.871,-5.498,-4.18,19.389,5.334,-19.373,3.615,-1.472,11.966,-36.584,4.448,5.568,2.966,1.969,-1.038,0.765,4.251,-17.555,11.874,-2.125,18.381,-36.646,4.998,5.529,-4.719,-0.845,0.925,-4.719,0.845,-0.925,-10.165,21.375,50.422,29.49,0,0,-5.565,12.361,89.352,7.62,-6.676,5.585,20.847,25.374,27.331,49.296,-0,0,4.351,16.594,83.941,7.62,6.676,-5.585,-98.114,2.586,-8.649,-88.534,4.137,-5.715,14.957,-0.463,4.669,14.957,0.463,-4.669,10.18,1.292,3.826,10.18,-1.292,-3.826,-18.072,7.659,-2.822,-18.072,-7.659,2.822,0,0,0,0,0,0,-0.245,-0.272,1.775,-0.814,-0.005,0.936,-0.349,0.048,-0.265,0.359,0.028,1.506,0.079,-0.004,0.63,-0.153,-0.007,0.002,0,0,0,0,0,0,535.571,-194.844,-20.329,-323.096,-50.95,1.006,11.546,-3.587,2.12,-135.918,-26.716,-1.381,-25.564,-0.776,0.073,-4.208,-1.447,0.559,0,0,0.349,0,0,-2.532,0,0,0.005,0,0,-0.299,0,0,-0.02,0,0,0.001
30.99,256.899,-338.98,975.287,272.564,-162.183,927.914,73.896,-322.978,974.495,260.264,-291.72,1152.775,161.986,-136.163,547.495,160.754,270.569,727.552,-282.178,-146.952,568.828,185.861,-315.901,953.669,184.455,-70.32,118.038,26.379,343.277,176.76,-232.882,-223.9,76.303,166,-139.958,558.843,184.845,5.351,118.166,173.989,-40.803,332.761,-32.663,-21.276,101.436,214.359,-207.862,73.803,184.845,5.351,118.166,181.417,33.757,181.727,115.242,5.369,114.404,183.295,-58.303,146.53,324.316,-448.334,539.989,371.005,-12.609,437.429,-122.874,-398.344,548.792,344.23,-347.342,978.12,275.921,-547.344,111.229,450.41,-160.109,0.908,-123.325,-365.361,118.537,328.12,-449.879,535.898,272.476,-473.266,94.244,288.032,-467.09,315.48,52.285,-450.443,109.09,250.131,-693.871,101.974,272.476,-473.266,94.244,274.732,-429.813,150.143,201.793,-475.12,98.538,276.573,-529.179,137.544,269.448,-271.081,1488.42,281.259,-105.921,1458.957,437.177,-283.341,1486.928,265.835,-300.36,1322.845,-23.126,-434.259,1207.6,-233.569,-583.073,1359.505,154.271,-674.962,1217.554,94.138,-337.185,1465.151,-20.386,-444.982,899.454,-251.27,-614.986,903.317,149.643,-675.683,908.994,-22.934,-435.01,1186.016,-29.168,-441.142,857.066,-77.991,-375.183,873.157,-94.924,-492.014,866.081,-12.268,-448.532,938.632,548.5,-283.702,1172.8,705.012,-563.82,1186.764,796.497,-138.012,1315.731,417.508,-342.571,1460.086,516.969,-66.975,1006.6,685.977,-179.391,827.945,725.759,55.683,1126.935,547.981,-280.133,1170.064,520.216,-18.794,985.695,602.595,-2.661,1035.685,468.035,17.012,1060.13,514.186,-108.254,1024.502,284.266,-138.59,1747.92,285.568,-165.259,1756.35,311.988,-138.48,1743.986,280.552,-147.119,1721.51,214.444,-208.209,1748.327,352.971,-211.297,1732.036,204.409,-343.896,1725.097,341.203,-360.167,1701.303,192.983,-307.108,1659.633,349.178,-301.317,1641.093,284.246,-163.551,1747.077,259.163,-403.887,1566.93,258.262,-429.187,1530.028,252.41,-476.621,1261.79,269.94,-264.207,1487.187,258.415,-222.201,1294.905,363.892,-479.429,1418.269,93.255,-329.877,1532.05,0.164,-360.663,1439.098,-33.218,-389.977,1195.504,-33.98,-396.94,991.964,18.102,-388.106,894.571,-85.032,-467.766,905.918,-39.093,-427.733,860.337,428.461,-340.303,1517.033,522.453,-348.98,1413.52,577.965,-253.546,1192.415,553.443,-106.162,1075.08,500.519,-27.394,1061.54,572.01,-90.864,971.156,534.55,-15.987,994.393,148.13,-250.809,1042.41,380.814,-269.554,1042.016,216.983,-472.48,1099.55,276.252,-483.28,1101.392,80.268,-214.874,754.806,140.262,-180.497,899.062,148.84,-107.984,732.563,111.324,-141.892,562.315,105.282,-122.303,372.629,159.945,-74.57,457.24,174.92,-63.914,357.006,147.305,-83.028,103.912,200.084,-132.132,68.153,175.795,23.934,127.903,208.595,81.82,103.715,130.24,55.215,77.495,186.011,123.281,111.741,428.332,-395.847,766.512,394.184,-265.786,863.838,352.538,-318.316,655.351,380.541,-453.668,540.024,375.356,-506.6,356.191,328.329,-420.059,418.045,315.027,-442.67,335.795,310.098,-566.952,99.522,258.87,-621.876,77.823,280.206,-454.209,99.178,245.779,-403.644,57.731,331.241,-438.395,48.843,270.004,-356.039,51.91,293.242,-213.153,1395.103,297.51,-217.015,1434.068,245.154,-206.368,1401.806,209.569,-502.198,1032.342,211.09,-498.584,1070.634,259.528,-508.328,1030.509,66.982,-195.173,683.845,59.374,-216.811,715.846,66.656,-153.939,709.953,94.036,-116.695,285.007,85.108,-125.341,322.755,101.409,-70.664,298.451,427.468,-434.313,675.907,436.319,-431.824,714.034,427.409,-385.947,671.233,369.717,-556.978,259.732,379.257,-547.472,296.866,372.814,-510.139,246.514,165.365,-331.382,974.596,348.433,-346.577,975.978,161.986,-136.163,547.495,324.316,-448.334,539.989,184.455,-70.32,118.038,275.921,-547.344,111.229,184.845,5.351,118.166,272.476,-473.266,94.244,98.818,-333.31,1475.43,416.973,-342.811,1461.26,-23.126,-434.259,1207.6,548.5,-283.702,1172.8,-29.168,-441.142,857.066,520.216,-18.794,985.695,248.547,-312.732,1073.09,187.939,-54.099,98.028,38.497,-5.313,-4.647,14.96,5.3,-19.797,3.15,-1.596,13.118,-36.391,4.042,5.836,1.795,1.646,-1.033,0.393,4.278,-17.628,12.132,-2.156,18.671,-36.472,4.859,5.607,-4.857,-0.519,0.984,-4.857,0.519,-0.984,-11.265,21.511,50.273,29.76,0,0,-5.723,12.907,88.426,7.613,-6.682,5.663,21.428,25.538,26.938,50.325,0,0,4.77,16.633,84.437,7.613,6.682,-5.663,-101.754,2.857,-7.718,-87.993,4.041,-5.78,14.944,-0.247,4.997,14.944,0.247,-4.997,10.028,1.231,4.028,10.028,-1.231,-4.028,-17.898,7.622,-2.69,-17.898,-7.622,2.69,0,0,0,0,0,0,-0.26,-0.305,1.825,-0.862,-0.007,0.967,-0.333,0.072,-0.323,0.339,0.018,1.577,0.09,-0.002,0.644,-0.154,-0.01,0.001,0,0,0,0,0,0,614.096,-241.692,-31.139,-399.321,-53.399,3.737,18.095,-3.23,5.111,-136.222,-24.643,-1.369,-27.719,0.109,0.317,-3.7,-1.35,0.767,0,0,0.494,0,0,-2.994,0,0,0.005,0,0,-0.284,0,0,-0.014,0,0,0.002
31,257.03,-321.747,971.892,273.43,-144.997,924.591,74.11,-304.807,971.771,261.276,-274.637,1149.401,163.387,-122.843,542.445,162.94,285.032,719.902,-280.851,-132.225,562.89,185.877,-300.052,949.808,186.449,-27.625,119.195,25.551,380.185,204.647,-229.798,-180.837,66.626,167.764,-126.197,554.434,187.988,47.895,123.75,175.905,-10.559,335.259,-29.858,25.625,105.15,214.367,-162.786,67.032,187.988,47.895,123.75,184.286,72.147,188.994,118.438,49.222,119.311,185.201,-17.441,147.878,324.751,-440.579,539.487,373.958,-7.162,428.657,-122.148,-387.879,547.164,345.122,-331.367,975.621,275.752,-546.16,112.073,452.367,-161.621,-4.14,-122.526,-361.971,116.258,328.198,-442.37,535.211,272.433,-472.255,94.324,287.458,-463.836,315.522,52.233,-449.035,108.398,249.817,-692.744,104.252,272.433,-472.255,94.324,274.865,-428.371,149.877,201.754,-473.938,98.747,276.493,-527.836,138.052,269.507,-254.716,1485.64,281.919,-89.519,1456.633,437.198,-267.519,1484.479,266.159,-283.552,1319.981,-23.93,-421.431,1206.15,-233.052,-569.32,1360.759,154.726,-661.087,1218.558,93.786,-320.432,1461.98,-21.254,-435.388,898.024,-251.245,-606.544,903.779,149.981,-665.086,909.916,-23.742,-422.413,1184.467,-30.429,-431.809,855.563,-80.457,-366.809,871.853,-95.086,-483.972,865.138,-12.826,-438.676,937.025,549.464,-264.844,1171.78,704.419,-545.97,1182.469,797.8,-122.426,1317.395,417.269,-326.832,1457.855,516.579,-44.009,1011.88,684.976,-151.066,829.397,725.655,75.893,1134.475,548.958,-261.452,1169.326,519.433,4.898,992.59,601.681,20.025,1043.106,466.967,37.77,1068.169,514.138,-85.855,1028.386,284.146,-122.976,1745.55,285.382,-149.668,1753.917,311.874,-122.912,1741.656,280.453,-131.434,1719.115,214.093,-192.348,1745.685,352.806,-195.761,1729.511,203.882,-328.059,1722.13,340.633,-344.58,1698.415,192.611,-291.08,1656.741,348.919,-285.601,1638.398,284.076,-147.935,1744.647,258.682,-387.793,1563.851,257.709,-413.004,1526.888,252.285,-459.721,1258.506,270.024,-247.84,1484.434,259.352,-205.278,1292.127,363.081,-463.553,1415.064,92.897,-313.063,1528.894,-0.27,-344.823,1436.546,-34.436,-377.375,1193.587,-35.698,-386.743,990.104,16.053,-377.735,892.673,-85.437,-459.499,904.623,-40.599,-418.595,858.875,428.182,-324.711,1514.557,522.468,-333.296,1411.309,579.226,-235.338,1191.929,553.438,-84.925,1079.159,499.775,-6.279,1068.038,571.839,-66.328,975.714,533.744,7.53,1001.376,148.545,-232.813,1039.425,381.808,-253.094,1038.233,217.145,-455.255,1096.146,275.973,-466.285,1097.907,80.978,-201.196,750.415,140.513,-163.716,893.729,150.154,-94.515,726.44,112.745,-127.214,558.227,107.036,-97.011,370.112,161.475,-54.074,457.232,176.58,-37.141,358.266,149.47,-39.442,103.623,201.749,-87.022,64.806,179.241,65.456,134.453,213.109,124.227,114.444,134.689,100.725,85.694,191.225,165.518,124.981,429.244,-384.474,764.89,395.303,-252.175,859.934,353.925,-308.524,652.394,380.733,-446.279,539.62,375.199,-502.061,356.451,328.643,-414.384,416.991,315.329,-438.2,335.083,309.818,-566.217,100.53,258.37,-621.273,79.245,280.155,-453.539,99.135,245.755,-403.228,57.346,331.111,-438.293,48.704,269.913,-355.612,51.029,293.794,-196.633,1392.458,298,-200.583,1431.424,245.722,-189.797,1399.068,209.345,-484.916,1029.356,210.863,-481.217,1067.643,259.442,-491.278,1027.594,67.453,-182.02,679.563,59.978,-203.177,711.923,67.347,-140.397,705.024,95.736,-85.572,282.8,86.783,-96.563,320.008,103.037,-40.374,299.136,427.775,-424.822,675.191,436.612,-421.65,713.199,428.134,-376.59,669.482,369.347,-553.84,260.735,379.048,-543.801,297.81,372.713,-507.227,246.817,165.534,-313.68,971.536,348.526,-329.813,972.248,163.387,-122.843,542.445,324.751,-440.579,539.487,186.449,-27.625,119.195,275.752,-546.16,112.073,187.988,47.895,123.75,272.433,-472.255,94.324,98.518,-316.371,1472.26,416.86,-327.024,1458.74,-23.93,-421.431,1206.15,549.464,-264.844,1171.78,-30.429,-431.809,855.563,519.433,4.898,992.59,248.913,-296.408,1070.52,190.495,-10.783,99.629,38.097,-5.031,-4.912,10.79,5.234,-20.535,2.658,-1.727,14.321,-36.009,3.565,6.046,0.688,1.337,-1.141,0.195,4.274,-17.601,12.458,-2.183,18.916,-36.335,4.641,5.73,-4.988,-0.18,1.006,-4.988,0.18,-1.006,-12.307,21.666,50.135,29.995,-0,-0,-5.917,13.408,87.484,7.625,-6.712,5.738,21.936,25.671,26.535,51.352,-0,0,5.197,16.719,84.926,7.625,6.712,-5.738,-105.067,3.175,-6.894,-87.422,3.904,-5.851,14.921,-0.038,5.291,14.921,0.038,-5.291,9.875,1.141,4.233,9.875,-1.141,-4.233,-17.742,7.579,-2.553,-17.742,-7.579,2.553,0,0,0,0,0,0,-0.26,-0.317,1.857,-0.891,-0.013,0.984,-0.314,0.098,-0.38,0.319,0.005,1.648,0.099,0,0.657,-0.156,-0.013,-0.001,0,0,0,0,0,0,677.819,-271.8,-40.265,-469.233,-56.955,6.334,23.859,-2.854,8.082,-135.123,-21.401,-1.643,-30.329,0.54,0.296,-2.8,-1.275,0.679,0,0,0.61,0,0,-3.251,0,0,0.004,0,0,-0.264,0,0,-0.006,0,0,0.002
31.01,257.215,-304.384,968.371,274.276,-127.673,921.16,74.375,-286.603,968.85,262.245,-257.439,1145.903,164.733,-109.771,537.231,167.108,299.227,712.069,-279.603,-115.581,556.858,185.063,-284.528,945.765,188.757,12.119,121.35,24.381,412.966,229.985,-226.104,-140.951,58.427,169.517,-111.94,549.997,191.23,87.274,129.825,177.823,18.079,337.986,-26.825,68.762,109.627,215.124,-120.495,62.299,191.23,87.274,129.825,187.067,107.552,196.384,121.751,89.65,124.755,187.486,20.627,149.895,325.168,-431.907,538.852,377.207,-0.849,420.38,-121.388,-376.22,545.318,346.02,-315.105,972.992,275.677,-544.856,113.078,454.033,-163.147,-9.624,-121.805,-358.91,113.764,328.267,-433.993,534.4,272.495,-471.149,94.499,286.854,-460.291,315.636,52.279,-447.537,107.639,249.604,-691.49,106.805,272.495,-471.149,94.499,275.166,-426.75,149.631,201.825,-472.643,99.126,276.558,-526.325,138.737,269.501,-238.246,1482.74,282.514,-73.015,1454.194,437.153,-251.58,1481.985,266.496,-266.644,1316.999,-24.747,-408.155,1204.43,-232.718,-555.099,1361.473,154.994,-646.87,1219.096,93.355,-303.611,1458.653,-22.22,-425.178,896.371,-251.436,-597.299,904.002,150.054,-653.974,910.428,-24.569,-409.357,1182.671,-31.782,-421.89,853.855,-82.922,-357.804,870.313,-95.367,-475.244,864.03,-13.484,-428.182,935.211,550.38,-246.288,1170.58,703.566,-528.481,1178.24,799.17,-107.215,1318.633,416.982,-310.967,1455.499,516.338,-21.696,1016.82,684.028,-123.64,830.792,725.796,95.39,1141.467,549.897,-243.094,1168.397,518.868,27.871,999.115,601.01,41.894,1050.12,466.179,57.917,1075.709,514.176,-64.031,1031.939,283.912,-107.198,1743,285.08,-133.91,1751.312,311.646,-107.184,1739.147,280.24,-115.592,1716.541,213.625,-176.327,1742.857,352.525,-180.062,1726.847,203.213,-312.054,1719.042,339.952,-328.842,1695.449,192.108,-274.905,1653.705,348.55,-269.749,1635.573,283.792,-132.154,1742.039,258.133,-371.601,1560.644,257.08,-396.739,1523.626,252.211,-442.745,1255.109,270.043,-231.369,1481.548,260.245,-188.244,1289.245,362.186,-447.574,1411.725,92.469,-296.185,1525.603,-0.71,-328.849,1433.774,-35.587,-364.307,1191.429,-37.407,-375.979,988.044,13.949,-366.818,890.532,-85.932,-450.531,903.161,-42.178,-408.862,857.201,427.858,-308.982,1511.956,522.394,-317.545,1408.951,580.449,-217.433,1191.207,553.523,-64.25,1082.89,499.233,14.236,1074.086,571.78,-42.527,979.996,533.161,30.311,1007.986,148.943,-214.712,1036.282,382.761,-236.477,1034.366,217.343,-437.952,1092.601,275.839,-449.147,1094.296,81.206,-187.454,745.928,140.659,-146.925,887.965,151.521,-81.347,720.156,114.191,-112.439,554.163,108.943,-72.745,367.957,163.009,-34.117,457.221,178.287,-11.581,359.592,151.994,1.162,104.284,203.96,-44.774,62.697,182.707,103.864,141.297,217.398,163.334,125.266,139.04,142.649,94.234,196.056,204.298,138.075,430.108,-372.568,763.182,396.542,-238.203,856.048,355.326,-298.016,649.441,380.941,-438.016,539.103,375.086,-496.891,356.739,328.93,-408.051,415.814,315.611,-433.213,334.284,309.653,-565.352,101.742,258.046,-620.625,80.996,280.203,-452.79,99.186,245.78,-402.781,57,331.011,-438.173,48.568,269.829,-355.187,50.182,294.335,-180.008,1389.718,298.442,-184.046,1428.68,246.27,-173.15,1396.183,209.179,-467.509,1026.276,210.747,-463.707,1064.559,259.413,-474.115,1024.56,67.393,-168.591,675.23,60.05,-189.269,707.914,67.596,-126.614,700.059,97.711,-56.18,281.168,88.715,-69.253,317.77,104.802,-11.85,300.038,428.056,-414.613,674.359,436.914,-410.811,712.263,428.858,-366.532,667.675,369.127,-550.242,261.912,378.918,-539.614,298.884,372.703,-503.898,247.214,165.756,-295.897,968.314,348.673,-312.871,968.427,164.733,-109.771,537.231,325.168,-431.907,538.852,188.757,12.119,121.35,275.677,-544.856,113.078,191.23,87.274,129.825,272.495,-471.149,94.499,98.152,-299.365,1468.97,416.701,-311.103,1456.1,-24.747,-408.155,1204.43,550.38,-246.288,1170.58,-31.782,-421.89,853.855,518.868,27.871,999.115,249.328,-280.048,1067.84,193.333,29.545,101.997,37.715,-4.653,-4.875,7.012,5.106,-21.599,2.198,-1.851,15.444,-35.479,3.056,6.164,-0.346,1.059,-1.322,0.177,4.235,-17.487,12.841,-2.203,19.104,-36.24,4.346,5.903,-5.115,0.154,1.001,-5.115,-0.154,-1.001,-13.275,21.835,50.015,30.178,0,0,-6.14,13.838,86.562,7.652,-6.767,5.807,22.368,25.77,26.118,52.367,-0,-0,5.619,16.837,85.398,7.652,6.767,-5.807,-108.004,3.518,-6.242,-86.803,3.731,-5.922,14.892,0.149,5.554,14.892,-0.149,-5.554,9.722,1.024,4.438,9.722,-1.024,-4.438,-17.601,7.536,-2.412,-17.601,-7.536,2.412,0,0,0,0,0,0,-0.24,-0.306,1.878,-0.897,-0.024,0.986,-0.294,0.125,-0.432,0.302,-0.01,1.718,0.107,0.001,0.672,-0.158,-0.015,-0.002,0,0,0,0,0,0,723.375,-276.644,-46.718,-527.2,-61.389,8.321,28.451,-2.442,10.535,-135.502,-15.302,-2.194,-32.854,1.032,-0.025,-1.532,-1.231,0.259,0,0,0.66,0,0,-3.235,0,0,0.002,0,0,-0.242,0,0,0.005,0,0,0.001
31.02,257.447,-286.914,964.794,275.112,-110.243,917.657,74.685,-268.368,965.813,263.185,-240.116,1142.344,166.013,-96.643,532.106,173.594,313.3,704.566,-278.389,-96.411,551.09,183.419,-269.27,941.679,191.413,48.408,123.931,23.319,442.026,251.634,-221.911,-104.579,51.426,171.257,-97.053,545.753,194.526,123.084,135.766,179.81,44.777,340.584,-23.617,107.461,114.12,216.799,-81.667,59.085,194.526,123.084,135.766,189.747,139.734,203.284,125.122,126.177,130.09,190.175,55.468,152.132,325.562,-422.289,538.091,380.496,6.429,412.639,-120.623,-363.585,543.324,346.91,-298.556,970.282,275.725,-543.42,114.291,455.338,-164.665,-15.524,-121.184,-356.28,111.133,328.36,-424.712,533.464,272.675,-469.946,94.791,286.278,-456.365,315.825,52.437,-445.977,106.873,249.536,-690.097,109.742,272.675,-469.946,94.791,275.647,-424.926,149.401,202.02,-471.24,99.704,276.795,-524.621,139.642,269.428,-221.664,1479.76,283.026,-56.402,1451.671,437.04,-235.504,1479.475,266.836,-249.634,1313.939,-25.562,-394.385,1202.45,-232.597,-540.356,1361.622,155.053,-632.304,1219.188,92.853,-286.709,1455.216,-23.294,-414.328,894.514,-251.882,-587.189,904.026,149.816,-642.362,910.557,-25.401,-395.797,1180.654,-33.226,-411.364,851.96,-85.354,-348.108,868.532,-95.806,-465.769,862.778,-14.263,-417.022,933.21,551.229,-228.053,1169.23,702.422,-511.38,1174.103,800.611,-92.39,1319.434,416.67,-294.976,1453.083,516.252,-0.053,1021.37,683.12,-97.212,832.071,726.21,114.162,1147.828,550.772,-225.073,1167.292,518.535,50.102,1005.22,600.605,62.928,1056.654,465.694,77.459,1082.711,514.306,-42.81,1035.138,283.557,-91.245,1740.31,284.652,-117.975,1748.575,311.297,-91.286,1736.501,279.909,-99.582,1713.83,213.04,-160.151,1739.902,352.111,-164.192,1724.115,202.395,-295.873,1715.886,339.173,-312.943,1692.465,191.467,-258.577,1650.578,348.053,-253.749,1632.681,283.382,-116.199,1739.311,257.512,-355.301,1557.371,256.392,-380.38,1520.304,252.194,-425.693,1251.674,269.994,-214.786,1478.592,261.082,-171.103,1286.318,361.213,-431.48,1408.319,91.972,-279.233,1522.231,-1.164,-312.697,1430.809,-36.639,-350.722,1189.04,-39.083,-364.601,985.796,11.82,-355.354,888.157,-86.549,-440.795,901.56,-43.823,-398.505,855.329,427.5,-293.115,1509.301,522.235,-301.72,1406.509,581.616,-199.847,1190.283,553.711,-44.154,1086.249,498.915,34.153,1079.653,571.834,-19.5,983.959,532.815,52.333,1014.169,149.358,-196.512,1033.024,383.673,-219.704,1030.488,217.548,-420.568,1089.021,275.835,-431.876,1090.644,80.939,-173.304,741.556,140.838,-130.096,882.012,152.972,-68.196,714.108,115.679,-97.33,550.28,111.016,-49.549,366.029,164.6,-14.652,457.122,180.097,12.69,360.763,154.893,38.257,105.436,206.793,-5.969,61.473,186.136,138.815,147.837,221.352,198.857,135.442,143.182,180.524,102.401,200.34,239.369,150.209,430.901,-360.062,761.408,397.846,-223.828,852.231,356.653,-286.735,646.511,381.178,-428.83,538.469,375.054,-491.047,357.075,329.213,-401.03,414.516,315.883,-427.689,333.417,309.637,-564.334,103.204,257.95,-619.914,83.137,280.364,-451.933,99.343,245.855,-402.3,56.685,330.954,-438.02,48.427,269.753,-354.787,49.386,294.858,-163.284,1386.938,298.825,-167.403,1425.894,246.784,-156.422,1393.209,209.032,-449.968,1023.183,210.702,-446.051,1061.465,259.379,-456.837,1021.478,66.944,-154.539,671.001,59.669,-174.778,703.943,67.478,-112.274,695.274,99.969,-28.678,279.865,90.911,-43.526,315.842,106.767,14.814,300.862,428.325,-403.611,673.411,437.231,-399.229,711.234,429.558,-355.684,665.83,369.106,-546.147,263.298,378.907,-534.866,300.113,372.825,-500.115,247.736,166.025,-278.043,965.007,348.868,-295.784,964.581,166.013,-96.643,532.106,325.562,-422.289,538.091,191.413,48.408,123.931,275.725,-543.42,114.291,194.526,123.084,135.766,272.675,-469.946,94.791,97.718,-282.285,1465.6,416.516,-295.053,1453.4,-25.562,-394.385,1202.45,551.229,-228.053,1169.23,-33.226,-411.364,851.96,518.535,50.102,1005.22,249.788,-263.65,1065.11,196.465,66.423,104.655,37.399,-4.187,-4.499,3.755,4.889,-22.959,1.832,-1.954,16.377,-34.888,2.555,6.188,-1.293,0.809,-1.537,0.348,4.159,-17.303,13.259,-2.217,19.227,-36.189,3.979,6.122,-5.246,0.489,0.982,-5.246,-0.489,-0.982,-14.155,22.011,49.925,30.296,0,0,-6.381,14.186,85.692,7.69,-6.84,5.859,22.72,25.829,25.68,53.356,-0,0,6.039,16.983,85.847,7.69,6.84,-5.859,-110.531,3.859,-5.817,-86.115,3.534,-5.986,14.868,0.318,5.794,14.868,-0.318,-5.794,9.575,0.883,4.638,9.575,-0.883,-4.638,-17.476,7.487,-2.26,-17.476,-7.487,2.26,0,0,0,0,0,0,-0.2,-0.269,1.891,-0.88,-0.039,0.975,-0.273,0.151,-0.475,0.296,-0.027,1.787,0.117,-0,0.688,-0.162,-0.017,-0.003,0,0,0,0,0,0,749.724,-252.911,-50.114,-569.009,-65.976,9.039,31.929,-1.97,11.755,-140.162,-4.933,-2.924,-34.787,1.935,-0.579,0.082,-1.228,-0.426,0,0,0.613,0,0,-2.929,0,0,-0,0,0,-0.222,0,0,0.017,0,0,0
31.03,257.732,-269.352,961.242,275.959,-92.731,914.131,75.046,-250.107,962.711,264.08,-222.647,1138.795,167.241,-83.112,527.331,182.213,327.426,697.882,-277.097,-74.617,545.891,181.114,-254.108,937.723,194.433,80.889,126.337,22.74,467.872,268.691,-217.345,-72.016,45.358,173.005,-81.478,541.881,197.844,155.058,140.951,181.963,69.265,342.659,-20.282,141.288,117.92,219.473,-46.805,56.795,197.844,155.058,140.951,192.346,168.597,209.106,128.509,158.515,134.671,193.244,86.769,154.146,325.943,-411.694,537.204,383.637,14.771,405.468,-119.871,-350.142,541.221,347.766,-281.716,967.535,275.927,-541.831,115.764,456.264,-166.17,-21.805,-120.661,-354.127,108.448,328.508,-414.496,532.405,272.985,-468.639,95.216,285.805,-451.938,316.083,52.717,-444.398,106.168,249.678,-688.546,113.197,272.985,-468.639,95.216,276.316,-422.868,149.177,202.354,-469.731,100.502,277.232,-522.692,140.803,269.285,-204.967,1476.78,283.433,-39.675,1449.141,436.859,-219.269,1477.028,267.178,-232.527,1310.884,-26.366,-380.078,1200.25,-232.741,-525.012,1361.216,154.845,-617.4,1218.895,92.288,-269.719,1451.744,-24.479,-402.818,892.476,-252.637,-576.131,903.883,149.2,-630.282,910.347,-26.232,-381.689,1178.438,-34.759,-400.212,849.901,-87.725,-337.668,866.518,-96.435,-455.5,861.41,-15.166,-405.178,931.046,551.999,-210.16,1167.78,700.989,-494.684,1170.137,802.107,-77.932,1319.83,416.333,-278.858,1450.68,516.329,20.902,1025.51,682.275,-71.872,833.224,726.897,132.226,1153.522,551.572,-207.393,1166.073,518.445,71.571,1010.86,600.485,83.118,1062.644,465.534,96.416,1089.145,514.529,-22.21,1037.977,283.06,-75.111,1737.56,284.078,-101.856,1745.786,310.806,-75.211,1733.799,279.438,-83.399,1711.061,212.329,-143.825,1736.879,351.549,-148.15,1721.382,201.419,-279.511,1712.716,338.304,-296.877,1689.524,190.683,-242.09,1647.415,347.421,-237.594,1629.791,282.829,-100.063,1736.523,256.816,-338.883,1554.094,255.66,-363.915,1516.985,252.246,-408.553,1248.269,269.874,-198.087,1475.631,261.844,-153.859,1283.405,360.169,-415.255,1404.917,91.404,-262.202,1518.831,-1.64,-296.334,1427.683,-37.564,-336.57,1186.437,-40.705,-352.565,983.38,9.698,-343.336,885.561,-87.309,-430.241,899.851,-45.527,-387.498,853.279,427.113,-277.107,1506.663,522,-285.82,1404.043,582.713,-182.593,1189.196,554.01,-24.649,1089.216,498.836,53.479,1084.704,572.004,2.717,987.559,532.72,73.58,1019.869,149.811,-178.226,1029.7,384.539,-202.768,1026.67,217.735,-403.091,1085.509,275.938,-414.469,1087.042,80.272,-158.43,737.498,141.183,-113.188,876.171,154.509,-54.72,708.698,117.235,-81.695,546.7,113.273,-27.461,364.177,166.301,4.38,456.815,182.07,35.622,361.547,158.161,71.432,106.607,210.278,28.903,60.782,189.495,170.085,153.48,224.931,230.619,144.232,147.055,214.033,109.468,204.008,270.603,160.567,431.613,-346.893,759.581,399.154,-209.011,848.532,357.855,-274.628,643.618,381.461,-418.679,537.711,375.136,-484.493,357.474,329.52,-393.295,413.102,316.164,-421.605,332.505,309.807,-563.136,104.968,258.118,-619.108,85.735,280.648,-450.93,99.604,245.976,-401.777,56.387,330.953,-437.819,48.273,269.685,-354.43,48.651,295.348,-146.466,1384.176,299.132,-150.653,1423.128,247.244,-139.607,1390.215,208.86,-432.281,1020.147,210.674,-428.25,1058.433,259.274,-439.435,1018.411,66.335,-139.573,667.027,59.003,-159.446,700.131,67.149,-97.104,690.875,102.514,-3.182,278.643,93.375,-19.461,314.022,108.98,39.567,301.315,428.605,-391.751,672.34,437.571,-386.837,710.106,430.225,-343.972,663.954,369.323,-541.518,264.924,379.055,-529.513,301.516,373.112,-495.845,248.411,166.346,-260.132,961.68,349.118,-278.573,960.803,167.241,-83.112,527.331,325.943,-411.694,537.204,194.433,80.889,126.337,275.927,-541.831,115.764,197.844,155.058,140.951,272.985,-468.639,95.216,97.224,-265.129,1462.2,416.312,-278.869,1450.72,-26.366,-380.078,1200.25,551.999,-210.16,1167.78,-34.759,-400.212,849.901,518.445,71.571,1010.86,250.287,-247.2,1062.38,199.886,99.494,107.131,37.183,-3.664,-3.808,1.126,4.577,-24.53,1.623,-2.029,17.046,-34.347,2.095,6.145,-2.136,0.591,-1.751,0.713,4.044,-17.069,13.682,-2.224,19.291,-36.18,3.549,6.38,-5.391,0.815,0.958,-5.391,-0.815,-0.958,-14.937,22.197,49.885,30.337,-0,0,-6.638,14.448,84.886,7.742,-6.93,5.892,22.985,25.849,25.224,54.31,0,-0,6.452,17.157,86.261,7.742,6.93,-5.892,-112.631,4.164,-5.648,-85.325,3.331,-6.03,14.86,0.458,6.014,14.86,-0.458,-6.014,9.432,0.718,4.826,9.432,-0.718,-4.826,-17.368,7.431,-2.101,-17.368,-7.431,2.101,0,0,0,0,0,0,-0.14,-0.211,1.906,-0.841,-0.055,0.951,-0.253,0.173,-0.504,0.306,-0.045,1.854,0.13,-0.004,0.707,-0.167,-0.017,-0.002,0,0,0,0,0,0,756.656,-202.793,-50.792,-591.9,-69.567,7.877,34.648,-1.424,11.052,-151.693,9.669,-3.679,-35.53,3.183,-1.24,2.012,-1.275,-1.247,0,0,0.466,0,0,-2.371,0,0,-0.003,0,0,-0.206,0,0,0.03,0,0,-0.001
31.04,258.072,-251.706,957.78,276.829,-75.15,910.63,75.457,-231.822,959.591,264.916,-205.02,1135.32,168.454,-68.832,523.144,192.278,341.816,692.417,-275.602,-50.635,541.498,178.473,-238.803,934.073,197.792,109.382,128.028,22.859,491.006,280.542,-212.536,-43.533,40.01,174.804,-65.201,538.505,201.164,183.09,144.823,184.373,91.435,343.861,-16.864,170.104,120.45,223.09,-16.233,54.886,201.164,183.09,144.823,194.915,194.194,213.353,131.89,186.602,137.937,196.614,114.366,155.544,326.335,-400.084,536.178,386.547,24.279,398.9,-119.126,-335.966,538.998,348.551,-264.586,964.782,276.317,-540.051,117.549,456.864,-167.675,-28.422,-120.197,-352.418,105.771,328.736,-403.309,531.218,273.432,-467.21,95.782,285.513,-446.853,316.384,53.125,-442.838,105.599,250.1,-686.794,117.323,273.432,-467.21,95.782,277.173,-420.537,148.938,202.835,-468.104,101.536,277.894,-520.49,142.25,269.062,-188.149,1473.86,283.711,-22.826,1446.674,436.599,-202.856,1474.698,267.509,-215.304,1307.891,-27.163,-365.194,1197.84,-233.238,-508.961,1360.232,154.277,-602.194,1218.269,91.663,-252.638,1448.276,-25.765,-390.634,890.289,-253.756,-564.032,903.596,148.138,-617.786,909.869,-27.064,-366.996,1176.057,-36.377,-388.414,847.703,-90.016,-326.442,864.299,-97.272,-444.403,859.958,-16.183,-392.638,928.743,552.675,-192.623,1166.26,699.247,-478.409,1166.388,803.649,-63.837,1319.828,415.979,-262.605,1448.349,516.573,41.156,1029.21,681.489,-47.697,834.206,727.87,149.582,1158.5,552.281,-190.074,1164.769,518.611,92.264,1015.97,600.664,102.467,1068.016,465.709,114.823,1094.951,514.842,-2.248,1040.44,282.403,-58.792,1734.81,283.341,-85.549,1743.005,310.156,-58.953,1731.106,278.816,-67.038,1708.293,211.486,-127.349,1733.855,350.831,-131.937,1718.715,200.277,-262.966,1709.586,337.34,-280.64,1686.683,189.757,-225.445,1644.275,346.661,-221.281,1626.973,282.115,-83.742,1733.743,256.046,-322.34,1550.876,254.889,-347.332,1513.727,252.374,-391.308,1244.949,269.672,-181.268,1472.729,262.507,-136.511,1280.571,359.069,-398.884,1401.584,90.76,-245.093,1515.454,-2.149,-279.739,1424.43,-38.34,-321.806,1183.641,-42.251,-339.833,980.818,7.613,-330.754,882.764,-88.22,-418.835,898.068,-47.281,-375.816,851.077,426.689,-260.959,1504.108,521.698,-269.853,1401.618,583.726,-165.682,1187.989,554.428,-5.745,1091.773,499.003,72.222,1089.206,572.292,24.092,990.757,532.888,94.039,1025.033,150.317,-159.873,1026.375,385.357,-185.656,1022.981,217.888,-385.501,1082.155,276.117,-396.919,1083.578,79.403,-142.591,733.928,141.801,-96.147,870.783,156.108,-40.567,704.273,118.881,-65.395,543.498,115.731,-6.5,362.269,168.155,23.044,456.174,184.256,57.199,361.736,161.751,100.433,107.379,214.36,59.482,60.322,192.775,197.589,157.697,228.172,258.554,150.966,150.652,243.03,114.78,207.096,297.999,168.409,432.244,-333.013,757.702,400.41,-193.719,844.992,358.924,-261.645,640.777,381.811,-407.517,536.82,375.361,-477.192,357.952,329.881,-384.811,411.578,316.491,-414.936,331.573,310.197,-561.718,107.088,258.569,-618.156,88.868,281.062,-449.733,99.961,246.139,-401.203,56.083,331.02,-437.551,48.096,269.62,-354.137,47.985,295.778,-129.553,1381.492,299.346,-133.794,1420.439,247.627,-122.693,1387.273,208.626,-414.429,1017.223,210.617,-410.3,1055.518,259.04,-421.891,1015.414,65.836,-123.489,663.445,58.281,-143.105,696.603,66.823,-80.915,687.042,105.336,20.246,277.285,96.094,2.907,312.143,111.47,62.405,301.157,428.925,-378.985,671.138,437.937,-373.588,708.867,430.859,-331.336,662.05,369.804,-536.314,266.819,379.401,-523.505,303.119,373.586,-491.048,249.262,166.719,-242.165,958.389,349.424,-261.246,957.17,168.454,-68.832,523.144,326.335,-400.084,536.178,197.792,109.382,128.028,276.317,-540.051,117.549,201.164,183.09,144.823,273.432,-467.21,95.782,96.669,-247.895,1458.83,416.085,-262.55,1448.13,-27.163,-365.194,1197.84,552.675,-192.623,1166.26,-36.377,-388.414,847.703,518.611,92.264,1015.97,250.813,-230.675,1059.69,203.567,128.535,109.009,37.083,-3.132,-2.895,-0.797,4.204,-26.182,1.605,-2.072,17.427,-33.96,1.7,6.082,-2.864,0.406,-1.945,1.279,3.895,-16.803,14.071,-2.226,19.315,-36.203,3.067,6.67,-5.558,1.129,0.939,-5.558,-1.129,-0.939,-15.611,22.394,49.92,30.295,-0,-0,-6.914,14.633,84.141,7.807,-7.027,5.902,23.155,25.825,24.75,55.221,0,-0,6.843,17.354,86.637,7.807,7.027,-5.902,-114.285,4.404,-5.726,-84.397,3.139,-6.036,14.873,0.565,6.214,14.873,-0.565,-6.214,9.292,0.529,4.997,9.292,-0.529,-4.997,-17.275,7.36,-1.936,-17.275,-7.36,1.936,0,0,0,0,0,0,-0.065,-0.137,1.929,-0.782,-0.068,0.919,-0.234,0.191,-0.517,0.333,-0.064,1.92,0.148,-0.01,0.729,-0.174,-0.015,0.001,0,0,0,0,0,0,744.547,-134.843,-49.68,-594.418,-70.732,4.625,37.003,-0.816,8.14,-171.451,26.894,-4.18,-34.599,4.19,-1.745,4.258,-1.379,-1.932,0,0,0.26,0,0,-1.647,0,0,-0.008,0,0,-0.192,0,0,0.042,0,0,-0.003
31.05,258.446,-233.965,954.488,277.702,-57.491,907.233,75.899,-213.492,956.559,265.702,-187.225,1131.997,169.706,-53.521,519.735,202.736,356.735,688.414,-273.83,-25.34,538.045,175.907,-223.077,930.911,201.423,133.879,128.61,23.85,511.898,286.939,-207.668,-19.201,35.283,176.701,-48.238,535.698,204.489,207.226,146.967,187.098,111.352,343.956,-13.386,194.092,121.339,227.442,9.908,52.959,204.489,207.226,146.967,197.53,216.703,215.672,135.266,210.549,139.497,200.199,138.249,156.047,326.778,-387.416,534.993,389.248,35.052,392.962,-118.361,-321.055,536.596,349.225,-247.161,962.052,276.926,-538.018,119.697,457.234,-169.197,-35.314,-119.732,-351.049,103.164,329.075,-391.11,529.9,274.023,-465.623,96.492,285.494,-440.91,316.68,53.665,-441.304,105.242,250.863,-684.765,122.294,274.023,-465.623,96.492,278.22,-417.873,148.648,203.472,-466.332,102.817,278.809,-517.943,144.006,268.753,-171.21,1471.06,283.849,-5.852,1444.331,436.255,-186.262,1472.545,267.821,-197.964,1305.021,-27.959,-349.702,1195.26,-234.164,-492.111,1358.681,153.264,-586.715,1217.388,90.972,-235.46,1444.881,-27.135,-377.76,887.986,-255.289,-550.79,903.174,146.558,-604.927,909.195,-27.901,-351.685,1173.544,-38.071,-375.947,845.395,-92.214,-314.394,861.917,-98.321,-432.449,858.46,-17.292,-379.392,926.324,553.251,-175.461,1164.73,697.231,-462.557,1162.987,805.19,-50.053,1319.51,415.577,-246.214,1446.15,516.987,60.696,1032.42,680.815,-24.76,834.995,729.096,166.279,1162.731,552.891,-173.116,1163.422,519.039,112.178,1020.52,601.145,120.967,1072.74,466.221,132.669,1100.118,515.247,17.055,1042.492,281.57,-42.287,1732.14,282.426,-69.054,1740.312,309.332,-42.509,1728.505,278.03,-50.5,1705.607,210.501,-110.72,1730.896,349.951,-115.561,1716.173,198.97,-246.242,1706.55,336.271,-264.231,1683.995,188.697,-208.645,1641.219,345.788,-204.814,1624.296,281.227,-67.235,1731.037,255.202,-305.669,1547.778,254.077,-330.625,1510.589,252.568,-373.941,1241.763,269.381,-164.328,1469.95,263.046,-119.055,1277.876,357.936,-382.35,1398.388,90.035,-227.911,1512.152,-2.697,-262.906,1421.092,-38.954,-306.395,1180.683,-43.699,-326.373,978.137,5.595,-317.594,879.792,-89.273,-406.554,896.245,-49.078,-363.434,848.754,426.215,-244.668,1501.691,521.334,-253.832,1399.299,584.643,-149.123,1186.707,554.97,12.553,1093.906,499.418,90.392,1093.125,572.703,44.6,993.513,533.325,113.707,1029.608,150.884,-141.47,1023.129,386.127,-168.349,1019.483,217.998,-367.78,1079.031,276.34,-379.211,1080.33,78.592,-125.654,730.974,142.746,-78.901,866.198,157.722,-25.433,701.056,120.628,-48.362,540.711,118.389,13.35,360.217,170.197,41.418,455.101,186.689,77.448,361.186,165.57,125.186,107.457,218.89,85.576,59.899,195.999,221.389,160.091,231.17,282.728,155.112,154.016,267.565,117.833,209.745,321.691,173.136,432.8,-318.386,755.77,401.57,-177.927,841.648,359.887,-247.741,637.999,382.257,-395.301,535.786,375.754,-469.103,358.524,330.328,-375.536,409.951,316.909,-407.645,330.649,310.833,-560.019,109.618,259.304,-616.983,92.624,281.612,-448.284,100.394,246.335,-400.566,55.743,331.161,-437.2,47.881,269.55,-353.924,47.391,296.117,-112.539,1378.946,299.449,-116.821,1417.888,247.904,-105.67,1384.459,208.306,-396.393,1014.452,210.499,-392.202,1052.758,258.649,-404.181,1012.529,65.693,-106.214,660.37,57.75,-125.701,693.472,66.724,-63.636,683.915,108.406,41.625,275.648,99.038,23.611,310.108,114.239,83.386,300.239,429.304,-365.278,669.795,438.334,-359.454,707.502,431.475,-317.737,660.115,370.558,-530.485,269.01,379.974,-516.793,304.945,374.259,-485.683,250.311,167.125,-224.13,955.228,349.766,-243.799,953.748,169.706,-53.521,519.735,326.778,-387.416,534.993,201.423,133.879,128.61,276.926,-538.018,119.697,204.489,207.226,146.967,274.023,-465.623,96.492,96.047,-230.587,1455.53,415.815,-246.091,1445.66,-27.959,-349.702,1195.26,553.251,-175.461,1164.73,-38.071,-375.947,845.395,519.039,112.178,1020.52,251.344,-214.05,1057.09,207.444,153.482,109.995,37.096,-2.632,-1.909,-1.984,3.835,-27.754,1.777,-2.086,17.544,-33.807,1.388,6.026,-3.469,0.237,-2.113,2.053,3.718,-16.518,14.38,-2.227,19.321,-36.249,2.546,6.984,-5.749,1.438,0.926,-5.749,-1.438,-0.926,-16.172,22.602,50.052,30.167,0,0,-7.224,14.758,83.443,7.89,-7.119,5.89,23.223,25.765,24.269,56.079,0,0,7.231,17.591,86.967,7.89,7.119,-5.89,-115.474,4.564,-5.995,-83.285,2.98,-5.992,14.907,0.646,6.399,14.907,-0.646,-6.399,9.153,0.318,5.15,9.153,-0.318,-5.15,-17.2,7.263,-1.766,-17.2,-7.263,1.766,0,0,0,0,0,0,0.02,-0.054,1.963,-0.707,-0.074,0.884,-0.217,0.201,-0.51,0.38,-0.083,1.985,0.172,-0.018,0.758,-0.183,-0.012,0.006,0,0,0,0,0,0,714.455,-61.565,-47.865,-576.491,-68.079,-0.3,39.274,-0.195,3.373,-200.233,44.737,-4.227,-31.722,4.411,-1.916,6.748,-1.544,-2.287,0,0,0.056,0,0,-0.874,0,0,-0.016,0,0,-0.177,0,0,0.051,0,0,-0.003
31.06,258.845,-216.117,951.431,278.563,-39.738,904.013,76.361,-195.111,953.685,266.431,-169.256,1128.895,171.065,-37.013,517.222,212.427,372.481,685.914,-271.806,0.176,535.535,173.82,-206.673,928.392,205.212,154.538,127.89,25.88,530.965,288.019,-203.001,1.179,31.235,178.734,-30.617,533.495,207.83,227.671,147.149,190.126,129.322,342.886,-9.869,213.752,120.464,232.169,31.629,50.848,207.83,227.671,147.149,200.282,236.42,215.889,138.647,230.637,139.175,203.904,158.582,155.512,327.317,-373.646,533.627,391.832,47.18,387.687,-117.531,-305.344,533.927,349.746,-229.439,959.369,277.773,-535.636,122.261,457.558,-170.766,-42.406,-119.17,-349.79,100.673,329.561,-377.841,528.447,274.762,-463.819,97.337,285.85,-433.856,316.892,54.344,-439.743,105.183,251.997,-682.332,128.307,274.762,-463.819,97.337,279.455,-414.795,148.254,204.275,-464.356,104.351,280.002,-514.949,146.082,268.345,-154.154,1468.44,283.842,11.242,1442.182,435.812,-169.499,1470.62,268.093,-180.501,1302.334,-28.77,-333.58,1192.57,-235.605,-474.345,1356.617,151.69,-571.014,1216.361,90.228,-218.181,1441.627,-28.564,-364.182,885.603,-257.273,-536.306,902.609,144.398,-591.752,908.406,-28.755,-335.737,1170.936,-39.831,-362.789,843.011,-94.308,-301.503,859.427,-99.569,-419.623,856.955,-18.456,-365.432,923.815,553.719,-158.683,1163.22,694.943,-447.132,1160,806.712,-36.556,1318.901,415.128,-229.673,1444.13,517.572,79.514,1035.11,680.262,-3.128,835.558,730.569,182.334,1166.179,553.392,-156.53,1162.069,519.736,131.305,1024.44,601.926,138.645,1076.751,467.064,150.011,1104.573,515.741,35.693,1044.133,280.56,-25.606,1729.58,281.334,-52.38,1737.738,308.332,-25.886,1726.026,277.08,-33.796,1703.031,209.37,-93.937,1728.071,348.913,-99.032,1713.813,197.505,-229.345,1703.666,335.077,-247.656,1681.514,187.515,-191.7,1638.311,344.822,-188.205,1621.826,280.166,-50.553,1728.472,254.28,-288.867,1544.857,253.207,-313.791,1507.623,252.8,-356.438,1238.751,268.99,-147.27,1467.351,263.437,-101.479,1275.377,356.798,-365.639,1395.388,89.224,-210.662,1508.974,-3.282,-245.84,1417.713,-39.401,-290.314,1177.598,-45.03,-312.159,975.365,3.666,-303.835,876.679,-90.447,-393.389,894.415,-50.906,-350.33,846.348,425.673,-228.232,1499.466,520.906,-237.77,1397.147,585.454,-132.92,1185.393,555.639,30.244,1095.605,500.079,108.002,1096.433,573.24,64.219,995.794,534.037,132.582,1033.544,151.506,-123.031,1020.062,386.849,-150.83,1016.23,218.075,-349.916,1076.189,276.583,-361.326,1077.365,78.098,-107.62,728.708,143.994,-61.358,862.727,159.295,-9.118,699.1,122.469,-30.594,538.348,121.223,32.168,358.009,172.448,59.575,453.561,189.381,96.446,359.845,169.476,145.826,106.709,223.632,107.194,59.447,199.21,241.699,160.435,234.051,303.336,156.335,157.212,287.883,118.339,212.161,341.951,174.355,433.29,-302.995,753.782,402.608,-161.612,838.536,360.79,-232.879,635.296,382.834,-381.983,534.607,376.339,-460.181,359.21,330.903,-365.408,408.23,317.479,-399.679,329.76,311.723,-557.953,112.613,260.309,-615.473,97.104,282.303,-446.519,100.871,246.556,-399.854,55.337,331.372,-436.749,47.613,269.466,-353.809,46.872,296.335,-95.416,1376.596,299.428,-99.727,1415.533,248.055,-88.526,1381.845,207.9,-378.169,1011.865,210.316,-373.962,1050.183,258.115,-386.285,1009.794,66.077,-87.816,657.885,57.623,-107.315,690.831,67.03,-45.331,681.569,111.661,61.067,273.683,102.148,42.764,307.906,117.252,102.649,298.535,429.754,-350.61,668.309,438.762,-344.426,706.002,432.1,-303.153,658.151,371.574,-523.971,271.521,380.791,-509.319,307.023,375.136,-479.694,251.583,167.554,-206.016,952.262,350.135,-226.218,950.599,171.065,-37.013,517.222,327.317,-373.646,533.627,205.212,154.538,127.89,277.773,-535.636,122.261,207.83,227.671,147.149,274.762,-463.819,97.337,95.357,-213.208,1452.36,415.488,-229.488,1443.4,-28.77,-333.58,1192.57,553.719,-158.683,1163.22,-39.831,-362.789,843.011,519.736,131.305,1024.44,251.861,-197.305,1054.62,211.421,174.447,109.941,37.2,-2.202,-1.007,-2.455,3.54,-29.072,2.085,-2.075,17.451,-33.916,1.177,5.97,-3.946,0.072,-2.261,3.044,3.523,-16.233,14.55,-2.229,19.339,-36.3,2.005,7.324,-5.963,1.74,0.913,-5.963,-1.74,-0.913,-16.619,22.821,50.305,29.961,0,0,-7.585,14.839,82.765,7.996,-7.206,5.865,23.183,25.667,23.793,56.878,-0,0,7.591,17.856,87.248,7.996,7.206,-5.865,-116.162,4.649,-6.359,-81.933,2.88,-5.889,14.96,0.703,6.567,14.96,-0.703,-6.567,9.013,0.086,5.287,9.013,-0.086,-5.287,-17.144,7.139,-1.596,-17.144,-7.139,1.596,0,0,0,0,0,0,0.109,0.029,2.012,-0.621,-0.069,0.854,-0.204,0.203,-0.486,0.445,-0.1,2.05,0.202,-0.027,0.794,-0.195,-0.008,0.012,0,0,0,0,0,0,667.119,5.496,-45.869,-539.349,-60.931,-5.758,41.298,0.364,-2.14,-238.475,61.396,-3.685,-26.779,3.438,-1.672,9.338,-1.768,-2.209,0,0,-0.094,0,0,-0.172,0,0,-0.024,0,0,-0.153,0,0,0.054,0,0,-0.001
31.07,259.235,-198.143,948.674,279.358,-21.864,901.054,76.808,-176.665,951.093,267.123,-151.119,1126.081,172.58,-19.298,515.637,220.306,389.322,684.767,-269.659,24.825,533.829,172.515,-189.404,926.633,209.009,171.67,125.894,29.104,548.561,284.279,-198.843,18.099,28.061,180.913,-12.362,531.901,211.193,244.768,145.342,193.346,145.844,340.776,-6.345,229.814,117.907,236.84,49.091,48.637,211.193,244.768,145.342,203.236,253.732,214.008,142.036,247.285,136.999,207.64,175.688,153.948,328.002,-358.724,532.055,394.421,60.754,383.12,-116.583,-288.743,530.891,350.075,-211.429,956.757,278.869,-532.77,125.29,458.079,-172.403,-49.603,-118.389,-348.309,98.309,330.228,-363.425,526.853,275.651,-461.71,98.309,286.68,-425.407,316.909,55.166,-438.045,105.503,253.512,-679.305,135.562,275.651,-461.71,98.309,280.884,-411.189,147.687,205.25,-462.08,106.149,281.5,-511.362,148.492,267.829,-136.983,1466.06,283.703,28.454,1440.287,435.261,-152.594,1468.977,268.306,-162.916,1299.889,-29.613,-316.816,1189.79,-237.649,-455.562,1354.038,149.438,-555.142,1215.252,89.42,-200.812,1438.549,-30.022,-349.88,883.178,-259.746,-520.47,901.881,141.589,-578.305,907.582,-29.642,-319.136,1168.272,-41.641,-348.914,840.589,-96.289,-287.749,856.884,-100.992,-405.911,855.488,-19.637,-350.743,921.247,554.077,-142.299,1161.79,692.419,-432.128,1157.546,808.172,-23.302,1318.099,414.598,-212.984,1442.337,518.333,97.607,1037.26,679.883,17.151,835.896,732.258,197.791,1168.858,553.782,-140.32,1160.765,520.697,149.644,1027.69,603.002,155.526,1080.004,468.235,166.851,1108.295,516.336,53.65,1045.344,279.389,-8.768,1727.23,280.082,-35.546,1735.381,307.172,-9.102,1723.769,275.982,-16.942,1700.667,208.1,-76.999,1725.449,347.728,-82.364,1711.688,195.9,-212.29,1700.995,333.742,-230.923,1679.291,186.227,-174.623,1635.616,343.779,-171.469,1619.622,278.949,-33.714,1726.114,253.269,-271.938,1542.167,252.25,-296.83,1504.882,253.021,-338.799,1235.953,268.49,-130.097,1464.993,263.663,-83.774,1273.13,355.689,-348.745,1392.646,88.324,-193.357,1505.974,-3.901,-228.557,1414.345,-39.68,-273.552,1174.428,-46.228,-297.17,972.536,1.844,-289.45,873.463,-91.709,-379.332,892.608,-52.75,-336.48,843.902,425.048,-211.653,1497.483,520.403,-221.683,1395.223,586.15,-117.075,1184.093,556.434,47.33,1096.865,500.986,125.068,1099.101,573.912,82.931,997.569,535.018,150.667,1036.79,152.159,-104.559,1017.285,387.52,-133.083,1013.264,218.144,-331.912,1073.666,276.835,-343.253,1074.726,78.117,-88.624,727.136,145.442,-43.419,860.584,160.767,8.426,698.284,124.373,-12.152,536.411,124.167,50.096,355.707,174.907,77.583,451.602,192.305,114.313,357.769,173.29,162.69,105.177,228.291,124.56,59.026,202.447,258.877,158.694,236.933,320.702,154.539,160.304,304.402,116.251,214.57,359.17,171.921,433.722,-286.835,751.743,403.512,-144.763,835.689,361.681,-217.024,632.683,383.589,-367.507,533.283,377.136,-450.363,360.034,331.66,-354.347,406.424,318.269,-390.955,328.932,312.865,-555.398,116.13,261.56,-613.465,102.426,283.14,-444.358,101.36,246.796,-399.052,54.831,331.639,-436.183,47.283,269.361,-353.803,46.427,296.405,-78.17,1374.502,299.273,-82.507,1413.435,248.062,-71.253,1379.503,207.436,-359.768,1009.489,210.093,-355.593,1047.816,257.496,-368.193,1007.241,67.045,-68.506,656.025,58.037,-88.145,688.743,67.819,-26.194,680.003,115.002,78.797,271.45,105.33,60.575,305.617,120.44,120.416,296.145,430.277,-334.97,666.683,439.217,-328.501,704.371,432.775,-287.571,656.167,372.825,-516.688,274.378,381.856,-501.011,309.384,376.224,-473.01,253.111,167.972,-187.807,949.588,350.498,-208.48,947.76,172.58,-19.298,515.637,328.002,-358.724,532.055,209.009,171.67,125.894,278.869,-532.77,125.29,211.193,244.768,145.342,275.651,-461.71,98.309,94.596,-195.767,1449.37,415.079,-212.74,1441.37,-29.613,-316.816,1189.79,554.077,-142.299,1161.79,-41.641,-348.914,840.589,520.697,149.644,1027.69,252.341,-180.425,1052.34,215.369,191.719,108.86,37.36,-1.857,-0.336,-2.275,3.373,-29.969,2.428,-2.048,17.215,-34.263,1.079,5.881,-4.29,-0.114,-2.403,4.259,3.324,-15.972,14.522,-2.236,19.405,-36.352,1.46,7.692,-6.196,2.048,0.888,-6.196,-2.048,-0.888,-16.951,23.049,50.693,29.682,-0,0,-8.023,14.891,82.069,8.12,-7.284,5.835,23.037,25.54,23.336,57.611,0,0,7.931,18.143,87.47,8.12,7.284,-5.835,-116.299,4.69,-6.702,-80.285,2.864,-5.727,15.025,0.754,6.715,15.025,-0.754,-6.715,8.87,-0.162,5.416,8.87,0.162,-5.416,-17.104,6.99,-1.43,-17.104,-6.99,1.43,0,0,0,0,0,0,0.191,0.104,2.074,-0.531,-0.054,0.832,-0.194,0.196,-0.444,0.522,-0.115,2.114,0.236,-0.037,0.837,-0.211,-0.003,0.021,0,0,0,0,0,0,602.827,57.312,-43.459,-485.672,-49.84,-10.226,42.296,0.776,-6.856,-285.263,75.242,-2.395,-20.091,0.763,-0.945,11.903,-2.047,-1.611,0,0,-0.162,0,0,0.367,0,0,-0.026,0,0,-0.113,0,0,0.047,0,0,0.004
31.08,259.584,-180.012,946.279,280.023,-3.819,898.478,77.206,-158.142,948.91,267.798,-132.849,1123.634,174.262,-0.505,514.935,225.63,407.412,684.696,-267.564,47.741,532.697,172.138,-171.179,925.689,212.642,185.706,122.845,33.713,565.008,276.512,-195.545,32.364,26.055,183.203,6.499,530.91,214.551,258.961,141.721,196.567,161.523,337.888,-2.875,243.103,113.911,241.036,62.611,46.62,214.551,258.961,141.721,206.39,269.073,210.203,145.402,260.999,133.179,211.309,190.024,151.514,328.888,-342.596,530.258,397.128,75.873,379.323,-115.459,-271.166,527.403,350.189,-193.144,954.245,280.212,-529.244,128.831,459.118,-174.127,-56.784,-117.24,-346.145,96.048,331.13,-347.764,525.115,276.69,-459.178,99.397,288.093,-415.239,316.572,56.143,-436.009,106.289,255.376,-675.414,144.265,276.69,-459.178,99.397,282.511,-406.913,146.857,206.405,-459.365,108.223,283.327,-506.993,151.239,267.201,-119.703,1463.98,283.451,45.773,1438.699,434.592,-135.579,1467.665,268.441,-145.221,1297.749,-30.503,-299.412,1186.97,-240.335,-435.702,1350.99,146.429,-539.129,1214.132,88.545,-183.361,1435.7,-31.479,-334.831,880.751,-262.704,-503.206,900.963,138.102,-564.588,906.785,-30.571,-301.885,1165.598,-43.478,-334.294,838.174,-98.152,-273.122,854.354,-102.549,-391.303,854.101,-20.796,-335.31,918.658,554.321,-126.31,1160.47,689.68,-417.535,1155.678,809.554,-10.258,1317.139,413.995,-196.145,1440.807,519.272,114.969,1038.84,679.691,36.015,835.983,734.155,212.674,1170.741,554.057,-124.486,1159.546,521.913,167.191,1030.21,604.353,171.658,1082.452,469.707,183.227,1111.222,517.042,70.919,1046.128,278.092,8.203,1725.15,278.703,-18.577,1733.3,305.887,7.815,1721.792,274.767,0.039,1698.574,206.704,-59.913,1723.095,346.415,-65.573,1709.848,194.181,-195.095,1698.601,332.257,-214.051,1677.375,184.852,-157.429,1633.202,342.662,-154.626,1617.735,277.608,-16.742,1724.023,252.155,-254.883,1539.761,251.176,-279.742,1502.419,253.181,-321.034,1233.418,267.877,-112.816,1462.931,263.723,-65.93,1271.189,354.629,-331.671,1390.219,87.331,-176.005,1503.203,-4.547,-211.071,1411.041,-39.794,-256.117,1171.222,-47.283,-281.387,969.686,0.14,-274.405,870.192,-93.021,-364.38,890.853,-54.592,-321.858,841.463,424.333,-194.931,1495.79,519.812,-205.579,1393.582,586.725,-101.583,1182.85,557.35,63.815,1097.687,502.132,141.606,1101.108,574.725,100.723,998.817,536.258,167.968,1039.297,152.804,-86.055,1014.915,388.131,-115.105,1010.621,218.241,-313.786,1071.486,277.107,-324.991,1072.443,78.743,-68.908,726.209,146.923,-24.999,859.836,162.082,27.096,698.366,126.28,6.854,534.911,127.12,67.336,353.447,177.546,95.489,449.356,195.398,131.209,355.119,176.821,176.29,103.044,232.572,138.099,58.776,205.711,273.383,155.028,239.885,335.248,149.885,163.331,317.666,111.759,217.146,373.82,165.968,434.11,-269.909,749.665,404.284,-127.373,833.143,362.601,-200.139,630.177,384.577,-351.807,531.823,378.162,-439.568,361.024,332.672,-342.25,404.546,319.358,-381.357,328.191,314.237,-552.197,120.227,263.022,-610.739,108.715,284.127,-441.714,101.826,247.049,-398.145,54.206,331.936,-435.488,46.89,269.229,-353.917,46.054,296.313,-60.793,1372.722,298.978,-65.159,1411.65,247.919,-53.846,1377.497,206.973,-341.223,1007.354,209.884,-337.123,1045.686,256.882,-349.909,1004.905,68.538,-48.593,654.785,59.028,-68.471,687.235,69.055,-6.503,679.149,118.287,95.136,269.104,108.453,77.328,303.391,123.7,136.978,293.283,430.875,-318.342,664.93,439.7,-311.675,702.622,433.549,-270.979,654.176,374.27,-508.53,277.606,383.157,-491.777,312.064,377.536,-465.535,254.939,168.344,-169.479,947.3,350.824,-190.544,945.259,174.262,-0.505,514.935,328.888,-342.596,530.258,212.642,185.706,122.845,280.212,-529.244,128.831,214.551,258.961,141.721,276.69,-459.178,99.397,93.765,-178.273,1446.61,414.581,-195.853,1439.64,-30.503,-299.412,1186.97,554.321,-126.31,1160.47,-43.478,-334.294,838.174,521.913,167.191,1030.21,252.767,-163.405,1050.29,219.142,205.741,106.902,37.522,-1.588,0,-1.543,3.35,-30.307,2.685,-2.011,16.88,-34.787,1.092,5.716,-4.51,-0.346,-2.559,5.706,3.133,-15.771,14.227,-2.253,19.558,-36.4,0.936,8.099,-6.425,2.374,0.831,-6.425,-2.374,-0.831,-17.166,23.282,51.223,29.343,0,0,-8.555,14.923,81.323,8.257,-7.352,5.805,22.789,25.383,22.916,58.267,0,-0,8.237,18.432,87.635,8.257,7.352,-5.805,-115.843,4.728,-6.922,-78.278,2.96,-5.513,15.084,0.82,6.838,15.084,-0.82,-6.838,8.727,-0.422,5.545,8.727,0.422,-5.545,-17.076,6.82,-1.259,-17.076,-6.82,1.259,0,0,0,0,0,0,0.26,0.166,2.145,-0.442,-0.03,0.824,-0.189,0.181,-0.389,0.607,-0.124,2.177,0.271,-0.045,0.889,-0.229,0.003,0.032,0,0,0,0,0,0,521.946,88.575,-39.964,-419.802,-36.663,-12.444,41.197,0.983,-9.453,-338.897,85.905,-0.338,-12.227,-3.619,0.162,14.196,-2.374,-0.574,0,0,-0.16,0,0,0.7,0,0,-0.018,0,0,-0.051,0,0,0.032,0,0,0.012
31.09,259.863,-161.727,944.29,280.491,14.405,896.345,77.524,-139.573,947.226,268.46,-114.468,1121.602,176.078,19.136,515.017,228.054,426.72,685.39,-265.669,68.42,531.877,172.65,-152.035,925.556,215.945,197.14,119.104,39.906,580.586,265.66,-193.424,44.978,25.495,185.51,25.924,530.513,217.828,270.731,136.628,199.563,176.928,334.533,0.442,254.359,108.805,244.447,72.661,45.203,217.828,270.731,136.628,209.655,282.841,204.784,148.671,272.314,128.054,214.791,202.105,148.457,330.033,-325.202,528.219,400.055,92.646,376.381,-114.096,-252.53,523.393,350.07,-174.614,951.866,281.793,-524.842,132.923,460.997,-175.92,-63.819,-115.573,-342.795,93.839,332.335,-330.728,523.222,277.882,-456.085,100.595,290.21,-403.038,315.675,57.293,-433.366,107.636,257.541,-670.317,154.599,277.882,-456.085,100.595,284.343,-401.819,145.665,207.754,-456.041,110.594,285.514,-501.616,154.322,266.459,-102.323,1462.25,283.113,63.187,1437.456,433.803,-118.49,1466.734,268.488,-127.437,1295.965,-31.447,-281.38,1184.19,-243.665,-414.721,1347.562,142.609,-522.992,1213.088,87.611,-165.834,1433.151,-32.903,-319.007,878.363,-266.124,-484.449,899.829,133.92,-550.582,906.061,-31.548,-283.991,1162.961,-45.317,-318.893,835.812,-99.891,-257.606,851.898,-104.192,-375.788,852.836,-21.897,-319.108,916.09,554.449,-110.716,1159.3,686.754,-403.341,1154.46,810.835,2.611,1316.081,413.316,-179.163,1439.574,520.388,131.601,1039.85,679.705,53.418,835.829,736.242,227.012,1171.845,554.212,-109.029,1158.475,523.369,183.94,1031.95,605.953,187.096,1084.059,471.454,199.167,1113.304,517.875,87.484,1046.498,276.714,25.279,1723.39,277.24,-1.502,1731.544,304.521,24.835,1720.139,273.475,17.12,1696.802,205.208,-42.69,1721.072,344.996,-48.677,1708.342,192.373,-177.78,1696.549,330.622,-197.06,1675.817,183.404,-140.13,1631.132,341.458,-137.698,1616.207,276.184,0.335,1722.256,250.925,-237.706,1537.687,249.962,-262.53,1500.283,253.246,-303.169,1231.201,267.152,-95.434,1461.221,263.629,-47.949,1269.605,353.628,-314.431,1388.162,86.246,-158.612,1500.715,-5.215,-193.393,1407.858,-39.749,-238.029,1168.036,-48.188,-264.798,966.862,-1.438,-258.659,866.919,-94.34,-348.528,889.179,-56.411,-306.434,839.082,423.524,-178.074,1494.441,519.12,-189.463,1392.277,587.172,-86.439,1181.706,558.38,79.709,1098.075,503.508,157.636,1102.436,575.686,117.577,999.521,537.739,184.489,1041.021,153.39,-67.522,1013.063,388.662,-96.906,1008.332,218.409,-295.573,1069.667,277.428,-306.56,1070.533,79.951,-48.774,725.847,148.232,-6.054,860.382,163.203,46.656,699.064,128.115,26.288,533.884,129.944,84.119,351.406,180.303,113.318,447.021,198.556,147.307,352.136,179.895,187.239,100.576,236.222,148.391,58.853,208.944,285.715,149.764,242.903,347.441,142.788,166.28,328.279,105.264,219.969,386.391,156.916,434.477,-252.219,747.57,404.933,-109.447,830.935,363.588,-182.179,627.799,385.861,-334.808,530.233,379.44,-427.687,362.203,334.033,-328.991,402.604,320.824,-370.734,327.555,315.814,-548.153,124.962,264.656,-607.02,116.106,285.271,-438.489,102.244,247.311,-397.112,53.459,332.238,-434.647,46.457,269.075,-354.149,45.739,296.05,-43.282,1371.31,298.543,-47.687,1410.236,247.624,-36.308,1375.886,206.586,-322.591,1005.493,209.757,-318.591,1043.823,256.377,-331.455,1002.818,70.41,-28.418,654.125,60.524,-48.593,686.308,70.613,13.433,678.899,121.341,110.458,266.854,111.359,93.349,301.417,126.907,152.663,290.233,431.56,-300.702,663.062,440.219,-293.931,700.773,434.478,-253.353,652.196,375.872,-499.355,281.229,384.673,-481.491,315.095,379.091,-457.139,257.115,168.642,-151.053,945.464,351.085,-172.401,943.116,176.078,19.136,515.017,330.033,-325.202,528.219,215.945,197.14,119.104,281.793,-524.842,132.923,217.828,270.731,136.628,277.882,-456.085,100.595,92.864,-160.735,1444.14,413.985,-178.839,1438.25,-31.447,-281.38,1184.19,554.449,-110.716,1159.3,-45.317,-318.893,835.812,523.369,183.94,1031.95,253.134,-146.25,1048.54,222.583,217.053,104.308,37.654,-1.375,-0.037,-0.368,3.446,-29.992,2.746,-1.963,16.452,-35.4,1.194,5.449,-4.596,-0.642,-2.743,7.395,2.967,-15.673,13.6,-2.283,19.83,-36.454,0.461,8.561,-6.641,2.727,0.723,-6.641,-2.727,-0.723,-17.266,23.516,51.891,28.96,0,0,-9.197,14.936,80.498,8.401,-7.421,5.779,22.45,25.198,22.543,58.835,0,0,8.498,18.696,87.744,8.401,7.421,-5.779,-114.777,4.803,-6.957,-75.852,3.199,-5.26,15.131,0.916,6.927,15.131,-0.916,-6.927,8.588,-0.691,5.683,8.588,0.691,-5.683,-17.059,6.643,-1.083,-17.059,-6.643,1.083,0,0,0,0,0,0,0.305,0.211,2.219,-0.363,-0.002,0.828,-0.188,0.16,-0.327,0.69,-0.128,2.237,0.304,-0.052,0.949,-0.251,0.009,0.043,0,0,0,0,0,0,426.288,98.304,-34.804,-347.326,-23.981,-11.941,36.987,0.962,-9.384,-396.609,94.03,2.346,-3.755,-9.104,1.411,15.928,-2.74,0.68,0,0,-0.123,0,0,0.835,0,0,-0.004,0,0,0.043,0,0,0.01,0,0,0.023
31.1,260.035,-143.29,942.759,280.677,32.825,894.758,77.722,-120.991,946.173,269.135,-96.036,1120.047,177.959,39.354,515.75,227.643,447.029,686.588,-264.046,86.769,531.148,173.861,-132.128,926.153,218.778,206.472,115.091,47.887,595.531,252.672,-192.717,57.034,26.555,187.689,45.846,530.701,220.902,280.525,130.52,202.147,192.446,330.992,3.484,264.117,102.97,246.91,79.847,44.784,220.902,280.525,130.52,212.862,295.331,198.157,151.726,281.72,122.035,217.94,212.422,145.076,331.499,-306.46,525.918,403.308,111.2,374.397,-112.423,-232.721,518.79,349.71,-155.869,949.646,283.6,-519.321,137.596,464.024,-177.726,-70.559,-113.242,-337.751,91.589,333.914,-312.165,521.162,279.227,-452.273,101.912,293.163,-388.527,313.968,58.638,-429.775,109.646,259.946,-663.592,166.704,279.227,-452.273,101.912,286.379,-395.752,144.009,209.311,-451.9,113.29,288.084,-494.971,157.736,265.611,-84.857,1460.92,282.705,80.677,1436.591,432.899,-101.351,1466.237,268.458,-109.597,1294.591,-32.45,-262.741,1181.48,-247.613,-392.621,1343.785,137.952,-506.73,1212.132,86.609,-148.252,1430.928,-34.261,-302.376,876.055,-269.943,-464.167,898.448,129.064,-536.226,905.433,-32.575,-265.475,1160.413,-47.127,-302.673,833.549,-101.493,-241.186,849.575,-105.869,-359.349,851.725,-22.901,-302.114,913.586,554.451,-95.51,1158.32,683.654,-389.525,1153.926,812.004,15.329,1314.967,412.571,-162.049,1438.676,521.681,147.502,1040.25,679.924,69.312,835.398,738.518,240.818,1172.132,554.24,-93.946,1157.56,525.048,199.893,1032.89,607.78,201.866,1084.822,473.45,214.667,1114.529,518.844,103.336,1046.443,275.299,42.431,1721.98,275.736,15.65,1730.141,303.117,41.925,1718.83,272.139,34.274,1695.381,203.641,-25.347,1719.433,343.496,-31.694,1707.21,190.503,-160.365,1694.896,328.852,-179.978,1674.658,181.893,-122.739,1629.462,340.145,-120.705,1615.072,274.718,17.488,1720.862,249.574,-220.412,1535.994,248.607,-245.198,1498.526,253.215,-285.235,1229.363,266.322,-77.967,1459.914,263.407,-29.844,1268.427,352.682,-297.049,1386.525,85.072,-141.184,1498.559,-5.901,-175.529,1404.853,-39.556,-219.324,1164.937,-48.942,-247.397,964.119,-2.879,-242.166,863.706,-95.622,-331.769,887.61,-58.179,-290.173,836.807,422.625,-161.091,1493.484,518.322,-173.333,1391.353,587.482,-71.631,1180.702,559.51,95.021,1098.041,505.103,173.176,1103.073,576.798,133.481,999.673,539.443,200.236,1041.931,153.866,-48.974,1011.817,389.086,-78.513,1006.422,218.69,-277.323,1068.23,277.847,-287.998,1069.001,81.619,-28.534,725.959,149.172,13.386,861.963,164.114,66.797,700.137,129.797,46.012,533.381,132.485,100.666,349.774,183.09,131.061,444.82,201.645,162.77,349.091,182.384,196.164,98.056,239.073,156.087,59.365,212.027,296.337,143.352,245.909,357.729,133.859,169.094,336.819,97.318,223.006,397.31,145.442,434.857,-233.757,745.483,405.469,-90.994,829.1,364.69,-163.085,625.568,387.499,-316.419,528.515,380.994,-414.583,363.592,335.841,-314.423,400.606,322.74,-358.901,327.038,317.569,-543.035,130.39,266.432,-601.976,124.723,286.579,-434.581,102.612,247.581,-395.925,52.626,332.523,-433.635,46.045,268.911,-354.486,45.46,295.623,-25.643,1370.314,297.972,-30.103,1409.241,247.187,-18.65,1374.716,206.362,-303.939,1003.941,209.786,-300.049,1042.261,256.077,-312.873,1001.011,72.467,-8.286,653.996,62.371,-28.766,685.948,72.317,33.345,679.139,123.982,125.131,264.92,113.882,108.943,299.878,129.932,167.772,287.288,432.359,-282.007,661.089,440.798,-275.239,698.838,435.617,-234.654,650.241,377.602,-488.989,285.271,386.385,-469.997,318.503,380.915,-447.659,259.685,168.826,-132.544,944.172,351.245,-154.037,941.346,177.959,39.354,515.75,331.499,-306.46,525.918,218.778,206.472,115.091,283.6,-519.321,137.596,220.902,280.525,130.52,279.227,-452.273,101.912,91.897,-143.167,1442,413.29,-161.712,1437.25,-32.45,-262.741,1181.48,554.451,-95.51,1158.32,-47.127,-302.673,833.549,525.048,199.893,1032.89,253.443,-128.967,1047.12,225.55,226.212,101.359,37.723,-1.175,-0.432,1.148,3.615,-28.991,2.554,-1.9,15.891,-36.016,1.345,5.095,-4.55,-1.029,-2.979,9.341,2.842,-15.713,12.58,-2.329,20.25,-36.538,0.072,9.089,-6.822,3.127,0.545,-6.822,-3.127,-0.545,-17.247,23.752,52.691,28.547,0,0,-9.961,14.929,79.573,8.543,-7.512,5.757,22.029,24.981,22.224,59.304,0,0,8.727,18.925,87.805,8.543,7.512,-5.757,-113.134,4.93,-6.796,-72.954,3.615,-4.986,15.15,1.065,6.973,15.15,-1.065,-6.973,8.46,-0.97,5.834,8.46,0.97,-5.834,-17.049,6.481,-0.899,-17.049,-6.481,0.899,0.083,-0.021,0.855,0,0,0,0.002,0.308,1.492,-0.602,0.082,0.046,0.595,0.373,-0.565,0.764,-0.125,2.292,0.33,-0.055,1.014,-0.275,0.016,0.053,-90.61,-5.836,8.185,0,0,0,598.483,169.416,-41.583,-408.606,39.351,-11.121,22.976,-0.796,-7.417,-454.418,99.831,5.389,4.708,-14.908,2.498,16.87,-3.139,1.854,0,0,-0.141,0,0,1.188,0,0,0.004,0,0,0.173,0,0,-0.019,0,0,0.035
31.11,260.092,-124.743,941.71,280.539,51.408,893.757,77.79,-102.472,945.789,269.816,-77.609,1118.997,179.82,59.886,517.01,224.867,467.971,688.157,-262.679,103.121,530.39,175.46,-111.727,927.355,221.061,214.136,111.21,57.79,609.962,238.345,-193.487,69.479,29.213,189.57,66.166,531.462,223.641,288.691,123.91,204.236,208.15,327.467,6.138,272.641,96.825,248.433,84.842,45.617,223.641,288.691,123.91,215.824,306.672,190.8,154.442,289.587,115.583,220.633,221.352,141.661,333.355,-286.278,523.331,407.014,131.664,373.486,-110.358,-211.596,513.518,349.107,-136.94,947.601,285.627,-512.421,142.865,468.426,-179.438,-76.85,-110.127,-330.582,89.186,335.94,-291.91,518.913,280.727,-447.579,103.375,297.095,-371.522,311.156,60.212,-424.849,112.425,262.542,-654.76,180.645,280.727,-447.579,103.375,288.612,-388.588,141.792,211.091,-446.712,116.336,291.05,-486.787,161.462,264.667,-67.325,1460.05,282.232,98.221,1436.14,431.889,-84.174,1466.239,268.364,-91.745,1293.69,-33.504,-243.529,1178.9,-252.086,-369.441,1339.757,132.485,-490.321,1211.278,85.561,-130.627,1429.067,-35.517,-284.9,873.873,-274.075,-442.342,896.801,123.575,-521.439,904.905,-33.642,-246.362,1158.012,-48.873,-285.59,831.43,-102.941,-223.836,847.441,-107.524,-341.963,850.803,-23.773,-284.294,911.189,554.317,-80.682,1157.57,680.407,-376.057,1154.107,813.042,27.93,1313.846,411.768,-144.823,1438.146,523.142,162.67,1040.05,680.343,83.649,834.715,740.964,254.112,1171.62,554.131,-79.225,1156.864,526.935,215.046,1033,609.811,216.01,1084.731,475.67,229.78,1114.855,519.941,118.467,1046.004,273.886,59.634,1721,274.225,32.854,1729.167,301.713,59.055,1717.944,270.794,51.481,1694.393,202.035,-7.91,1718.219,341.937,-14.646,1706.487,188.59,-142.871,1693.688,326.974,-162.837,1673.934,180.33,-105.267,1628.231,338.705,-103.67,1614.353,273.243,34.693,1719.88,248.111,-203.011,1534.724,247.127,-227.757,1497.188,253.109,-267.277,1227.961,265.398,-60.434,1459.049,263.093,-11.646,1267.697,351.775,-279.557,1385.349,83.822,-123.724,1496.779,-6.602,-157.481,1402.087,-39.228,-200.047,1161.997,-49.545,-229.181,961.52,-4.163,-224.872,860.62,-96.824,-314.092,886.172,-59.865,-273.036,834.685,421.646,-143.996,1492.964,517.427,-157.182,1390.849,587.64,-57.144,1179.878,560.726,109.761,1097.595,506.9,188.24,1103.01,578.058,148.42,999.276,541.355,215.214,1042.005,154.197,-30.45,1011.234,389.373,-59.973,1004.916,219.117,-259.093,1067.191,278.415,-269.365,1067.85,83.561,-8.448,726.471,149.59,33.202,864.226,164.835,87.188,701.44,131.26,65.898,533.464,134.603,117.136,348.704,185.802,148.677,442.954,204.529,177.716,346.236,184.232,203.607,95.727,241.063,161.812,60.33,214.819,305.605,136.308,248.778,366.478,123.83,171.681,343.774,88.566,226.133,406.883,132.406,435.299,-214.503,743.424,405.901,-72.034,827.669,365.974,-142.785,623.501,389.541,-296.553,526.662,382.847,-400.089,365.198,338.191,-298.39,398.552,325.163,-345.657,326.641,319.487,-536.582,136.557,268.34,-595.233,134.665,288.059,-429.881,102.955,247.867,-394.537,51.785,332.784,-432.412,45.76,268.762,-354.886,45.182,295.047,-7.896,1369.773,297.278,-12.427,1408.7,246.623,-0.893,1374.022,206.378,-285.341,1002.732,210.046,-281.556,1041.034,256.055,-294.217,999.508,74.507,11.595,654.359,64.361,-9.158,686.139,73.998,53.05,679.789,126.06,139.436,263.477,115.879,124.337,298.906,132.666,182.524,284.69,433.322,-262.205,659.004,441.485,-255.554,696.818,437.01,-214.829,648.314,379.452,-477.234,289.751,388.275,-457.107,322.305,383.032,-436.903,262.691,168.887,-114.009,943.455,351.297,-135.476,939.964,179.82,59.886,517.01,333.355,-286.278,523.331,221.061,214.136,111.21,285.627,-512.421,142.865,223.641,288.691,123.91,280.727,-447.579,103.375,90.883,-125.58,1440.25,412.503,-144.493,1436.7,-33.504,-243.529,1178.9,554.317,-80.682,1157.57,-48.873,-285.59,831.43,526.935,215.046,1033,253.713,-111.573,1046.09,227.941,233.708,98.319,37.73,-0.949,-1.104,2.927,3.798,-27.346,2.129,-1.817,15.136,-36.564,1.502,4.696,-4.36,-1.514,-3.282,11.556,2.771,-15.913,11.116,-2.394,20.832,-36.688,-0.185,9.678,-6.957,3.58,0.287,-6.957,-3.58,-0.287,-17.106,23.995,53.612,28.128,0,0,-10.852,14.89,78.539,8.669,-7.632,5.729,21.538,24.73,21.958,59.657,0,0,8.9,19.098,87.819,8.669,7.632,-5.729,-111.01,5.098,-6.477,-69.546,4.245,-4.701,15.135,1.272,6.965,15.135,-1.272,-6.965,8.351,-1.259,5.996,8.351,1.259,-5.996,-17.038,6.34,-0.699,-17.038,-6.34,0.699,-0.093,0.468,2.885,0,0,0,-1.222,0.037,-0.138,-1.657,-0.171,-1.701,2.315,0.703,-1.67,0.822,-0.114,2.34,0.346,-0.054,1.081,-0.3,0.022,0.061,-325.171,-91.944,-4.21,0,0,0,1548.31,-30.006,-89.181,-842.198,14.078,-21.348,5.904,21.087,-6.561,-507.705,103.481,8.366,12.794,-19.924,3.086,16.767,-3.567,2.61,0,0,-0.06,0,0,2.831,0,0,-0.001,0,0,0.341,0,0,-0.053,0,0,0.047
31.12,260.013,-106.137,941.161,280.023,70.109,893.372,77.706,-84.09,946.137,270.523,-59.253,1118.469,181.592,80.502,518.693,220.526,489.11,690.089,-261.485,118.152,529.583,177.088,-91.18,929.008,222.779,220.462,107.78,69.582,623.821,223.241,-195.575,82.914,33.216,190.999,86.742,532.76,225.943,295.466,117.304,205.874,223.799,324.089,8.325,279.986,90.818,249.145,88.287,47.752,225.943,295.466,117.304,218.405,316.838,183.221,156.719,296.15,109.166,222.801,229.122,138.455,335.659,-264.552,520.433,411.309,154.161,373.766,-107.819,-188.955,507.507,348.269,-117.858,945.729,287.879,-503.893,148.735,474.271,-180.876,-82.537,-106.16,-321.043,86.548,338.47,-269.811,516.45,282.382,-441.854,105.044,302.153,-351.983,306.929,62.057,-418.185,116.085,265.317,-643.319,196.4,282.382,-441.854,105.044,291.012,-380.264,138.957,213.107,-440.245,119.75,294.397,-476.811,165.472,263.647,-49.75,1459.63,281.701,115.794,1436.078,430.796,-66.969,1466.725,268.219,-73.919,1293.255,-34.591,-223.782,1176.52,-256.94,-345.292,1335.589,126.31,-473.706,1210.517,84.483,-112.966,1427.614,-36.636,-266.541,871.859,-278.373,-419.042,894.885,117.582,-506.08,904.443,-34.73,-226.688,1155.817,-50.515,-267.595,829.493,-104.212,-205.528,845.54,-109.102,-323.603,850.08,-24.488,-265.618,908.94,554.034,-66.216,1157.08,677.03,-362.906,1155,813.941,40.44,1312.74,410.934,-127.509,1438.012,524.755,177.102,1039.25,680.928,96.394,833.787,743.573,266.897,1170.301,553.869,-64.852,1156.422,529.019,229.407,1032.27,612.028,229.509,1083.797,478.097,244.492,1114.275,521.149,132.878,1045.14,272.494,76.869,1720.46,272.727,50.09,1728.633,300.328,76.204,1717.488,269.458,68.72,1693.845,200.414,9.596,1717.456,340.339,2.446,1706.194,186.651,-125.318,1692.947,325.016,-145.664,1673.663,178.724,-87.728,1627.459,337.137,-86.617,1614.062,271.779,51.929,1719.335,246.564,-185.52,1533.905,245.559,-210.225,1496.301,252.96,-249.341,1227.041,264.398,-42.86,1458.655,262.723,6.6,1267.439,350.899,-261.992,1384.664,82.516,-106.232,1495.412,-7.312,-139.25,1399.622,-38.786,-180.252,1159.298,-49.996,-210.153,959.133,-5.268,-206.723,857.734,-97.909,-295.481,884.886,-61.431,-254.978,832.755,420.604,-126.806,1492.913,516.456,-141.001,1390.796,587.634,-42.959,1179.274,562.011,123.942,1096.755,508.878,202.837,1102.242,579.454,162.384,998.336,543.463,229.425,1041.238,154.364,-12.006,1011.335,389.491,-41.349,1003.83,219.716,-240.938,1066.561,279.181,-250.73,1067.075,85.565,11.303,727.337,149.413,53.184,866.804,165.413,107.536,702.931,132.475,85.837,534.177,136.202,133.576,348.28,188.336,166.087,441.554,207.094,192.197,343.758,185.466,209.961,93.763,242.239,166.093,61.671,217.205,313.736,129.146,251.379,373.939,113.451,173.947,349.499,79.67,229.182,415.272,118.749,435.864,-194.422,741.4,406.237,-52.593,826.664,367.535,-121.211,621.617,392.011,-275.126,524.656,385.021,-384.024,367.014,341.15,-280.741,396.443,328.118,-330.805,326.36,321.575,-528.522,143.498,270.393,-586.404,145.985,289.717,-424.28,103.338,248.192,-392.875,51.06,333.035,-430.907,45.765,268.67,-355.269,44.859,294.348,9.931,1369.703,296.478,5.312,1408.633,245.953,16.931,1373.82,206.691,-266.866,1001.896,210.599,-263.176,1040.168,256.356,-275.551,998.329,76.357,31.135,655.192,66.282,10.171,686.866,75.527,72.47,680.813,127.496,153.512,262.62,117.263,139.622,298.549,135.039,197,282.584,434.515,-241.245,656.79,442.344,-234.838,694.698,438.687,-193.828,646.409,381.43,-463.875,294.677,390.337,-442.619,326.499,385.459,-424.661,266.155,168.804,-95.515,943.355,351.222,-116.759,938.968,181.592,80.502,518.693,335.659,-264.552,520.433,222.779,220.462,107.78,287.879,-503.893,148.735,225.943,295.466,117.304,282.382,-441.854,105.044,89.838,-107.981,1438.91,411.643,-127.205,1436.62,-34.591,-223.782,1176.52,554.034,-66.216,1157.08,-50.515,-267.595,829.493,529.019,229.407,1032.27,253.966,-94.081,1045.48,229.722,239.915,95.409,37.692,-0.647,-1.938,4.91,3.947,-25.178,1.56,-1.707,14.137,-36.992,1.637,4.307,-4.013,-2.115,-3.671,14.055,2.755,-16.265,9.17,-2.477,21.571,-36.95,-0.256,10.29,-7.036,4.097,-0.054,-7.036,-4.097,0.054,-16.845,24.246,54.63,27.718,0,0,-11.858,14.809,77.413,8.772,-7.784,5.688,20.987,24.445,21.742,59.881,-0,-0,9.036,19.234,87.797,8.772,7.784,-5.688,-108.558,5.269,-6.061,-65.608,5.128,-4.411,15.084,1.552,6.896,15.084,-1.552,-6.896,8.266,-1.558,6.164,8.266,1.558,-6.164,-17.024,6.225,-0.479,-17.024,-6.225,0.479,-0.493,0.134,4.167,0,0,0,-1.41,-0.371,-1.418,-1.588,-0.531,-3.076,3.706,0.356,-1.637,0.857,-0.095,2.379,0.348,-0.049,1.146,-0.324,0.028,0.066,-466.194,-169.386,-50.634,0,0,0,1428.81,-342.447,-75.493,-689.261,-81.899,-20.409,-87.758,13.84,-2.766,-551.483,104.831,10.985,20.773,-23.433,3.034,15.319,-4.025,2.807,0,0,0.218,0,0,2.581,0,0,-0.09,0,0,0.544,0,0,-0.093,0,0,0.055
31.13,259.817,-87.546,941.104,279.142,88.851,893.593,77.491,-65.936,947.177,271.238,-41.03,1118.453,183.235,100.992,520.721,215.622,510.032,692.449,-260.365,132.734,528.775,178.386,-70.857,930.962,223.992,225.669,105.014,82.989,636.85,207.715,-198.602,97.463,38.11,191.88,107.379,534.52,227.774,300.997,111.147,207.188,238.89,320.951,10.027,286.124,85.379,249.255,90.711,51.005,227.774,300.997,111.147,220.57,325.715,175.922,158.522,301.539,103.238,224.466,235.825,135.649,338.46,-241.195,517.209,416.367,178.758,375.347,-104.72,-164.556,500.698,347.21,-98.644,944.008,290.376,-493.518,155.198,481.48,-181.808,-87.463,-101.328,-309.091,83.623,341.519,-245.744,513.752,284.199,-434.964,107.02,308.465,-330.063,301.011,64.235,-409.387,120.704,268.306,-628.786,213.818,284.199,-434.964,107.02,293.544,-370.791,135.522,215.365,-432.273,123.53,298.073,-464.838,169.733,262.574,-32.162,1459.7,281.108,133.368,1436.425,429.644,-49.742,1467.716,268.031,-56.167,1293.328,-35.678,-203.549,1174.4,-261.979,-320.365,1331.4,119.611,-456.806,1209.799,83.402,-95.282,1426.6,-37.586,-247.26,870.05,-282.674,-394.373,892.715,111.252,-489.994,903.978,-35.807,-206.497,1153.879,-52.005,-248.643,827.772,-105.28,-186.234,843.899,-110.546,-304.245,849.557,-25.025,-246.054,906.883,553.591,-52.094,1156.9,673.563,-350.027,1156.634,814.678,52.902,1311.711,410.073,-110.137,1438.309,526.5,190.798,1037.85,681.663,107.528,832.644,746.312,279.196,1168.186,553.447,-50.802,1156.264,531.297,242.978,1030.71,614.42,242.367,1082.048,480.725,258.864,1112.781,522.436,146.579,1043.91,271.131,94.119,1720.35,271.248,67.34,1728.53,298.971,93.356,1717.456,268.14,85.974,1693.728,198.795,27.138,1717.145,338.721,19.557,1706.339,184.698,-107.732,1692.668,323.013,-128.486,1673.847,177.089,-70.143,1627.14,335.467,-69.566,1614.197,270.332,69.181,1719.234,244.973,-167.968,1533.552,243.952,-192.633,1495.875,252.783,-231.48,1226.628,263.345,-25.273,1458.735,262.329,24.835,1267.656,350.052,-244.394,1384.482,81.185,-88.71,1494.478,-8.022,-120.839,1397.513,-38.252,-159.997,1156.918,-50.293,-190.321,957.025,-6.166,-187.662,855.118,-98.845,-275.919,883.763,-62.836,-235.956,831.05,419.521,-109.542,1493.343,515.446,-124.781,1391.214,587.45,-29.053,1178.925,563.348,137.572,1095.535,511.016,216.973,1100.772,580.962,175.368,996.872,545.76,242.872,1039.642,154.372,6.285,1012.108,389.417,-22.716,1003.172,220.495,-222.908,1066.342,280.174,-232.165,1066.671,87.436,30.639,728.542,148.655,73.061,869.4,165.914,127.607,704.641,133.456,105.719,535.509,137.262,149.897,348.49,190.61,183.168,440.661,209.273,206.185,341.755,186.192,215.452,92.258,242.74,169.322,63.246,219.141,320.82,122.329,253.619,380.256,103.397,175.823,354.216,71.244,232,422.518,105.377,436.608,-173.48,739.404,406.486,-32.707,826.097,369.487,-98.32,619.939,394.905,-252.086,522.483,387.526,-366.216,369.021,344.738,-261.351,394.285,331.592,-314.177,326.184,323.865,-518.594,151.231,272.632,-575.123,158.666,291.559,-417.668,103.868,248.603,-390.822,50.622,333.312,-429.006,46.273,268.694,-355.5,44.445,293.559,27.796,1370.102,295.599,23.079,1409.035,245.205,34.784,1374.101,207.329,-248.57,1001.449,211.492,-244.968,1039.677,256.991,-256.942,997.479,77.896,50.349,656.479,67.949,29.244,688.109,76.837,91.612,682.212,128.31,167.326,262.341,118.036,154.73,298.768,137.044,211.135,281.003,436.001,-219.099,654.423,443.445,-213.074,692.452,440.657,-171.624,644.515,383.555,-448.712,300.046,392.572,-426.34,331.073,388.193,-410.733,270.082,168.598,-77.142,943.845,351.036,-97.95,938.362,183.235,100.992,520.721,338.46,-241.195,517.209,223.992,225.669,105.014,290.376,-493.518,155.198,227.774,300.997,111.147,284.199,-434.964,107.02,88.79,-90.382,1438.01,410.728,-109.872,1437.02,-35.678,-203.549,1174.4,553.591,-52.094,1156.9,-52.005,-248.643,827.772,531.297,242.978,1030.71,254.226,-76.511,1045.31,230.941,245.071,92.788,37.637,-0.237,-2.79,7.053,4.026,-22.684,0.986,-1.572,12.895,-37.278,1.755,3.961,-3.497,-2.827,-4.16,16.848,2.785,-16.734,6.729,-2.575,22.44,-37.369,-0.09,10.847,-7.058,4.664,-0.471,-7.058,-4.664,0.471,-16.462,24.503,55.71,27.337,0,0,-12.954,14.667,76.228,8.849,-7.955,5.625,20.387,24.132,21.572,59.959,0,0,9.102,19.339,87.736,8.849,7.955,-5.625,-105.961,5.401,-5.609,-61.145,6.295,-4.108,14.997,1.895,6.76,14.997,-1.895,-6.76,8.21,-1.859,6.331,8.21,1.859,-6.331,-17.011,6.132,-0.241,-17.011,-6.132,0.241,-0.673,-0.789,4.852,0,0,0,-0.888,-0.5,-2.401,-0.735,-0.616,-4.028,4.682,-0.079,-0.73,0.866,-0.068,2.406,0.334,-0.038,1.203,-0.347,0.034,0.067,-468.58,-200.547,-81.959,0,0,0,668.751,-397.714,-30.394,-210.093,-89.875,-14.247,-159.657,-0.834,-4.811,-581.752,102.279,13.442,29.504,-25.722,2.535,12.156,-4.511,2.607,0,0,0.346,0,0,0.875,0,0,-0.154,0,0,0.765,0,0,-0.147,0,0,0.054
31.14,259.507,-69.05,941.526,277.908,107.546,894.388,77.153,-48.085,948.884,271.96,-22.995,1118.926,184.74,121.154,523.035,211.162,530.405,695.282,-259.245,147.704,528.059,179.081,-51.073,933.107,224.814,229.908,103.007,97.386,648.644,192.008,-202.033,112.695,43.329,192.222,127.828,536.615,229.182,305.403,105.774,208.331,252.872,318.152,11.301,291.084,80.841,248.979,92.485,55.053,229.182,305.403,105.774,222.396,333.196,169.336,159.895,305.859,98.177,225.737,241.481,133.356,341.772,-216.154,513.671,422.348,205.442,378.321,-100.998,-138.14,493.086,345.951,-79.312,942.404,293.141,-481.132,162.238,489.814,-181.943,-91.482,-95.693,-294.886,80.453,345.064,-219.662,510.815,286.185,-426.794,109.446,316.084,-306.14,293.223,66.828,-398.082,126.283,271.558,-610.761,232.604,286.185,-426.794,109.446,296.162,-360.261,131.62,217.854,-422.614,127.65,301.974,-450.748,174.214,261.481,-14.594,1460.23,280.475,150.911,1437.144,428.469,-32.515,1469.147,267.796,-38.523,1293.878,-36.719,-182.892,1172.58,-266.955,-294.946,1327.313,112.674,-439.525,1209.022,82.362,-77.582,1426.029,-38.346,-227.023,868.474,-286.781,-368.535,890.339,104.837,-472.995,903.403,-36.828,-185.843,1152.245,-53.294,-228.687,826.285,-106.118,-165.926,842.527,-111.808,-283.864,849.193,-25.384,-225.581,905.054,552.989,-38.294,1157.05,670.064,-337.371,1158.991,815.243,65.365,1310.786,409.207,-92.747,1439.041,528.348,203.76,1035.88,682.516,117.064,831.345,749.142,291.031,1165.312,552.862,-37.044,1156.427,533.752,255.77,1028.34,616.969,254.548,1079.515,483.548,272.89,1110.388,523.758,159.588,1042.294,269.787,111.368,1720.67,269.782,84.59,1728.853,297.631,110.501,1717.85,266.837,103.231,1694.041,197.187,44.684,1717.266,337.099,36.662,1706.914,182.745,-90.143,1692.821,320.999,-111.327,1674.466,175.443,-52.541,1627.244,333.737,-52.535,1614.745,268.898,86.434,1719.564,243.388,-150.398,1533.659,242.36,-175.023,1495.901,252.577,-213.742,1226.722,262.272,-7.705,1459.272,261.943,42.992,1268.326,349.246,-226.801,1384.8,79.868,-71.162,1493.984,-8.717,-102.259,1395.813,-37.65,-139.345,1154.923,-50.432,-169.698,955.252,-6.837,-167.64,852.839,-99.611,-255.392,882.807,-64.033,-215.928,829.587,418.421,-92.234,1494.248,514.437,-108.517,1392.11,587.084,-15.396,1178.861,564.72,150.664,1093.952,513.29,230.65,1098.608,582.549,187.377,994.911,548.232,255.557,1037.238,154.238,24.348,1013.51,389.138,-4.152,1002.935,221.443,-205.043,1066.526,281.395,-213.736,1066.624,89.024,49.563,730.087,147.417,92.556,871.849,166.398,147.239,706.612,134.252,125.4,537.375,137.846,165.88,349.235,192.577,199.758,440.224,211.059,219.584,340.236,186.57,220.179,91.235,242.761,171.76,64.887,220.667,326.861,116.215,255.469,385.495,94.205,177.287,358.054,63.788,234.487,428.598,93.057,437.573,-151.659,737.418,406.659,-12.427,825.965,371.941,-74.115,618.498,398.18,-227.427,520.144,390.354,-346.529,371.195,348.919,-240.147,392.103,335.529,-295.658,326.112,326.4,-506.576,159.745,275.107,-561.09,172.606,293.59,-409.929,104.692,249.171,-388.202,50.668,333.676,-426.528,47.531,268.914,-355.374,43.904,292.721,45.653,1370.941,294.677,40.833,1409.877,244.411,52.623,1374.835,208.29,-230.502,1001.391,212.741,-226.992,1039.562,257.944,-238.457,996.956,79.067,69.294,658.196,69.245,48.118,689.824,77.919,110.522,683.989,128.623,180.696,262.554,118.295,169.453,299.444,138.723,224.739,279.881,437.825,-195.784,651.887,444.837,-190.291,690.057,442.905,-148.234,642.624,385.847,-431.584,305.837,394.978,-408.11,335.997,391.213,-394.949,274.452,168.274,-58.969,944.909,350.741,-79.132,938.143,184.74,121.154,523.035,341.772,-216.154,513.671,224.814,229.908,103.007,293.141,-481.132,162.238,229.182,305.403,105.774,286.185,-426.794,109.446,87.779,-72.792,1437.56,409.786,-92.528,1437.91,-36.719,-182.892,1172.58,552.989,-38.294,1157.05,-53.294,-228.687,826.285,533.752,255.77,1028.34,254.508,-58.885,1045.59,231.714,249.311,90.551,37.594,0.307,-3.529,9.307,4.023,-20.111,0.538,-1.42,11.478,-37.411,1.89,3.661,-2.802,-3.649,-4.763,19.93,2.835,-17.257,3.806,-2.684,23.388,-37.972,0.354,11.23,-7.027,5.266,-0.954,-7.027,-5.266,0.954,-15.966,24.756,56.798,26.998,0,0,-14.085,14.45,75.04,8.892,-8.126,5.545,19.75,23.805,21.446,59.881,0,0,9.109,19.444,87.633,8.892,8.126,-5.545,-103.4,5.466,-5.168,-56.199,7.762,-3.78,14.881,2.295,6.558,14.881,-2.295,-6.558,8.185,-2.152,6.489,8.185,2.152,-6.489,-16.992,6.048,0.01,-16.992,-6.048,-0.01,-0.663,-1.205,6.243,0,0,0,-1.152,-0.553,-3.867,-0.494,-0.567,-5.491,6.139,-0.078,-0.386,0.847,-0.033,2.419,0.303,-0.022,1.248,-0.367,0.039,0.064,-537.064,-248.673,-88.269,0,0,0,614.258,-306.596,-32.008,-46.581,-7.71,-13.952,-195.988,8.919,-9.352,-596.603,93.939,16.442,40.232,-27.854,2.057,6.853,-5.023,2.366,0,0,0.333,0,0,0.245,0,0,-0.136,0,0,0.979,0,0,-0.222,0,0,0.035
31.15,259.098,-50.717,942.397,276.367,126.115,895.714,76.713,-30.586,951.183,272.671,-5.195,1119.852,186.119,140.757,525.569,207.953,549.993,698.493,-258.095,163.632,527.524,179.025,-32.033,935.382,225.388,233.298,101.75,111.842,658.786,176.355,-205.31,127.728,48.335,192.137,147.779,538.877,230.279,308.811,101.378,209.41,265.271,315.779,12.265,294.98,77.348,248.533,93.842,59.499,230.279,308.811,101.378,224.034,339.245,163.776,160.943,309.226,94.236,226.789,246.103,131.614,345.567,-189.444,509.872,429.37,234.081,382.757,-96.622,-109.486,484.759,344.518,-59.876,940.878,296.189,-466.642,169.831,498.862,-180.923,-94.473,-89.427,-278.786,77.211,349.03,-191.609,507.667,288.362,-417.237,112.508,324.941,-280.809,283.607,69.932,-383.966,132.677,275.107,-589.01,252.307,288.362,-417.237,112.508,298.847,-348.812,127.54,220.556,-411.147,132.082,305.977,-434.523,178.907,260.408,2.922,1461.19,279.825,168.392,1438.208,427.315,-15.309,1470.941,267.51,-21.011,1294.87,-37.651,-161.885,1171.1,-271.582,-269.452,1323.457,105.914,-421.75,1208.061,81.397,-59.874,1425.91,-38.9,-205.806,867.142,-290.472,-341.848,887.833,98.701,-454.874,902.567,-37.734,-164.797,1150.939,-54.332,-207.689,825.045,-106.703,-144.583,841.421,-112.843,-262.448,848.943,-25.575,-204.181,903.492,552.239,-24.785,1157.55,666.607,-324.88,1162.057,815.626,77.883,1310.009,408.349,-75.378,1440.204,530.268,215.999,1033.36,683.464,125.058,829.941,752.016,302.437,1161.716,552.125,-23.536,1156.908,536.371,267.792,1025.18,619.662,266.039,1076.22,486.566,286.599,1107.102,525.076,171.934,1040.32,268.45,128.599,1721.41,268.322,101.822,1729.595,296.298,127.627,1718.667,265.542,120.471,1694.774,195.596,62.197,1717.781,335.488,53.738,1707.894,180.81,-72.585,1693.358,319.008,-94.203,1675.486,173.816,-34.958,1627.723,332.006,-35.539,1615.681,267.47,103.668,1720.295,241.852,-132.86,1534.2,240.836,-157.446,1496.35,252.327,-196.166,1227.294,261.216,9.809,1460.226,261.589,61.001,1269.402,348.502,-209.254,1385.595,78.607,-53.593,1493.917,-9.381,-83.529,1394.56,-37.008,-118.36,1153.367,-50.408,-148.301,953.85,-7.262,-146.617,850.948,-100.195,-233.887,882.004,-64.978,-194.86,828.374,417.328,-74.917,1495.601,513.468,-92.207,1393.473,586.542,-1.955,1179.102,566.118,163.23,1092.023,515.684,243.872,1095.769,584.171,198.428,992.487,550.864,267.487,1034.058,153.984,42.12,1015.477,388.656,14.267,1003.098,222.527,-187.368,1067.095,282.81,-195.499,1066.919,90.247,68.118,731.971,145.86,111.436,874.122,166.898,166.316,708.841,134.934,144.675,539.609,138.087,181.211,350.343,194.23,215.669,440.125,212.5,232.253,339.141,186.778,224.166,90.663,242.51,173.573,66.441,221.89,331.832,111.035,256.956,389.695,86.232,178.369,361.092,57.64,236.612,433.491,82.34,438.769,-128.983,735.435,406.776,8.183,826.257,374.968,-48.671,617.335,401.761,-201.204,517.675,393.481,-324.889,373.516,353.587,-217.124,389.95,339.834,-275.212,326.161,329.223,-492.313,168.998,277.851,-544.119,187.602,295.826,-400.93,105.981,249.988,-384.767,51.398,334.211,-423.222,49.795,269.429,-354.6,43.228,291.879,63.447,1372.167,293.755,58.527,1411.109,243.61,70.401,1375.969,209.541,-212.699,1001.708,214.33,-209.301,1039.811,259.169,-220.161,996.75,79.879,88.003,660.284,70.13,66.808,691.933,78.805,129.214,686.115,128.62,193.347,263.117,118.211,183.49,300.416,140.153,237.546,279.098,439.985,-171.381,649.191,446.532,-166.573,687.512,445.388,-123.743,640.754,388.314,-412.392,312.009,397.55,-387.837,341.234,394.476,-377.201,279.231,167.848,-41.051,946.493,350.347,-60.382,938.301,186.119,140.757,525.569,345.567,-189.444,509.872,225.388,233.298,101.75,296.189,-466.642,169.831,230.279,308.811,101.378,288.362,-417.237,112.508,86.831,-55.215,1437.54,408.842,-75.204,1439.24,-37.651,-161.885,1171.1,552.239,-24.785,1157.55,-54.332,-207.689,825.045,536.371,267.792,1025.18,254.821,-41.23,1046.28,232.2,252.703,88.738,37.564,0.993,-4.054,11.604,3.945,-17.717,0.313,-1.264,10.014,-37.388,2.094,3.374,-1.928,-4.569,-5.483,23.283,2.861,-17.75,0.461,-2.793,24.326,-38.753,1.076,11.315,-6.948,5.882,-1.486,-6.948,-5.882,1.486,-15.368,24.988,57.814,26.706,-0,0,-15.18,14.151,73.936,8.904,-8.27,5.455,19.085,23.478,21.367,59.641,-0,0,9.031,19.565,87.475,8.904,8.27,-5.455,-101.023,5.468,-4.764,-50.859,9.507,-3.425,14.739,2.741,6.299,14.739,-2.741,-6.299,8.189,-2.421,6.636,8.189,2.421,-6.636,-16.969,5.96,0.263,-16.969,-5.96,-0.263,-0.5,-1.448,7.567,0,0,0,-1.588,-0.502,-5.231,-0.314,-0.364,-6.845,7.469,0.102,-0.092,0.802,0.008,2.418,0.257,-0,1.275,-0.38,0.045,0.058,-572.379,-274.486,-76.776,0,0,0,738.671,-89.372,-53.16,48.965,122.881,-12.245,-187.713,16.297,-12.594,-596.818,78.49,21.153,54.444,-31.435,2.206,-0.958,-5.544,2.466,0,0,0.12,0,0,-0.124,0,0,-0.058,0,0,1.163,0,0,-0.328,0,0,-0.009
31.16,258.586,-32.615,943.667,274.562,144.468,897.48,76.176,-13.464,953.995,273.357,12.349,1121.169,187.377,159.537,528.223,206.409,568.642,701.786,-256.929,180.623,527.24,178.245,-13.788,937.77,225.859,235.958,101.146,125.349,667.015,161.031,-208.004,141.518,52.747,191.812,166.896,541.112,231.201,311.376,98.006,210.484,275.83,313.89,13.062,297.995,74.869,248.087,94.913,63.985,231.201,311.376,98.006,225.645,343.928,159.392,161.802,311.791,91.504,227.799,249.741,130.382,349.77,-161.161,505.918,437.471,264.424,388.698,-91.611,-78.467,475.923,342.944,-40.357,939.409,299.507,-450.03,177.946,508.105,-178.351,-96.363,-82.802,-261.22,74.22,353.315,-161.743,504.387,290.762,-406.168,116.402,334.784,-254.796,272.524,73.628,-366.893,139.547,278.916,-563.551,272.337,290.762,-406.168,116.402,301.632,-336.555,123.734,223.442,-397.804,136.798,309.94,-416.266,183.842,259.395,20.352,1462.5,279.192,185.781,1439.546,426.227,1.843,1472.99,267.187,-3.653,1296.221,-38.413,-140.612,1169.95,-275.587,-244.373,1319.915,99.809,-403.382,1206.741,80.542,-42.161,1426.2,-39.242,-183.596,866.052,-293.548,-314.677,885.286,93.241,-435.447,901.314,-38.468,-143.437,1149.972,-55.072,-185.624,824.044,-107.014,-122.2,840.557,-113.616,-239.996,848.731,-25.613,-181.85,902.217,551.37,-11.538,1158.4,663.298,-312.494,1165.798,815.826,90.527,1309.407,407.522,-58.072,1441.772,532.234,227.529,1030.33,684.499,131.6,828.509,754.882,313.459,1157.464,551.267,-10.237,1157.704,539.132,279.062,1021.29,622.478,276.837,1072.221,489.778,299.993,1102.969,526.361,183.655,1038.022,267.11,145.791,1722.5,266.861,119.015,1730.685,294.963,144.719,1719.841,264.254,137.673,1695.855,194.023,79.643,1718.635,333.905,70.765,1709.245,178.919,-55.096,1694.22,317.073,-77.133,1676.863,172.239,-17.435,1628.522,330.328,-18.587,1616.971,266.044,120.864,1721.383,240.403,-115.407,1535.13,239.428,-139.959,1497.183,252.028,-178.776,1228.296,260.219,27.237,1461.54,261.293,78.797,1270.82,347.839,-191.792,1386.832,77.445,-36.013,1494.254,-9.993,-64.671,1393.771,-36.355,-97.108,1152.276,-50.219,-126.154,952.835,-7.431,-124.57,849.484,-100.593,-211.403,881.326,-65.632,-172.731,827.401,416.265,-57.636,1497.354,512.572,-75.864,1395.272,585.848,11.306,1179.65,567.533,175.289,1089.774,518.184,256.64,1092.284,585.789,208.552,989.645,553.634,278.675,1030.147,153.631,59.554,1017.927,387.988,32.48,1003.634,223.696,-169.903,1068.022,284.35,-177.497,1067.539,91.095,86.328,734.159,144.182,129.561,876.286,167.411,184.743,711.244,135.562,163.27,541.985,138.153,195.549,351.618,195.6,230.702,440.206,213.678,244.037,338.364,186.977,227.419,90.476,242.172,174.875,67.792,222.941,335.731,106.883,258.146,392.91,79.656,179.132,363.4,52.946,238.393,437.223,73.527,440.167,-105.535,733.474,406.865,29.046,826.96,378.574,-22.146,616.507,405.547,-173.539,515.156,396.87,-301.309,375.979,358.587,-192.352,387.916,344.38,-252.88,326.377,332.347,-475.743,178.9,280.86,-524.171,203.347,298.289,-390.515,107.908,251.167,-380.176,52.986,335.013,-418.752,53.28,270.361,-352.789,42.451,291.083,81.122,1373.716,292.884,76.114,1412.665,242.844,88.072,1377.435,211.024,-195.188,1002.375,216.201,-191.938,1040.403,260.605,-202.106,996.845,80.388,106.408,662.634,70.643,85.236,694.311,79.543,147.611,688.492,128.51,204.977,263.875,117.988,196.507,301.518,141.41,249.281,278.512,442.42,-146.043,646.39,448.487,-142.066,684.856,448.044,-98.307,638.951,390.954,-391.12,318.51,400.276,-365.507,346.74,397.924,-357.449,284.374,167.324,-23.439,948.534,349.848,-41.791,938.801,187.377,159.537,528.223,349.77,-161.161,505.918,225.859,235.958,101.146,299.507,-450.03,177.946,231.201,311.376,98.006,290.762,-406.168,116.402,85.981,-37.659,1437.92,407.931,-57.94,1440.96,-38.413,-140.612,1169.95,551.37,-11.538,1158.4,-55.072,-185.624,824.044,539.132,279.062,1021.29,255.161,-23.583,1047.36,232.557,255.303,87.338,37.532,1.807,-4.323,13.852,3.821,-15.714,0.35,-1.12,8.65,-37.211,2.412,3.06,-0.878,-5.578,-6.32,26.866,2.816,-18.128,-3.183,-2.89,25.139,-39.651,2.019,11.003,-6.841,6.494,-2.048,-6.841,-6.494,2.048,-14.69,25.184,58.676,26.462,0,-0,-16.163,13.773,73.002,8.892,-8.362,5.358,18.4,23.167,21.342,59.238,-0,0,8.861,19.721,87.248,8.892,8.362,-5.358,-98.932,5.425,-4.406,-45.265,11.461,-3.06,14.585,3.223,5.993,14.585,-3.223,-5.993,8.215,-2.655,6.767,8.215,2.655,-6.767,-16.945,5.854,0.513,-16.945,-5.854,-0.513,-0.154,-1.861,8.593,0,0,0,-1.781,-0.265,-6.409,0.169,0.043,-7.924,8.514,0.398,0.485,0.735,0.056,2.404,0.198,0.026,1.279,-0.387,0.051,0.05,-526.087,-266.927,-63.93,0,0,0,690.484,318.73,-77.186,233.949,318.463,1.84,-135.448,19.494,-5.653,-585.714,55.579,28.834,73.241,-38.106,3.481,-11.401,-6.045,3.091,0,0,-0.425,0,0,-0.816,0,0,0.031,0,0,1.3,0,0,-0.474,0,0,-0.076
31.17,257.993,-14.79,945.292,272.58,162.546,899.621,75.569,3.283,957.201,273.982,29.618,1122.828,188.5,177.21,530.859,206.45,586.262,704.663,-255.794,198.251,527.224,176.936,3.753,940.288,226.338,238.018,101.043,136.907,673.276,146.335,-209.878,153.034,56.411,191.463,184.848,543.147,232.063,313.276,95.58,211.579,284.48,312.49,13.814,300.33,73.251,247.766,95.786,68.19,232.063,313.276,95.58,227.338,347.408,156.171,162.591,313.726,89.909,228.895,252.502,129.568,354.262,-131.493,501.975,446.567,296.105,396.168,-86.04,-45.119,466.925,341.268,-20.792,938.016,303.044,-431.342,186.539,516.98,-173.803,-97.14,-76.167,-242.581,71.925,357.803,-130.325,501.115,293.426,-393.418,121.291,345.155,-228.794,260.749,77.932,-346.962,146.385,282.845,-534.72,292.017,293.426,-393.418,121.291,304.62,-323.473,120.755,226.497,-382.55,141.793,313.752,-396.151,189.094,258.487,37.663,1464.11,278.631,203.048,1441.143,425.249,18.896,1475.234,266.864,13.557,1297.874,-38.954,-119.159,1169.13,-278.764,-220.188,1316.748,94.81,-384.361,1204.932,79.811,-24.46,1426.878,-39.37,-160.399,865.184,-295.86,-287.394,882.766,88.836,-414.583,899.498,-38.981,-121.845,1149.327,-55.479,-162.478,823.263,-107.036,-98.777,839.916,-114.107,-216.519,848.472,-25.515,-158.612,901.24,550.422,1.482,1159.57,660.234,-300.158,1170.135,815.861,103.348,1308.978,406.753,-40.869,1443.688,534.22,238.382,1026.84,685.608,136.835,827.119,757.695,324.144,1152.628,550.325,2.9,1158.778,542.003,289.597,1016.71,625.393,286.971,1067.55,493.176,313.084,1098.011,527.596,194.798,1035.445,265.765,162.922,1723.9,265.401,136.147,1732.085,293.623,161.76,1721.337,262.974,154.812,1697.246,192.475,96.991,1719.772,332.365,87.725,1710.924,177.099,-37.71,1695.35,315.227,-60.131,1678.554,170.746,-0.014,1629.589,328.752,-1.688,1618.58,264.622,137.998,1722.778,239.068,-98.083,1536.402,238.166,-122.61,1498.358,251.705,-161.573,1229.663,259.325,44.547,1463.151,261.082,96.326,1272.51,347.27,-174.453,1388.462,76.42,-18.435,1494.958,-10.534,-45.714,1393.449,-35.72,-75.649,1151.655,-49.863,-103.286,952.199,-7.337,-101.496,848.463,-100.807,-187.949,880.732,-65.96,-149.528,826.648,415.252,-40.441,1499.45,511.766,-59.512,1397.455,585.036,24.425,1180.486,568.965,186.867,1087.231,520.781,268.961,1088.19,587.367,217.796,986.441,556.513,289.14,1025.556,153.197,76.634,1020.763,387.169,50.44,1004.513,224.889,-152.661,1069.281,285.922,-159.766,1068.472,91.621,104.138,736.568,142.578,146.901,878.438,167.895,202.422,713.65,136.17,180.87,544.261,138.204,208.586,352.874,196.743,244.683,440.311,214.678,254.807,337.783,187.275,229.965,90.583,241.877,175.757,68.878,223.929,338.611,103.738,259.111,395.231,74.493,179.651,365.062,49.671,239.871,439.887,66.679,441.702,-81.472,731.594,406.964,50.07,828.065,382.674,5.23,616.087,409.432,-144.614,512.723,400.472,-275.885,378.6,363.727,-165.97,386.125,349.032,-228.778,326.838,335.739,-456.899,189.315,284.067,-501.381,219.442,301.015,-378.493,110.62,252.825,-374.002,55.544,336.182,-412.707,58.115,271.847,-349.458,41.665,290.384,98.625,1375.516,292.115,93.546,1414.475,242.165,105.591,1379.161,212.656,-177.989,1003.365,218.262,-174.933,1041.317,262.174,-184.336,997.231,80.685,124.315,665.093,70.885,103.202,696.802,80.17,165.521,690.956,128.471,215.32,264.692,117.816,208.203,302.607,142.544,259.716,278.001,445.011,-119.984,643.587,450.607,-116.965,682.183,450.794,-72.146,637.302,393.747,-367.833,325.272,403.138,-341.192,352.469,401.492,-335.73,289.83,166.724,-6.152,950.947,349.262,-23.428,939.636,188.5,177.21,530.859,354.262,-131.493,501.975,226.338,238.018,101.043,303.044,-431.342,186.539,232.063,313.276,95.58,293.426,-393.418,121.291,85.247,-20.125,1438.67,407.079,-40.774,1443.04,-38.954,-119.159,1169.13,550.422,1.482,1159.57,-55.479,-162.478,823.263,542.003,289.597,1016.71,255.524,-5.982,1048.75,232.903,257.184,86.308,37.447,2.701,-4.348,15.944,3.685,-14.227,0.644,-1.002,7.525,-36.898,2.86,2.692,0.33,-6.643,-7.255,30.619,2.652,-18.319,-6.935,-2.957,25.704,-40.569,3.054,10.283,-6.722,7.08,-2.623,-6.722,-7.08,2.623,-13.955,25.335,59.301,26.26,-0,0,-16.959,13.345,72.323,8.869,-8.394,5.269,17.701,22.875,21.383,58.68,0,0,8.575,19.902,86.932,8.869,8.394,-5.269,-97.178,5.362,-4.098,-39.613,13.498,-2.734,14.427,3.717,5.658,14.427,-3.717,-5.658,8.251,-2.855,6.887,8.251,2.855,-6.887,-16.923,5.72,0.748,-16.923,-5.72,-0.748,0.433,-2.333,9.454,0,0,0,-1.872,0.203,-7.472,0.786,0.701,-8.811,9.368,0.926,1.168,0.651,0.107,2.376,0.132,0.055,1.26,-0.387,0.058,0.043,-483.135,-246.46,-61,0,0,0,539.308,983.923,-121.132,491.795,632.869,36.045,-105.198,37.555,20.447,-568.124,27.154,40.039,96.689,-48.557,5.947,-24.038,-6.479,4.039,0,0,-1.406,0,0,-1.616,0,0,0.115,0,0,1.386,0,0,-0.66,0,0,-0.156
31.18,257.335,2.724,947.226,270.51,180.301,902.063,74.913,19.685,960.694,274.523,46.607,1124.781,189.464,193.512,533.313,207.586,602.804,706.532,-254.752,215.671,527.427,175.418,20.763,942.964,226.889,239.616,101.26,145.805,677.733,132.529,-210.896,161.582,59.379,191.271,201.365,544.844,232.929,314.691,93.942,212.708,291.314,311.527,14.587,302.153,72.304,247.644,96.528,71.871,232.929,314.691,93.942,229.141,349.911,153.974,163.384,315.197,89.257,230.126,254.542,129.054,358.898,-100.702,498.249,456.442,328.688,405.166,-80.038,-9.667,458.22,339.536,-1.244,936.756,306.704,-410.672,195.544,524.896,-166.862,-96.889,-69.937,-223.15,70.865,362.398,-97.686,498.044,296.393,-378.772,127.25,355.431,-203.243,249.437,82.746,-324.59,152.643,286.644,-503.188,310.692,296.393,-378.772,127.25,307.961,-309.357,119.149,229.725,-365.348,147.075,317.356,-374.385,194.772,257.723,54.825,1465.96,278.194,220.169,1442.98,424.419,35.809,1477.635,266.602,30.627,1299.764,-39.228,-97.604,1168.63,-280.942,-197.327,1314.014,91.333,-364.647,1202.528,79.242,-6.771,1427.901,-39.283,-136.236,864.509,-297.284,-260.369,880.324,85.853,-392.184,896.999,-39.231,-100.101,1148.97,-55.526,-138.252,822.669,-106.751,-74.325,839.476,-114.306,-192.033,848.079,-25.292,-134.501,900.547,549.445,14.311,1161.01,657.511,-287.821,1174.97,815.758,116.389,1308.709,406.069,-23.809,1445.874,536.218,248.59,1022.94,686.803,140.929,825.83,760.429,334.53,1147.289,549.354,15.905,1160.068,544.95,299.417,1011.52,628.377,296.493,1062.283,496.736,325.849,1092.28,528.8,205.405,1032.648,264.42,179.971,1725.55,263.951,153.199,1733.736,292.285,178.732,1723.095,261.711,171.865,1698.886,190.962,114.217,1721.14,330.884,104.607,1712.888,175.382,-20.455,1696.704,313.497,-43.21,1680.521,169.369,17.27,1630.881,327.314,15.151,1620.477,263.213,155.05,1724.431,237.868,-80.922,1537.964,237.067,-105.44,1499.836,251.414,-144.537,1231.323,258.575,61.707,1465,260.981,113.552,1274.403,346.799,-157.276,1390.435,75.561,-0.879,1495.992,-10.984,-26.69,1393.575,-35.131,-54.032,1151.486,-49.344,-79.732,951.916,-6.972,-77.415,847.89,-100.837,-163.548,880.171,-65.939,-125.256,826.086,414.315,-23.385,1501.821,511.059,-43.193,1399.953,584.153,37.436,1181.574,570.417,197.995,1084.431,523.467,280.84,1083.536,588.894,226.219,982.941,559.466,298.908,1020.35,152.705,93.361,1023.878,386.251,68.118,1005.713,226.044,-135.652,1070.842,287.421,-142.336,1069.71,91.924,121.397,739.063,141.215,163.518,880.638,168.296,219.244,715.842,136.761,197.166,546.228,138.355,220.105,353.968,197.718,257.479,440.308,215.563,264.487,337.28,187.722,231.867,90.89,241.692,176.307,69.679,224.913,340.589,101.49,259.904,396.788,70.632,179.993,366.181,47.634,241.084,441.639,61.659,443.286,-57.014,729.901,407.118,71.156,829.571,387.101,33.175,616.163,413.318,-114.653,510.554,404.239,-248.788,381.409,368.813,-138.171,384.731,353.656,-203.074,327.642,339.311,-435.905,200.061,287.348,-476.051,235.424,304.043,-364.632,114.213,255.075,-365.74,59.098,337.813,-404.612,64.303,274.039,-344.031,41.026,289.834,115.909,1377.506,291.498,110.782,1416.476,241.627,122.921,1381.084,214.34,-161.11,1004.657,220.393,-158.297,1042.542,263.789,-166.879,997.903,80.871,141.432,667.483,70.986,120.417,699.238,80.704,182.668,693.299,128.62,224.198,265.467,117.831,218.36,303.586,143.564,268.704,277.475,447.604,-93.451,640.932,452.767,-91.485,679.637,453.558,-45.52,635.928,396.666,-342.673,332.223,406.119,-315.046,358.378,405.11,-312.149,295.547,166.067,10.807,953.661,348.604,-5.358,940.792,189.464,193.512,533.313,358.898,-100.702,498.249,226.889,239.616,101.26,306.704,-410.672,195.544,232.929,314.691,93.942,296.393,-378.772,127.25,84.657,-2.62,1439.75,406.312,-23.744,1445.39,-39.228,-97.604,1168.63,549.445,14.311,1161.01,-55.526,-138.252,822.669,544.95,299.417,1011.52,255.906,11.534,1050.41,233.302,258.448,85.584,37.251,3.613,-4.197,17.776,3.568,-13.278,1.157,-0.919,6.732,-36.489,3.421,2.269,1.677,-7.733,-8.257,34.464,2.34,-18.272,-10.532,-2.981,25.902,-41.398,4.006,9.25,-6.614,7.633,-3.197,-6.614,-7.633,3.197,-13.195,25.446,59.617,26.099,0,0,-17.515,12.9,71.968,8.851,-8.369,5.198,16.99,22.596,21.503,57.98,0,-0,8.168,20.087,86.525,8.851,8.369,-5.198,-95.777,5.291,-3.839,-34.146,15.447,-2.518,14.271,4.204,5.312,14.271,-4.204,-5.312,8.284,-3.027,7.001,8.284,3.027,-7.001,-16.909,5.553,0.964,-16.909,-5.553,-0.964,0.313,-2.461,9.723,0,0,0,-1.926,-0.041,-7.888,1.19,0.634,-9.108,9.638,0.785,1.5,0.558,0.16,2.336,0.064,0.086,1.215,-0.38,0.066,0.04,-429.686,-252.175,-48.38,0,0,0,434.193,932.837,-134.005,647.87,575.569,15.014,-55.994,18.753,0.751,-548.892,-3.141,53.885,123.7,-62.001,8.989,-37.622,-6.796,4.718,0,0,-1.18,0,0,-1.793,0,0,0.061,0,0,1.439,0,0,-0.875,0,0,-0.222
31.19,256.663,19.9,949.414,268.477,197.69,904.714,74.254,35.768,964.315,274.946,63.326,1126.972,190.244,208.255,535.428,209.046,618.271,706.852,-253.871,231.84,527.73,174.058,37.423,945.803,227.522,240.882,101.627,151.585,680.658,119.784,-211.139,166.78,61.827,191.347,216.283,546.132,233.81,315.786,92.901,213.879,296.541,310.918,15.389,303.608,71.858,247.734,97.199,74.878,233.81,315.786,92.901,231.002,351.684,152.585,164.202,316.351,89.287,231.465,256.039,128.727,363.528,-69.091,494.966,466.782,361.729,415.672,-73.772,27.496,450.305,337.793,18.201,935.73,310.354,-388.141,204.856,531.398,-157.183,-95.754,-64.476,-202.973,71.501,367.014,-64.197,495.404,299.678,-361.98,134.22,364.946,-178.15,239.917,87.849,-300.407,157.936,289.995,-469.872,327.846,299.678,-361.98,134.22,311.8,-293.797,119.321,233.14,-346.126,152.637,320.74,-351.137,200.979,257.135,71.813,1468,277.943,237.118,1445.049,423.764,52.532,1480.193,266.488,47.565,1301.837,-39.224,-76.007,1168.39,-282.095,-176.018,1311.633,89.562,-344.252,1199.463,78.821,10.879,1429.202,-38.977,-111.148,863.999,-297.798,-233.79,877.948,84.455,-368.25,893.781,-39.208,-78.262,1148.854,-55.199,-112.962,822.232,-106.147,-48.865,839.235,-114.211,-166.566,847.479,-24.949,-109.579,900.121,548.492,26.978,1162.68,655.218,-275.444,1180.219,815.551,129.686,1308.584,405.501,-6.922,1448.27,538.234,258.191,1018.7,688.11,144.045,824.724,763.073,344.662,1141.537,548.411,28.817,1161.539,547.941,308.543,1005.78,631.399,305.462,1056.483,500.416,338.24,1085.811,530.006,215.516,1029.649,263.091,196.923,1727.42,262.53,170.154,1735.611,290.963,195.624,1725.084,260.478,188.817,1700.747,189.505,131.304,1722.701,329.478,121.403,1715.097,173.797,-3.351,1698.25,311.908,-26.384,1682.732,168.133,34.388,1632.37,326.039,31.918,1622.638,261.836,172.005,1726.3,236.817,-63.942,1539.777,236.13,-88.47,1501.587,251.237,-127.635,1233.208,258.001,78.693,1467.038,261.012,130.457,1276.446,346.419,-140.295,1392.702,74.891,16.631,1497.317,-11.33,-7.634,1394.117,-34.61,-32.298,1151.735,-48.666,-55.537,951.953,-6.333,-52.367,847.757,-100.681,-138.241,879.597,-65.556,-99.932,825.688,413.478,-6.515,1504.406,510.449,-26.961,1402.685,583.249,50.367,1182.861,571.898,208.706,1081.415,526.233,292.281,1078.378,590.382,233.89,979.222,562.463,308.007,1014.602,152.185,109.756,1027.154,385.3,85.505,1007.222,227.108,-118.888,1072.685,288.758,-125.234,1071.254,92.125,137.879,741.482,140.204,179.524,882.862,168.566,235.107,717.611,137.314,211.921,547.746,138.658,230.005,354.814,198.557,269.026,440.108,216.357,273.072,336.76,188.31,233.216,91.309,241.635,176.611,70.214,225.896,341.829,99.979,260.56,397.741,67.884,180.212,366.873,46.571,242.061,442.672,58.203,444.822,-32.417,728.538,407.369,92.205,831.486,391.631,61.401,616.828,417.131,-83.894,508.858,408.117,-220.243,384.454,373.678,-109.171,383.893,358.137,-175.963,328.891,342.926,-412.951,210.917,290.534,-448.626,250.803,307.407,-348.667,118.709,258.016,-354.843,63.574,339.989,-393.958,71.7,277.08,-335.877,40.74,289.475,132.938,1379.639,291.074,127.789,1418.619,241.28,140.031,1383.153,215.973,-144.547,1006.243,222.467,-142.016,1044.073,265.355,-149.75,998.875,81.034,157.449,669.646,71.075,136.581,701.477,81.144,198.761,695.321,128.994,231.539,266.14,118.091,226.874,304.402,144.443,276.2,276.883,450.045,-66.69,638.605,454.831,-65.831,677.395,456.269,-18.686,634.971,399.669,-315.844,339.287,409.192,-287.287,364.423,408.711,-286.858,301.471,165.401,27.437,956.564,347.925,12.363,942.264,190.244,208.255,535.428,363.528,-69.091,494.966,227.522,240.882,101.627,310.354,-388.141,204.856,233.81,315.786,92.901,299.678,-361.98,134.22,84.215,14.848,1441.12,405.663,-6.883,1447.95,-39.224,-76.007,1168.39,548.492,26.978,1162.68,-55.199,-112.962,822.232,547.941,308.543,1005.78,256.313,28.931,1052.26,233.765,259.22,85.097,36.895,4.462,-3.963,19.266,3.481,-12.807,1.843,-0.876,6.321,-36.035,4.044,1.818,3.148,-8.799,-9.283,38.312,1.876,-17.979,-13.683,-2.953,25.666,-42.062,4.708,8.086,-6.541,8.139,-3.758,-6.541,-8.139,3.758,-12.433,25.527,59.588,25.973,-0,0,-17.802,12.485,71.963,8.853,-8.307,5.157,16.27,22.317,21.716,57.147,0,-0,7.653,20.251,86.036,8.853,8.307,-5.157,-94.714,5.214,-3.632,-29.127,17.125,-2.501,14.13,4.653,4.972,14.13,-4.653,-4.972,8.303,-3.188,7.118,8.303,3.188,-7.118,-16.905,5.355,1.153,-16.905,-5.355,-1.153,0.334,-2.582,10.055,0,0,0,-1.968,-0.151,-8.365,1.574,0.702,-9.447,9.964,0.789,1.78,0.462,0.211,2.283,0.001,0.117,1.148,-0.367,0.074,0.042,-401.529,-269.693,-54.014,0,0,0,317.552,1034.57,-146.552,800.269,609.525,18.917,-30.298,25.016,4.382,-531.139,-32.062,68.132,152.294,-76.355,11.466,-50.358,-6.956,4.443,0,0,-1.105,0,0,-1.748,0,0,0.042,0,0,1.475,0,0,-1.09,0,0,-0.243
31.2,256.032,36.725,951.819,266.607,214.691,907.511,73.642,51.577,967.943,275.234,79.788,1129.368,190.837,221.358,537.086,210.058,632.697,705.264,-253.203,245.827,527.987,173.171,53.863,948.774,228.208,241.928,102.013,154.151,682.356,108.178,-210.748,168.651,63.968,191.705,229.561,547,234.671,316.693,92.278,215.083,300.405,310.566,16.182,304.8,71.784,248.003,97.85,77.145,234.671,316.693,92.278,232.817,352.96,151.776,165.016,317.306,89.734,232.824,257.17,128.503,368.014,-36.962,492.343,477.194,394.836,427.65,-67.435,65.847,443.664,336.088,37.439,935.062,313.856,-363.871,214.321,536.229,-144.511,-93.899,-60.022,-181.873,74.105,371.596,-30.216,493.442,303.261,-342.811,141.988,373.174,-153.099,233.349,92.967,-275.024,162.152,292.589,-435.76,343.164,303.261,-342.811,141.988,316.208,-276.268,121.438,236.753,-324.795,158.422,323.925,-326.521,207.757,256.742,88.607,1470.18,277.914,253.881,1447.34,423.296,69.031,1482.914,266.597,64.385,1304.042,-38.946,-54.399,1168.38,-282.242,-156.319,1309.542,89.534,-323.194,1195.747,78.557,28.477,1430.737,-38.444,-85.186,863.634,-297.403,-207.748,875.589,84.699,-342.813,889.863,-38.914,-56.364,1148.928,-54.492,-86.64,821.926,-105.211,-22.435,839.201,-113.821,-140.152,846.62,-24.479,-83.919,899.932,547.606,39.511,1164.52,653.379,-263.009,1185.747,815.295,143.212,1308.555,405.085,9.768,1450.807,540.287,267.222,1014.18,689.535,146.344,823.832,765.656,354.529,1135.444,547.537,41.645,1163.114,550.95,316.996,999.585,634.435,313.963,1050.245,504.167,350.201,1078.669,531.278,225.161,1026.506,261.803,213.769,1729.47,261.162,187.005,1737.671,289.684,212.425,1727.263,259.3,205.653,1702.789,188.129,148.243,1724.427,328.164,138.108,1717.516,172.37,13.592,1699.974,310.48,-9.664,1685.162,167.054,51.327,1634.045,324.947,48.6,1625.047,260.514,188.852,1728.351,235.929,-47.149,1541.811,235.343,-71.71,1503.589,251.259,-110.831,1235.264,257.623,95.486,1469.233,261.19,147.046,1278.604,346.119,-123.536,1395.219,74.418,34.066,1498.899,-11.56,11.416,1395.036,-34.166,-10.472,1152.362,-47.835,-30.749,952.279,-5.415,-26.41,848.062,-100.327,-112.079,878.972,-64.802,-73.588,825.438,412.772,10.131,1507.148,509.937,-10.875,1405.571,582.368,63.239,1184.286,573.414,219.035,1078.23,529.069,303.285,1072.78,591.873,240.881,975.37,565.476,316.468,1008.398,151.683,125.848,1030.472,384.392,102.604,1009.04,228.042,-102.378,1074.79,289.865,-108.477,1073.102,92.334,153.351,743.671,139.586,195.036,885.006,168.688,249.935,718.813,137.799,225.007,548.761,139.1,238.307,355.387,199.258,279.332,439.672,217.043,280.617,336.166,188.995,234.121,91.771,241.685,176.749,70.528,226.842,342.516,99.031,261.092,398.25,66.03,180.342,367.252,46.193,242.821,443.185,55.988,446.232,-7.932,727.656,407.743,113.123,833.829,396.03,89.651,618.175,420.814,-52.567,507.839,412.045,-190.502,387.785,378.205,-79.193,383.763,362.387,-147.644,330.672,346.428,-388.257,221.636,293.448,-419.632,265.108,311.124,-330.327,124.051,261.713,-340.78,68.799,342.775,-380.246,80.024,281.079,-324.361,41.036,289.343,149.692,1381.887,290.876,144.547,1420.871,241.166,156.903,1385.338,217.452,-128.286,1008.129,224.359,-126.052,1045.919,266.777,-132.957,1000.173,81.237,172.133,671.474,71.247,151.472,703.426,81.489,213.589,696.88,129.564,237.393,266.686,118.58,233.77,305.04,145.135,282.262,276.211,452.217,-39.897,636.786,456.69,-40.168,675.639,458.878,8.142,634.574,402.703,-287.586,346.382,412.32,-258.174,370.558,412.236,-260.041,307.548,164.779,43.755,959.58,347.284,29.696,944.058,190.837,221.358,537.086,368.014,-36.962,492.343,228.208,241.928,102.013,313.856,-363.871,214.321,234.671,316.693,92.278,303.261,-342.811,141.988,83.928,32.265,1442.73,405.158,9.783,1450.66,-38.946,-54.399,1168.38,547.606,39.511,1164.52,-54.492,-86.64,821.926,550.95,316.996,999.585,256.761,46.187,1054.26,234.263,259.632,84.78,36.351,5.176,-3.745,20.375,3.422,-12.701,2.651,-0.873,6.293,-35.592,4.665,1.38,4.726,-9.796,-10.283,42.078,1.285,-17.47,-16.135,-2.872,24.992,-42.525,5.052,6.999,-6.519,8.592,-4.293,-6.519,-8.592,4.293,-11.688,25.598,59.213,25.883,-0,0,-17.817,12.135,72.3,8.894,-8.228,5.154,15.54,22.017,22.026,56.2,0,0,7.051,20.349,85.495,8.894,8.228,-5.154,-93.955,5.123,-3.477,-24.798,18.389,-2.757,14.012,5.035,4.655,14.012,-5.035,-4.655,8.295,-3.359,7.245,8.295,3.359,-7.245,-16.918,5.128,1.317,-16.918,-5.128,-1.317,0.512,-2.588,10.656,0,0,0,-2.16,-0.134,-9.043,1.826,0.916,-10.026,10.545,0.978,1.89,0.371,0.258,2.219,-0.053,0.144,1.061,-0.349,0.083,0.051,-361.441,-282.415,-55.141,0,0,0,367.792,1251.89,-176.688,837.796,717.282,36.897,37.047,36.982,19.513,-515.335,-56.651,79.703,180.25,-88.593,12.193,-60.41,-6.944,2.782,0,0,-0.889,0,0,-1.28,0,0,-0.06,0,0,1.502,0,0,-1.269,0,0,-0.21
31.21,255.522,53.203,954.393,265.042,231.303,910.387,73.143,67.159,971.423,275.376,96.009,1131.932,191.264,232.865,538.243,210.052,646.128,701.688,-252.768,257.065,528.094,172.942,70.133,951.808,228.892,242.847,102.338,153.713,683.103,97.716,-209.863,167.543,65.981,192.277,241.268,547.485,235.463,317.511,91.924,216.3,303.202,310.389,16.912,305.814,71.987,248.389,98.519,78.714,235.463,317.511,91.924,234.473,353.937,151.344,165.779,318.157,90.367,234.099,258.085,128.33,372.251,-4.581,490.566,487.259,427.71,441.042,-61.225,104.801,438.706,334.475,56.37,934.878,317.092,-337.979,223.724,539.447,-128.706,-91.445,-56.601,-159.483,78.6,376.081,3.946,492.38,307.085,-321.089,150.222,379.846,-127.449,230.439,97.883,-248.779,165.426,294.211,-401.713,356.521,307.085,-321.089,150.222,321.142,-256.247,125.408,240.551,-301.273,164.312,326.924,-300.578,215.057,256.55,105.198,1472.51,278.139,270.448,1449.887,423.015,85.277,1485.853,266.98,81.094,1306.39,-38.411,-32.787,1168.58,-281.466,-138.099,1307.65,91.108,-301.503,1191.456,78.447,46.004,1432.48,-37.67,-58.409,863.41,-296.153,-182.165,873.173,86.468,-315.961,885.336,-38.364,-34.418,1149.151,-53.406,-59.328,821.745,-103.936,4.919,839.412,-113.133,-112.83,845.482,-23.867,-57.603,899.96,546.815,51.936,1166.45,651.97,-250.515,1191.402,815.042,156.915,1308.544,404.851,26.252,1453.406,542.407,275.716,1009.44,691.081,147.961,823.178,768.23,364.099,1129.07,546.767,54.388,1164.726,553.954,324.786,993.019,637.463,322.085,1043.659,507.923,361.685,1070.897,532.675,234.361,1023.286,260.587,230.502,1731.66,259.876,203.745,1739.879,288.477,229.126,1729.592,258.207,222.368,1704.973,186.863,165.032,1726.306,326.961,154.718,1720.113,171.119,30.375,1701.87,309.228,6.942,1687.791,166.14,68.082,1635.903,324.054,65.186,1627.689,259.276,205.586,1730.56,235.218,-30.535,1544.05,234.691,-55.153,1505.829,251.543,-94.097,1237.453,257.449,112.076,1471.568,261.522,163.338,1280.86,345.884,-107.018,1397.949,74.142,51.399,1500.71,-11.668,30.42,1396.293,-33.797,11.432,1153.326,-46.857,-5.423,952.872,-4.216,0.388,848.805,-99.756,-85.126,878.282,-63.678,-46.267,825.336,412.221,26.537,1510.003,509.522,5.008,1408.535,581.544,76.064,1185.792,574.972,229.011,1074.923,531.964,313.847,1066.812,593.423,247.264,971.472,568.485,324.316,1001.832,151.249,141.676,1033.717,383.604,119.423,1011.177,228.82,-86.125,1077.141,290.711,-92.067,1075.247,92.632,167.651,745.53,139.334,210.132,886.92,168.678,263.709,719.406,138.193,236.431,549.299,139.624,245.139,355.709,199.784,288.464,439.013,217.584,287.225,335.48,189.713,234.695,92.225,241.805,176.785,70.677,227.699,342.829,98.485,261.511,398.463,64.847,180.408,367.423,46.238,243.383,443.359,54.688,447.47,16.249,727.392,408.249,133.838,836.625,400.096,117.741,620.285,424.328,-20.88,507.674,415.948,-159.822,391.451,382.337,-48.444,384.455,366.35,-118.297,333.038,349.674,-362.03,231.961,295.949,-389.603,277.932,315.183,-309.364,130.097,266.182,-323.114,74.518,346.215,-363.043,88.881,286.082,-308.92,42.111,289.454,166.171,1384.238,290.916,161.05,1423.219,241.305,173.528,1387.624,218.691,-112.298,1010.322,225.962,-110.348,1048.088,267.967,-116.497,1001.828,81.512,185.402,672.933,71.548,165.014,705.061,81.747,227.074,697.928,130.253,241.912,267.109,119.227,239.192,305.513,145.607,287.038,275.471,454.066,-13.195,635.626,458.282,-14.592,674.52,461.363,34.828,634.857,405.704,-258.152,353.418,415.443,-227.986,376.73,415.63,-231.895,313.714,164.275,59.785,962.606,346.768,46.621,946.179,191.264,232.865,538.243,372.251,-4.581,490.566,228.892,242.847,102.338,317.092,-337.979,223.724,235.463,317.511,91.924,307.085,-321.089,150.222,83.8,49.613,1444.56,404.813,26.245,1453.48,-38.411,-32.787,1168.58,546.815,51.936,1166.45,-53.406,-59.328,821.745,553.954,324.786,993.019,257.269,63.295,1056.38,234.752,259.807,84.581,35.621,5.698,-3.614,21.106,3.377,-12.842,3.532,-0.906,6.611,-35.204,5.223,1,6.4,-10.669,-11.203,45.679,0.61,-16.821,-17.73,-2.749,23.947,-42.795,5.032,6.142,-6.559,8.978,-4.794,-6.559,-8.978,4.794,-10.967,25.678,58.519,25.831,-0,0,-17.574,11.883,72.936,8.981,-8.15,5.188,14.803,21.678,22.427,55.152,0,0,6.376,20.325,84.945,8.981,8.15,-5.188,-93.452,5.011,-3.371,-21.346,19.178,-3.327,13.921,5.319,4.376,13.921,-5.319,-4.376,8.256,-3.556,7.389,8.256,3.556,-7.389,-16.95,4.876,1.46,-16.95,-4.876,-1.46,0.456,-2.472,11.135,0,0,0,-2.309,-0.335,-9.569,1.979,0.876,-10.494,11.024,0.929,1.834,0.291,0.298,2.143,-0.095,0.165,0.96,-0.326,0.091,0.065,-353.328,-309.52,-44.324,0,0,0,401.157,1215.43,-191.687,849.397,706.593,27.908,81.501,38.83,9.169,-499.654,-75.019,85.798,205.507,-95.774,10.497,-66.392,-6.773,-0.273,0,0,-0.284,0,0,-0.771,0,0,-0.137,0,0,1.521,0,0,-1.376,0,0,-0.135
31.22,255.206,69.346,957.085,263.903,247.536,913.273,72.82,82.561,974.625,275.371,112.014,1134.623,191.563,242.918,538.928,208.848,658.59,696.316,-252.536,265.516,528.019,173.373,86.204,954.816,229.521,243.691,102.572,150.821,683.126,88.347,-208.62,164.103,67.968,192.942,251.547,547.655,236.138,318.289,91.729,217.499,305.207,310.316,17.527,306.695,72.395,248.82,99.215,79.699,236.138,318.289,91.729,235.88,354.747,151.138,166.441,318.954,91.019,235.2,258.883,128.181,376.167,27.85,489.767,496.574,460.17,455.756,-55.335,143.777,435.711,333.002,74.92,935.274,320.003,-310.566,232.787,541.473,-109.72,-88.43,-53.994,-135.349,84.484,380.383,38.043,492.391,311.076,-296.731,158.512,384.988,-100.613,231.313,102.515,-221.645,167.982,294.809,-368.321,367.882,311.076,-296.731,158.512,326.456,-233.328,130.918,244.493,-275.525,170.127,329.733,-273.316,222.711,256.554,121.585,1474.96,278.607,286.818,1452.662,422.915,101.276,1489.001,267.656,97.688,1308.854,-37.658,-11.155,1168.93,-279.93,-121.054,1305.799,93.971,-279.233,1186.674,78.466,63.432,1434.371,-36.64,-30.882,863.345,-294.141,-156.835,870.618,89.519,-287.823,880.352,-37.593,-12.41,1149.495,-51.952,-31.076,821.703,-102.323,33.141,839.926,-112.144,-84.64,844.085,-23.092,-30.711,900.19,546.136,64.27,1168.45,650.957,-237.969,1197.102,814.838,170.739,1308.524,404.824,42.526,1456.053,544.623,283.696,1004.57,692.745,148.98,822.827,770.846,373.333,1122.5,546.117,67.05,1166.375,556.943,331.926,986.197,640.475,329.875,1036.83,511.631,372.607,1062.599,534.257,243.121,1020.027,259.47,247.121,1733.99,258.7,220.374,1742.236,287.369,245.725,1732.065,257.22,238.958,1707.301,185.738,181.676,1728.336,325.889,171.235,1722.862,170.054,47.006,1703.937,308.161,23.43,1690.596,165.392,84.662,1637.946,323.375,81.667,1630.547,258.149,222.204,1732.913,234.691,-14.085,1546.481,234.161,-38.785,1508.296,252.109,-77.42,1239.758,257.472,128.462,1474.033,262.004,179.369,1283.216,345.697,-90.748,1400.858,74.049,68.602,1502.73,-11.652,49.334,1397.851,-33.491,33.408,1154.593,-45.734,20.389,953.729,-2.738,27.953,850.001,-98.945,-57.445,877.537,-62.192,-18.021,825.407,411.85,42.702,1512.938,509.21,20.643,1411.521,580.797,88.848,1187.336,576.575,238.654,1071.546,534.905,323.955,1060.546,595.092,253.104,967.612,571.478,331.569,995.007,150.93,157.278,1036.791,383.01,135.975,1013.642,229.429,-70.121,1079.72,291.291,-75.985,1077.664,93.052,180.746,747.034,139.367,224.834,888.46,168.582,276.466,719.447,138.49,246.32,549.45,140.154,250.711,355.832,200.091,296.531,438.179,217.948,293.013,334.715,190.402,235.039,92.642,241.951,176.769,70.719,228.422,342.916,98.202,261.823,398.498,64.142,180.426,367.47,46.498,243.772,443.339,54.017,448.531,40.029,727.84,408.866,154.304,839.901,403.692,145.566,623.216,427.642,10.992,508.483,419.728,-128.447,395.484,386.073,-17.105,386.036,370.003,-88.081,336,352.577,-334.439,241.629,297.962,-359.001,288.956,319.54,-285.603,136.625,271.383,-301.571,80.422,350.326,-342.046,97.819,292.044,-289.158,44.071,289.805,182.392,1386.692,291.188,177.308,1425.664,241.692,189.912,1390.005,219.626,-96.551,1012.82,227.198,-94.834,1050.577,268.861,-100.362,1003.866,81.861,197.331,674.06,71.976,177.287,706.416,81.945,239.293,698.513,130.966,245.332,267.428,119.933,243.381,305.846,145.851,290.745,274.691,455.609,13.383,635.229,459.606,10.873,674.142,463.721,61.33,635.906,408.601,-227.787,360.29,418.483,-196.992,382.87,418.848,-202.607,319.887,163.957,75.557,965.553,346.455,63.136,948.617,191.563,242.918,538.928,376.167,27.85,489.767,229.521,243.691,102.572,320.003,-310.566,232.787,236.138,318.289,91.729,311.076,-296.731,158.512,83.814,66.867,1446.6,404.656,42.5,1456.4,-37.658,-11.155,1168.93,546.136,64.27,1168.45,-51.952,-31.076,821.703,556.943,331.926,986.197,257.858,80.26,1058.57,235.186,259.842,84.461,34.736,6,-3.599,21.498,3.338,-13.124,4.44,-0.967,7.195,-34.893,5.676,0.707,8.161,-11.377,-11.995,49.043,-0.094,-16.145,-18.437,-2.6,22.66,-42.884,4.737,5.568,-6.659,9.277,-5.245,-6.659,-9.277,5.245,-10.265,25.777,57.567,25.821,0,0,-17.109,11.747,73.8,9.121,-8.092,5.261,14.059,21.294,22.906,54.011,-0,-0,5.68,20.155,84.433,9.121,8.092,-5.261,-93.143,4.873,-3.309,-18.877,19.514,-4.205,13.862,5.479,4.144,13.862,-5.479,-4.144,8.187,-3.785,7.552,8.187,3.785,-7.552,-17.007,4.609,1.58,-17.007,-4.609,-1.58,0.428,-2.325,11.892,0,0,0,-2.508,-0.512,-10.333,2.105,0.858,-11.232,11.783,0.92,1.701,0.227,0.329,2.057,-0.122,0.179,0.851,-0.3,0.099,0.084,-357.862,-328.142,-48.38,0,0,0,485.402,1187.29,-189.37,831.89,701.11,38.195,134.97,28.558,17.608,-480.648,-87.145,85.273,225.951,-96.469,6.658,-67.781,-6.477,-4.188,0,0,0.391,0,0,-0.3,0,0,-0.236,0,0,1.521,0,0,-1.391,0,0,-0.047
31.23,255.147,85.188,959.87,263.285,263.426,916.145,72.726,97.832,977.458,275.221,127.829,1137.424,191.784,251.722,539.233,206.651,670.104,689.527,-252.431,271.614,527.8,174.309,102.01,957.723,230.055,244.484,102.726,146.287,682.623,80.002,-207.153,159.195,69.952,193.567,260.581,547.595,236.665,319.045,91.623,218.629,306.678,310.302,17.998,307.46,72.933,249.245,99.929,80.269,236.665,319.045,91.623,236.987,355.467,151.053,166.964,319.718,91.587,236.073,259.617,128.046,379.728,60.19,490.026,504.792,492.135,471.666,-49.934,182.247,434.824,331.727,93.057,936.311,322.6,-281.729,241.192,543.035,-87.576,-84.816,-51.778,-109.047,90.892,384.389,71.9,493.574,315.159,-269.75,166.431,388.835,-72.235,235.604,106.901,-193.322,170.015,294.521,-335.87,377.21,315.159,-269.75,166.431,331.938,-207.297,137.516,248.512,-247.583,175.635,332.322,-244.726,230.44,256.734,137.779,1477.53,279.296,302.999,1455.647,422.975,117.038,1492.336,268.58,114.162,1311.435,-36.721,10.521,1169.47,-277.79,-104.83,1303.956,97.779,-256.443,1181.583,78.615,80.742,1436.441,-35.338,-2.667,863.477,-291.471,-131.51,867.872,93.573,-258.54,875.088,-36.632,9.68,1149.955,-50.147,-1.938,821.838,-100.374,62.171,840.824,-110.854,-55.616,842.489,-22.128,-3.317,900.618,545.571,76.528,1170.47,650.272,-225.387,1202.755,814.709,184.617,1308.45,405.003,58.602,1458.7,546.961,291.177,999.614,694.521,149.475,822.794,773.551,382.178,1115.781,545.592,79.616,1168.015,559.909,338.422,979.218,643.462,337.38,1029.846,515.233,382.892,1053.863,536.069,251.435,1016.772,258.48,263.626,1736.45,257.661,236.89,1744.729,286.388,262.22,1734.671,256.365,255.427,1709.761,184.773,198.182,1730.514,324.965,187.661,1725.741,169.177,63.497,1706.171,307.28,39.8,1693.554,164.808,101.083,1640.17,322.919,98.041,1633.592,257.157,238.708,1735.398,234.349,2.22,1549.096,233.747,-22.587,1510.978,252.92,-60.809,1242.179,257.673,144.656,1476.624,262.624,195.181,1285.679,345.546,-74.717,1403.915,74.123,85.654,1504.939,-11.516,68.111,1399.682,-33.225,55.456,1156.143,-44.468,46.634,954.861,-0.982,56.209,851.673,-97.872,-29.099,876.777,-60.357,11.094,825.698,411.675,58.645,1515.929,509.006,36.008,1414.486,580.137,101.594,1188.89,578.225,247.976,1068.149,537.881,333.591,1054.063,596.934,258.456,963.87,574.447,338.241,988.027,150.758,172.697,1039.62,382.666,152.269,1016.442,229.868,-54.346,1082.5,291.621,-60.189,1080.316,93.587,192.738,748.23,139.568,239.122,889.54,168.46,288.297,719.059,138.697,254.888,549.339,140.619,255.28,355.817,200.152,303.658,437.241,218.125,298.096,333.91,191.012,235.241,93.011,242.087,176.729,70.708,228.984,342.886,98.075,262.035,398.441,63.753,180.409,367.453,46.827,244.014,443.229,53.747,449.449,63.422,729.042,409.559,174.506,843.68,406.756,173.097,626.998,430.733,42.902,510.319,423.271,-96.596,399.885,389.453,14.676,388.512,373.354,-57.123,339.519,355.125,-305.602,250.388,299.504,-328.153,297.967,324.117,-258.981,143.352,277.212,-276.094,86.181,355.081,-317.143,106.375,298.823,-264.912,46.876,290.376,198.387,1389.254,291.67,193.346,1428.211,242.304,206.071,1392.481,220.227,-81.004,1015.607,228.028,-79.441,1053.367,269.428,-84.531,1006.29,82.266,208.118,674.946,72.491,188.481,707.57,82.117,250.426,698.75,131.618,247.937,267.669,120.606,246.635,306.07,145.894,293.637,273.908,456.922,39.878,635.645,460.715,36.266,674.55,465.959,87.685,637.759,411.332,-196.709,366.872,421.35,-165.434,388.885,421.863,-172.349,325.96,163.881,91.114,968.362,346.413,79.262,951.379,191.784,251.722,539.233,379.728,60.19,490.026,230.055,244.484,102.726,322.6,-281.729,241.192,236.665,319.045,91.623,315.159,-269.75,166.431,83.964,83.998,1448.82,404.683,58.561,1459.36,-36.721,10.521,1169.47,545.571,76.528,1170.47,-50.147,-1.938,821.838,559.909,338.422,979.218,258.536,97.094,1060.84,235.536,259.808,84.391,33.736,6.08,-3.684,21.612,3.302,-13.465,5.334,-1.045,7.94,-34.656,6.007,0.513,9.998,-11.88,-12.619,52.106,-0.778,-15.574,-18.338,-2.447,21.303,-42.804,4.307,5.229,-6.808,9.467,-5.633,-6.808,-9.467,5.633,-9.566,25.897,56.424,25.858,-0,0,-16.461,11.741,74.817,9.298,-8.049,5.369,13.316,20.873,23.442,52.788,-0,0,5.004,19.815,84.007,9.298,8.049,-5.369,-92.966,4.715,-3.281,-17.416,19.483,-5.337,13.835,5.494,3.965,13.835,-5.494,-3.965,8.093,-4.039,7.729,8.093,4.039,-7.729,-17.078,4.332,1.682,-17.078,-4.332,-1.682,0.283,-2.184,12.039,0,0,0,-2.407,-0.713,-10.519,2.231,0.701,-11.365,11.945,0.739,1.577,0.18,0.35,1.962,-0.135,0.184,0.739,-0.271,0.105,0.104,-353.805,-353.404,-50.634,0,0,0,399.856,1034.28,-170.738,845.242,634.462,35.763,156.466,29.163,13.864,-454.808,-94.238,79.089,239.291,-91.303,1.74,-64.903,-6.094,-8.092,0,0,0.719,0,0,0.049,0,0,-0.26,0,0,1.487,0,0,-1.311,0,0,0.028
31.24,255.374,100.775,962.713,263.224,279.024,918.981,72.885,113.021,979.873,274.939,143.485,1140.308,191.969,259.491,539.288,203.916,680.689,681.775,-252.372,276.079,527.509,175.502,117.47,960.491,230.474,245.219,102.831,141.079,681.789,72.601,-205.623,153.779,71.894,194.046,268.542,547.385,237.042,319.759,91.56,219.647,307.824,310.316,18.323,308.108,73.533,249.619,100.623,80.605,237.042,319.759,91.56,237.795,356.118,151.026,167.343,320.436,92.029,236.709,260.293,127.924,382.926,92.346,491.36,511.632,523.602,488.593,-45.165,219.752,436.034,330.695,110.799,937.999,324.955,-251.563,248.615,544.951,-62.325,-80.565,-49.477,-80.299,96.833,387.973,105.404,495.943,319.283,-240.263,173.594,391.696,-42.24,242.65,111.142,-163.459,171.613,293.609,-304.4,384.432,319.283,-240.263,173.594,337.375,-178.172,144.692,252.548,-217.561,180.59,334.678,-214.821,237.887,257.068,153.797,1480.22,280.16,319.003,1458.794,423.18,132.6,1495.811,269.682,130.494,1314.138,-35.641,32.267,1170.17,-275.231,-89.043,1302.031,102.154,-233.218,1176.301,78.884,97.909,1438.651,-33.752,26.173,863.859,-288.269,-105.904,864.918,98.317,-228.281,869.735,-35.52,31.876,1150.544,-48.018,28.027,822.212,-98.098,91.942,842.211,-109.272,-25.784,840.797,-20.943,24.508,901.255,545.125,88.719,1172.53,649.88,-212.777,1208.364,814.671,198.516,1308.348,405.381,74.494,1461.367,549.434,298.164,994.658,696.411,149.493,823.154,776.367,390.603,1109.005,545.195,92.08,1169.673,562.848,344.281,972.198,646.425,344.615,1022.798,518.695,392.486,1044.808,538.13,259.301,1013.585,257.635,280.018,1739.03,256.775,253.296,1747.348,285.552,278.611,1737.395,255.656,271.775,1712.344,183.983,214.561,1732.839,324.204,204,1728.727,168.484,79.863,1708.563,306.587,56.062,1696.637,164.384,117.362,1642.565,322.692,114.315,1636.785,256.319,255.099,1738.006,234.188,18.398,1551.878,233.452,-6.534,1513.856,253.894,-44.297,1244.724,258.029,160.673,1479.331,263.356,210.82,1288.261,345.418,-58.903,1407.084,74.342,102.538,1507.322,-11.265,86.708,1401.765,-32.976,77.574,1157.965,-43.054,73.264,956.296,1.051,85.077,853.85,-96.521,-0.14,876.065,-58.198,41.02,826.278,411.705,74.398,1518.958,508.914,51.098,1417.409,579.567,114.307,1190.449,579.919,256.983,1064.783,540.877,342.732,1047.44,598.984,263.363,960.318,577.39,344.339,981.002,150.74,187.973,1042.168,382.6,168.32,1019.57,230.152,-38.767,1085.449,291.73,-44.621,1083.155,94.199,203.823,749.218,139.818,252.96,890.158,168.367,299.316,718.388,138.835,262.387,549.097,140.974,259.114,355.724,199.987,309.961,436.272,218.138,302.563,333.111,191.513,235.37,93.333,242.187,176.681,70.685,229.385,342.811,98.027,262.16,398.349,63.559,180.366,367.414,47.135,244.142,443.096,53.706,450.282,86.537,730.99,410.276,194.462,847.976,409.285,200.356,631.622,433.583,74.726,513.165,426.47,-64.454,404.604,392.537,46.786,391.828,376.432,-25.527,343.504,357.378,-275.597,258.004,300.669,-297.227,304.856,328.823,-229.571,149.954,283.515,-246.853,91.484,360.403,-288.45,114.133,306.205,-236.289,50.33,291.131,214.194,1391.923,292.327,209.195,1430.864,243.102,222.029,1395.048,220.504,-65.621,1018.642,228.458,-64.117,1056.417,269.683,-68.972,1009.078,82.692,218.008,675.703,73.04,198.84,708.623,82.296,260.702,698.781,132.147,250.011,267.854,121.17,249.263,306.213,145.797,295.975,273.161,458.11,66.376,636.875,461.7,61.663,675.737,468.087,113.979,640.417,413.857,-165.093,373.016,423.975,-133.503,394.652,424.664,-141.266,331.795,164.076,106.501,970.991,346.673,95.048,954.436,191.969,259.491,539.288,382.926,92.346,491.36,230.474,245.219,102.831,324.955,-251.563,248.615,237.042,319.759,91.56,319.283,-240.263,173.594,84.239,100.978,1451.21,404.895,74.444,1462.37,-35.641,32.267,1170.17,545.125,88.719,1172.53,-48.018,28.027,822.212,562.848,344.281,972.198,259.3,113.807,1063.19,235.786,259.746,84.356,32.666,5.966,-3.826,21.511,3.271,-13.802,6.177,-1.128,8.726,-34.472,6.223,0.412,11.891,-12.165,-13.053,54.817,-1.398,-15.227,-17.585,-2.307,20.046,-42.578,3.884,5.029,-6.98,9.527,-5.946,-6.98,-9.527,5.946,-8.845,26.03,55.166,25.946,-0,0,-15.681,11.878,75.912,9.499,-8.015,5.503,12.581,20.437,24.012,51.492,0,0,4.377,19.301,83.693,9.499,8.015,-5.503,-92.862,4.547,-3.281,-16.92,19.183,-6.645,13.834,5.36,3.839,13.834,-5.36,-3.839,7.987,-4.301,7.914,7.987,4.301,-7.914,-17.165,4.053,1.764,-17.165,-4.053,-1.764,0.212,-1.997,12.123,0,0,0,-2.293,-0.798,-10.605,2.287,0.609,-11.425,12.036,0.635,1.402,0.151,0.361,1.858,-0.137,0.181,0.629,-0.239,0.108,0.122,-344.022,-354.511,-51.085,0,0,0,354.007,923.959,-152.125,822.739,582.127,38.036,186.294,17.022,15.747,-420.442,-98.086,69.589,243.62,-82.381,-3.046,-58.641,-5.655,-11.215,0,0,0.94,0,0,0.308,0,0,-0.284,0,0,1.411,0,0,-1.151,0,0,0.078
31.25,255.884,116.153,965.59,263.696,294.383,921.774,73.298,128.159,981.873,274.545,159.01,1143.246,192.155,266.427,539.227,201.147,690.399,673.467,-252.292,279.662,527.199,176.697,132.539,963.124,230.781,245.872,102.925,136.191,680.836,66.068,-204.216,148.8,73.713,194.323,275.581,547.095,237.284,320.397,91.52,220.509,308.793,310.342,18.52,308.622,74.126,249.927,101.25,80.868,237.284,320.397,91.52,238.334,356.691,151.021,167.588,321.071,92.339,237.135,260.891,127.821,385.768,124.255,493.735,516.912,554.601,506.324,-41.128,255.942,439.206,329.944,128.203,940.303,327.169,-220.177,254.781,547.831,-34.036,-75.716,-46.725,-49.053,101.524,391.041,138.482,499.428,323.413,-208.478,179.701,393.83,-10.768,251.656,115.314,-131.845,172.789,292.4,-273.774,389.463,323.413,-208.478,179.701,342.586,-146.182,151.96,256.549,-185.642,184.767,336.811,-183.664,244.683,257.531,169.66,1483.01,281.145,334.849,1462.026,423.514,148.005,1499.33,270.859,146.659,1316.941,-34.452,54.1,1171.07,-272.42,-73.371,1300.024,106.78,-209.643,1170.986,79.265,114.909,1441.029,-31.876,55.576,864.552,-284.649,-79.783,861.776,103.489,-197.208,864.472,-34.286,54.195,1151.286,-45.595,58.76,822.898,-95.507,122.385,844.199,-107.411,4.831,839.135,-19.505,52.705,902.118,544.795,100.848,1174.61,649.757,-200.143,1213.915,814.718,212.423,1308.213,405.937,90.219,1464.028,552.041,304.658,989.762,698.415,149.082,823.962,779.292,398.594,1102.243,544.922,104.431,1171.359,565.758,349.514,965.243,649.357,351.567,1015.765,521.99,401.335,1035.56,540.438,266.714,1010.504,256.941,296.304,1741.7,256.052,269.595,1750.057,284.866,294.906,1740.203,255.096,288.017,1715.018,183.371,230.826,1735.298,323.612,220.257,1731.798,167.968,96.115,1711.09,306.081,72.228,1699.811,164.117,133.521,1645.107,322.689,130.501,1640.08,255.641,271.382,1740.723,234.193,34.465,1554.805,233.291,9.398,1516.902,254.919,-27.927,1247.405,258.514,176.535,1482.139,264.171,226.327,1290.966,345.306,-43.275,1410.329,74.691,119.243,1509.861,-10.907,105.084,1404.079,-32.717,99.758,1160.055,-41.484,100.235,958.071,3.367,114.476,856.563,-94.881,29.382,875.482,-55.742,71.694,827.228,411.935,89.999,1522.008,508.929,65.937,1420.28,579.084,126.989,1192.019,581.652,265.67,1061.495,543.875,351.356,1040.757,601.254,267.863,957.016,580.304,349.871,974.034,150.861,203.144,1044.437,382.808,184.147,1023,230.309,-23.346,1088.526,291.656,-29.222,1086.129,94.84,214.234,750.109,140.017,266.329,890.39,168.339,309.648,717.563,138.931,269.061,548.832,141.202,262.458,355.6,199.663,315.537,435.332,218.04,306.479,332.363,191.894,235.475,93.615,242.235,176.63,70.68,229.644,342.734,98.01,262.211,398.254,63.473,180.313,367.373,47.376,244.186,442.974,53.777,451.091,109.528,733.632,410.969,214.209,852.786,411.315,227.378,637.041,436.178,106.354,516.935,429.257,-32.16,409.53,395.38,79.135,395.875,379.273,6.618,347.827,359.442,-244.492,264.275,301.604,-266.236,309.598,333.564,-197.588,156.102,290.109,-214.204,96.066,366.167,-256.294,120.754,313.934,-203.642,54.12,292.028,229.852,1394.694,293.116,224.891,1433.622,244.039,237.814,1397.696,220.511,-50.37,1021.87,228.541,-48.826,1059.667,269.681,-53.639,1012.175,83.108,227.233,676.437,73.571,208.589,709.667,82.505,270.332,698.734,132.528,251.805,268.001,121.588,251.538,306.3,145.636,297.986,272.48,459.283,92.961,638.882,462.66,87.141,677.658,470.109,140.308,643.84,416.172,-133.074,378.558,426.325,-101.34,400.028,427.266,-109.481,337.234,164.54,121.759,973.429,347.228,110.547,957.75,192.155,266.427,539.227,385.768,124.255,493.735,230.781,245.872,102.925,327.169,-220.177,254.781,237.284,320.397,91.52,323.413,-208.478,179.701,84.626,117.776,1453.75,405.278,90.168,1465.4,-34.452,54.1,1171.07,544.795,100.848,1174.61,-45.595,58.76,822.898,565.758,349.514,965.243,260.128,130.404,1065.6,235.939,259.682,84.345,31.561,5.701,-3.973,21.25,3.247,-14.075,6.941,-1.202,9.431,-34.318,6.342,0.381,13.818,-12.228,-13.289,57.139,-1.922,-15.174,-16.354,-2.194,19.017,-42.231,3.572,4.876,-7.148,9.443,-6.174,-7.148,-9.443,6.174,-8.072,26.16,53.858,26.088,-0,0,-14.819,12.172,77.023,9.695,-7.97,5.659,11.867,20.017,24.595,50.13,0,0,3.828,18.633,83.507,9.695,7.97,-5.659,-92.783,4.385,-3.298,-17.291,18.695,-8.035,13.854,5.085,3.762,13.854,-5.085,-3.762,7.885,-4.545,8.097,7.885,4.545,-8.097,-17.254,3.779,1.824,-17.254,-3.779,-1.824,0.211,-1.757,11.938,0,0,0,-2.137,-0.754,-10.394,2.249,0.579,-11.212,11.849,0.603,1.185,0.139,0.362,1.749,-0.13,0.17,0.527,-0.204,0.11,0.136,-314.195,-363.914,-41.845,0,0,0,344.579,885.144,-151.133,753.719,575.494,38.822,219.983,30.346,13.507,-378.433,-99.854,59.648,238.236,-72.51,-6.779,-50.218,-5.18,-13.092,0,0,1.127,0,0,0.46,0,0,-0.293,0,0,1.297,0,0,-0.94,0,0,0.1
31.26,256.645,131.372,968.484,264.622,309.561,924.53,73.943,143.255,983.498,274.052,174.435,1146.218,192.365,272.694,539.169,198.721,699.315,664.896,-252.155,282.931,526.907,177.711,147.224,965.661,230.997,246.415,103.036,132.432,679.958,60.326,-203.105,144.993,75.325,194.401,281.809,546.778,237.422,320.925,91.493,221.191,309.672,310.374,18.624,308.976,74.654,250.185,101.769,81.172,237.422,320.925,91.493,238.654,357.167,151.021,167.729,321.585,92.534,237.4,261.387,127.741,388.27,155.861,497.063,520.541,585.163,524.614,-37.882,290.561,444.095,329.499,145.341,943.146,329.349,-187.684,259.49,551.916,-2.777,-70.422,-43.355,-15.449,104.588,393.566,171.081,503.891,327.538,-174.666,184.555,395.418,21.923,261.823,119.457,-98.472,173.499,291.206,-243.75,392.239,327.538,-174.666,184.555,347.473,-111.722,158.892,260.501,-152.034,187.99,338.789,-151.347,250.491,258.1,185.391,1485.88,282.207,350.556,1465.268,423.964,163.294,1502.806,272.014,162.637,1319.825,-33.18,76.026,1172.16,-269.492,-57.572,1297.917,111.42,-185.806,1165.723,79.754,131.724,1443.546,-29.707,85.48,865.62,-280.715,-52.968,858.506,108.886,-165.474,859.451,-32.954,76.641,1152.212,-42.911,90.192,823.977,-92.617,153.416,846.893,-105.288,36.197,837.645,-17.781,81.223,903.231,544.584,112.913,1176.73,649.914,-187.481,1219.468,814.833,226.36,1308.078,406.641,105.799,1466.693,554.762,310.662,984.991,700.541,148.303,825.282,782.287,406.174,1095.575,544.776,116.662,1173.095,568.646,354.143,958.456,652.256,358.193,1008.84,525.116,409.413,1026.249,542.954,273.68,1007.559,256.399,312.488,1744.48,255.492,285.79,1752.872,284.332,311.109,1743.114,254.683,304.161,1717.802,182.933,246.986,1737.87,323.188,236.437,1734.927,167.621,112.263,1713.721,305.758,88.315,1703.034,164.003,149.576,1647.758,322.894,146.613,1643.42,255.122,287.564,1743.526,234.347,50.435,1557.843,233.275,25.233,1520.071,255.887,-11.744,1250.221,259.103,192.265,1485.022,265.033,241.737,1293.783,345.208,-27.793,1413.608,75.157,135.762,1512.537,-10.45,123.209,1406.607,-32.427,121.998,1162.41,-39.744,127.504,960.223,5.969,144.326,859.837,-92.951,59.423,875.118,-53.016,103.045,828.636,412.352,105.487,1525.061,509.044,80.568,1423.098,578.686,139.641,1193.615,583.415,274.031,1058.322,546.851,359.446,1034.089,603.728,271.985,954.013,583.194,354.848,967.223,151.083,218.236,1046.464,383.252,199.779,1026.686,230.381,-8.044,1091.686,291.448,-13.939,1089.19,95.47,224.183,750.997,140.099,279.25,890.364,168.388,319.407,716.672,139.008,275.11,548.619,141.318,265.508,355.478,199.283,320.461,434.464,217.895,309.889,331.698,192.164,235.589,93.865,242.224,176.576,70.708,229.79,342.674,97.995,262.205,398.176,63.438,180.261,367.337,47.532,244.176,442.879,53.888,451.927,132.549,736.883,411.6,233.789,858.079,412.898,254.185,643.175,438.514,137.69,521.492,431.628,0.189,414.493,398.024,111.654,400.509,381.916,39.225,352.329,361.438,-212.356,269.039,302.469,-235.092,312.235,338.268,-163.35,161.496,296.808,-178.622,99.734,372.207,-221.158,126.006,321.756,-167.494,57.883,293.026,245.394,1397.549,293.999,240.467,1436.47,245.071,253.454,1400.411,220.334,-35.224,1025.224,228.372,-33.556,1063.047,269.509,-38.479,1015.506,83.491,235.963,677.221,74.051,217.901,710.766,82.752,279.474,698.698,132.771,253.499,268.117,121.853,253.666,306.353,145.482,299.842,271.887,460.526,119.689,641.601,463.678,112.752,680.242,472.022,166.741,647.963,418.303,-100.751,383.343,428.416,-69.041,404.86,429.701,-77.103,342.114,165.245,136.916,975.689,348.045,125.828,961.279,192.365,272.694,539.169,388.27,155.861,497.063,230.997,246.415,103.036,329.349,-187.684,259.49,237.422,320.925,91.493,327.538,-174.666,184.555,85.118,134.369,1456.43,405.811,105.756,1468.44,-33.18,76.026,1172.16,544.584,112.913,1176.73,-42.911,90.192,823.977,568.646,354.143,958.456,260.989,146.884,1068.08,236.007,259.625,84.352,30.441,5.33,-4.085,20.868,3.228,-14.235,7.61,-1.258,9.957,-34.174,6.391,0.396,15.754,-12.085,-13.339,59.054,-2.326,-15.418,-14.815,-2.113,18.274,-41.814,3.41,4.72,-7.287,9.208,-6.322,-7.287,-9.208,6.322,-7.225,26.271,52.548,26.284,-0,0,-13.923,12.634,78.11,9.858,-7.896,5.83,11.184,19.644,25.179,48.717,-0,-0,3.366,17.856,83.443,9.858,7.896,-5.83,-92.696,4.243,-3.329,-18.399,18.067,-9.425,13.891,4.688,3.721,13.891,-4.688,-3.721,7.803,-4.746,8.269,7.803,4.746,-8.269,-17.335,3.513,1.86,-17.335,-3.513,-1.86,0.174,-1.671,11.656,0,0,0,-1.808,-0.695,-10.117,2.331,0.52,-10.893,11.571,0.513,1.126,0.14,0.356,1.634,-0.119,0.153,0.434,-0.169,0.109,0.144,-283.413,-358.567,-40.493,0,0,0,188.183,825.816,-133.303,763.533,539.338,37.763,236.791,28.406,12.16,-331.944,-99.775,51.582,224.135,-64.09,-9.091,-40.893,-4.684,-13.682,0,0,0.923,0,0,0.603,0,0,-0.266,0,0,1.151,0,0,-0.713,0,0,0.1
31.27,257.581,146.479,971.39,265.855,324.615,927.277,74.756,158.311,984.875,273.499,189.773,1149.207,192.611,278.415,539.195,196.79,707.536,656.202,-251.951,286.167,526.644,178.464,161.59,968.153,231.145,246.833,103.182,130.253,679.301,55.311,-202.403,142.755,76.675,194.325,287.312,546.471,237.487,321.324,91.476,221.688,310.501,310.41,18.667,309.163,75.084,250.409,102.158,81.574,237.487,321.324,91.476,238.809,357.536,151.021,167.795,321.957,92.638,237.55,261.767,127.693,390.452,187.11,501.22,522.548,615.294,543.223,-35.428,323.481,450.389,329.364,162.283,946.424,331.572,-154.204,262.639,557.019,31.371,-64.934,-39.43,20.234,106.124,395.597,203.149,509.15,331.643,-139.137,188.067,396.564,55.523,272.435,123.56,-63.507,173.687,290.267,-214.056,392.763,331.643,-139.137,188.067,351.996,-75.272,165.156,264.4,-116.957,190.159,340.703,-117.99,255.064,258.752,201.009,1488.8,283.302,366.141,1468.446,424.516,178.506,1506.164,273.077,178.413,1322.759,-31.838,98.038,1173.46,-266.535,-41.5,1295.742,115.931,-161.78,1160.591,80.36,148.34,1446.202,-27.246,115.822,867.12,-276.539,-25.368,855.187,114.383,-133.202,854.786,-31.536,99.205,1153.353,-39.994,122.251,825.533,-89.447,184.94,850.383,-102.92,68.272,836.477,-15.749,110.024,904.627,544.488,124.906,1178.91,650.374,-174.78,1225.101,814.979,240.371,1307.982,407.448,121.255,1469.365,557.562,316.185,980.403,702.8,147.233,827.172,785.291,413.395,1089.07,544.752,128.771,1174.904,571.518,358.204,951.923,655.118,364.447,1002.098,528.093,416.731,1016.995,545.619,280.222,1004.777,255.996,328.577,1747.32,255.083,301.889,1755.74,283.936,327.228,1746.075,254.404,320.215,1720.645,182.657,263.047,1740.519,322.919,252.545,1738.083,167.434,128.312,1716.411,305.614,104.338,1706.262,164.035,165.542,1650.47,323.277,162.665,1646.748,254.751,303.65,1746.386,234.629,66.317,1560.948,233.413,40.99,1523.311,256.721,4.225,1253.155,259.774,207.882,1487.948,265.911,257.073,1296.69,345.127,-12.418,1416.876,75.733,152.091,1515.325,-9.902,141.059,1409.328,-32.084,144.276,1165.026,-37.817,155.03,962.784,8.857,174.549,863.695,-90.736,89.937,875.059,-50.047,134.995,830.585,412.93,120.896,1528.094,509.248,95.046,1425.865,578.362,152.261,1195.243,585.195,282.06,1055.296,549.784,366.995,1027.503,606.363,275.758,951.343,586.064,359.29,960.654,151.36,233.262,1048.317,383.867,215.254,1030.563,230.415,7.172,1094.883,291.164,1.266,1092.294,96.067,233.827,751.941,140.044,291.788,890.216,168.501,328.692,715.764,139.088,280.67,548.491,141.354,268.387,355.377,198.95,324.789,433.689,217.762,312.835,331.134,192.342,235.728,94.093,242.16,176.52,70.773,229.856,342.642,97.973,262.161,398.124,63.42,180.22,367.306,47.609,244.134,442.813,53.995,452.817,155.705,740.641,412.144,253.237,863.796,414.089,280.773,649.917,440.593,168.652,526.66,433.648,32.53,419.293,400.488,144.275,405.563,384.394,72.202,356.845,363.461,-179.278,272.183,303.41,-203.652,312.849,342.88,-127.225,165.893,303.441,-140.618,102.377,378.345,-183.59,129.762,329.45,-128.445,61.286,294.093,260.848,1400.459,294.943,255.95,1439.38,246.16,268.977,1403.166,220.086,-20.159,1028.631,228.076,-18.305,1066.481,269.275,-23.436,1018.979,83.837,244.306,678.091,74.466,226.884,711.956,83.041,288.226,698.714,132.909,255.185,268.203,121.986,255.76,306.392,145.384,301.641,271.394,461.887,146.561,644.945,464.806,138.503,683.401,473.815,193.297,652.696,420.304,-68.201,387.238,430.304,-36.667,409.008,432.013,-44.231,346.287,166.122,151.998,977.831,349.04,140.961,964.95,192.611,278.415,539.195,390.452,187.11,501.22,231.145,246.833,103.182,331.572,-154.204,262.639,237.487,321.324,91.476,331.643,-139.137,188.067,85.716,150.741,1459.22,406.462,121.229,1471.46,-31.838,98.038,1173.46,544.488,124.906,1178.91,-39.994,122.251,825.533,571.518,358.204,951.923,261.846,163.247,1070.61,236.008,259.581,84.373,29.307,4.907,-4.15,20.382,3.208,-14.244,8.176,-1.289,10.253,-34.031,6.393,0.437,17.67,-11.78,-13.226,60.563,-2.593,-15.901,-13.117,-2.061,17.796,-41.383,3.383,4.559,-7.379,8.847,-6.4,-7.379,-8.847,6.4,-6.286,26.354,51.268,26.536,-0,0,-13.028,13.267,79.146,9.974,-7.78,6.01,10.538,19.344,25.76,47.268,0,0,2.983,17.025,83.473,9.974,7.78,-6.01,-92.587,4.13,-3.371,-20.103,17.328,-10.748,13.933,4.21,3.703,13.933,-4.21,-3.703,7.75,-4.886,8.424,7.75,4.886,-8.424,-17.404,3.26,1.872,-17.404,-3.26,-1.872,0.207,-1.474,11.232,0,0,0,-1.574,-0.543,-9.653,2.261,0.53,-10.437,11.137,0.524,0.973,0.151,0.344,1.519,-0.107,0.131,0.354,-0.137,0.106,0.145,-232.826,-341.051,-40.267,0,0,0,164.207,821.728,-118.205,689.488,528.392,47.066,275.91,28.732,21.055,-285.475,-97.236,46.39,204.142,-58.241,-10.034,-31.82,-4.187,-13.205,0,0,0.94,0,0,0.66,0,0,-0.256,0,0,0.992,0,0,-0.497,0,0,0.086
31.28,258.628,161.51,974.303,267.251,339.589,930.03,75.684,173.301,986.097,272.902,205.047,1152.201,192.895,283.67,539.348,195.331,715.148,647.396,-251.687,289.415,526.429,178.968,175.747,970.639,231.253,247.131,103.366,129.684,678.913,50.958,-202.115,142.081,77.755,194.169,292.156,546.194,237.509,321.6,91.468,222.025,311.297,310.45,18.678,309.193,75.412,250.624,102.423,82.084,237.509,321.6,91.468,238.849,357.803,151.019,167.818,322.191,92.678,237.632,262.038,127.676,392.333,217.945,506.05,523.023,644.974,561.923,-33.731,354.66,457.742,329.524,179.079,950.009,333.878,-119.853,264.209,562.65,68.32,-59.554,-35.197,57.643,106.58,397.241,234.625,515.005,335.701,-102.195,190.23,397.344,89.739,282.895,127.585,-27.184,173.305,289.731,-184.414,391.108,335.701,-102.195,190.23,356.167,-37.303,170.53,268.241,-80.609,191.252,342.64,-83.729,258.265,259.471,216.535,1491.72,284.411,381.624,1471.494,425.158,193.663,1509.337,274.013,193.997,1325.69,-30.422,120.116,1174.95,-263.566,-25.155,1293.47,120.316,-137.587,1155.601,81.063,164.753,1448.967,-24.505,146.541,869.099,-272.135,2.987,851.905,119.969,-100.455,850.554,-30.031,121.863,1154.729,-36.867,154.853,827.64,-86.02,216.85,854.724,-100.322,100.995,835.762,-13.402,139.075,906.34,544.504,136.815,1181.15,651.149,-162.037,1230.864,815.136,254.479,1307.922,408.333,136.611,1472.036,560.393,321.247,976.052,705.178,145.968,829.651,788.24,420.309,1082.782,544.843,140.74,1176.786,574.382,361.745,945.715,657.943,370.264,995.62,530.963,423.331,1007.904,548.347,286.379,1002.174,255.72,344.579,1750.17,254.812,317.897,1758.611,283.666,343.269,1749.034,254.243,336.191,1723.497,182.527,279.016,1743.203,322.786,268.583,1741.224,167.402,144.265,1719.111,305.641,120.308,1709.444,164.205,181.428,1653.189,323.796,178.667,1650.01,254.514,319.65,1749.262,235.022,82.115,1564.065,233.7,56.684,1526.559,257.384,19.979,1256.167,260.509,223.406,1490.875,266.773,272.351,1299.644,345.071,2.887,1420.09,76.411,168.232,1518.194,-9.272,158.627,1412.213,-31.668,166.566,1167.887,-35.687,182.768,965.78,12.023,205.07,868.149,-88.245,120.877,875.385,-46.859,167.456,833.146,413.637,136.254,1531.077,509.532,109.436,1428.578,578.105,164.837,1196.901,586.979,289.754,1052.436,552.654,374.007,1021.056,609.092,279.213,949.021,588.922,363.227,954.398,151.646,248.224,1050.08,384.574,230.619,1034.555,230.453,22.329,1098.069,290.876,16.421,1095.401,96.627,243.263,752.958,139.869,304.043,890.053,168.662,337.587,714.852,139.183,285.818,548.45,141.354,271.142,355.311,198.742,328.573,433.013,217.679,315.363,330.673,192.459,235.896,94.306,242.053,176.469,70.866,229.871,342.639,97.94,262.094,398.103,63.401,180.195,367.279,47.621,244.076,442.775,54.078,453.769,179.033,744.792,412.59,272.571,869.844,414.936,307.109,657.142,442.427,199.174,532.249,435.427,64.823,423.726,402.772,176.93,410.872,386.733,105.45,361.225,365.571,-145.354,273.647,304.537,-171.776,311.545,347.359,-89.577,169.135,309.866,-100.665,103.963,384.414,-144.112,131.989,336.839,-87.071,64.079,295.201,276.23,1403.382,295.928,271.356,1442.308,247.277,284.41,1405.932,219.887,-5.153,1032.02,227.786,-3.083,1069.894,269.091,-8.457,1022.494,84.157,252.317,679.05,74.821,235.594,713.239,83.371,296.639,698.783,132.993,256.879,268.266,122.026,257.843,306.434,145.362,303.411,271.006,463.374,173.524,648.814,466.064,164.353,687.037,475.474,219.942,657.933,422.227,-35.488,390.143,432.065,-4.267,412.354,434.243,-10.963,349.639,167.113,167.008,979.898,350.144,156.012,968.708,192.895,283.67,539.348,392.333,217.945,506.05,231.253,247.131,103.366,333.878,-119.853,264.209,237.509,321.6,91.468,335.701,-102.195,190.23,86.401,166.891,1462.09,407.206,136.61,1474.45,-30.422,120.116,1174.95,544.504,136.815,1181.15,-36.867,154.853,827.64,574.382,361.745,945.715,262.672,179.491,1073.17,235.962,259.554,84.403,28.15,4.465,-4.165,19.797,3.181,-14.097,8.642,-1.296,10.318,-33.885,6.367,0.489,19.545,-11.348,-12.986,61.68,-2.714,-16.523,-11.381,-2.031,17.509,-40.981,3.446,4.417,-7.416,8.381,-6.432,-7.416,-8.381,6.432,-5.254,26.4,50.018,26.835,0,0,-12.158,14.065,80.137,10.035,-7.621,6.195,9.928,19.125,26.343,45.803,-0,0,2.655,16.203,83.561,10.035,7.621,-6.195,-92.452,4.047,-3.421,-22.259,16.499,-11.958,13.975,3.681,3.688,13.975,-3.681,-3.688,7.731,-4.961,8.56,7.731,4.961,-8.56,-17.457,3.024,1.861,-17.457,-3.024,-1.861,0.276,-1.346,10.694,0,0,0,-1.281,-0.333,-9.089,2.22,0.581,-9.864,10.589,0.564,0.9,0.168,0.326,1.404,-0.095,0.108,0.289,-0.108,0.1,0.14,-185.58,-319.108,-36.211,0,0,0,80.131,860.749,-109.586,649.53,534.831,51.439,298.928,31.421,25.329,-243.212,-90.959,43.574,182.081,-54.565,-9.978,-23.963,-3.71,-12.083,0,0,0.815,0,0,0.734,0,0,-0.219,0,0,0.833,0,0,-0.312,0,0,0.066
31.29,259.707,176.512,977.213,268.649,354.548,932.826,76.654,188.218,987.287,272.298,220.251,1155.188,193.215,288.507,539.64,194.215,722.208,638.41,-251.373,292.572,526.295,179.301,189.816,973.137,231.337,247.34,103.578,130.348,678.759,47.203,-202.146,142.607,78.622,194.013,296.41,545.956,237.51,321.781,91.47,222.252,312.065,310.494,18.675,309.122,75.663,250.825,102.591,82.674,237.51,321.781,91.47,238.823,357.995,151.014,167.818,322.317,92.681,237.681,262.225,127.688,393.942,248.301,511.387,522.121,674.148,580.52,-32.707,384.122,465.803,329.947,195.747,953.764,336.266,-84.733,264.244,568.218,107.967,-54.556,-30.992,96.423,106.535,398.619,265.435,521.271,339.678,-64.11,191.094,397.833,124.316,292.776,131.496,10.275,172.317,289.641,-154.598,387.394,339.678,-64.11,191.094,360.016,1.781,174.889,272.007,-43.17,191.307,344.667,-48.69,260.052,260.241,231.981,1494.6,285.519,397.019,1474.378,425.873,208.781,1512.301,274.821,209.405,1328.578,-28.919,142.229,1176.63,-260.535,-8.629,1291.096,124.672,-113.208,1150.765,81.855,180.969,1451.831,-21.5,177.577,871.587,-267.478,31.986,848.734,125.71,-67.246,846.797,-28.425,144.579,1156.345,-33.547,187.906,830.355,-82.361,249.027,859.928,-97.502,134.285,835.608,-10.745,168.356,908.4,544.622,148.618,1183.43,652.251,-149.248,1236.806,815.264,268.711,1307.881,409.247,151.891,1474.669,563.203,325.884,971.959,707.67,144.62,832.705,791.058,426.991,1076.735,545.035,152.564,1178.718,577.249,364.83,939.875,660.731,375.586,989.479,533.777,429.268,999.065,551.05,292.183,999.721,255.556,360.504,1753,254.663,333.825,1761.453,283.508,359.24,1751.962,254.185,352.099,1726.327,182.521,294.894,1745.872,322.765,284.553,1744.299,167.519,160.121,1721.764,305.833,136.235,1712.528,164.503,197.239,1655.859,324.405,194.625,1653.154,254.395,335.572,1752.104,235.513,97.833,1567.135,234.121,72.322,1529.749,257.88,35.533,1259.199,261.293,238.85,1493.757,267.597,287.577,1302.591,345.053,18.153,1423.205,77.18,184.187,1521.107,-8.571,175.915,1415.227,-31.164,188.833,1170.969,-33.345,210.675,969.219,15.451,235.819,873.199,-85.491,152.193,876.156,-43.47,200.331,836.367,414.438,151.579,1533.973,509.892,123.802,1431.228,577.899,177.35,1198.565,588.756,297.121,1049.75,555.452,380.503,1014.793,611.836,282.386,947.045,591.775,366.702,948.506,151.902,263.116,1051.84,385.289,245.922,1038.578,230.529,37.448,1101.188,290.656,31.543,1098.467,97.166,252.54,754.034,139.621,316.119,889.933,168.854,346.157,713.931,139.3,290.58,548.481,141.355,273.756,355.289,198.692,331.868,432.428,217.653,317.535,330.305,192.541,236.088,94.51,241.924,176.432,70.974,229.861,342.663,97.901,262.019,398.111,63.374,180.183,367.254,47.59,244.015,442.758,54.128,454.776,202.498,749.224,412.931,291.786,876.108,415.483,333.132,664.72,444.038,229.199,538.071,437.084,97.031,427.62,404.861,209.538,416.286,388.947,138.867,365.348,367.784,-110.672,273.422,305.932,-139.352,308.433,351.676,-50.714,171.15,315.972,-59.161,104.527,390.274,-103.148,132.735,343.793,-43.864,66.122,296.332,291.552,1406.27,296.94,286.695,1445.202,248.404,299.775,1408.669,219.853,9.808,1035.314,227.63,12.099,1073.212,269.062,6.503,1025.95,84.475,260.022,680.075,75.14,244.056,714.597,83.745,304.739,698.883,133.072,258.534,268.316,122.019,259.877,306.498,145.403,305.125,270.722,464.965,200.481,653.094,467.445,190.218,691.044,476.988,246.588,663.556,424.119,-2.665,391.998,433.769,28.116,414.816,436.423,22.616,352.09,168.14,181.966,981.948,351.274,171.057,972.478,193.215,288.507,539.64,393.942,248.301,511.387,231.337,247.34,103.578,336.266,-84.733,264.244,237.51,321.781,91.47,339.678,-64.11,191.094,87.16,182.824,1465.01,408.006,151.921,1477.34,-28.919,142.229,1176.63,544.622,148.618,1183.43,-33.547,187.906,830.355,577.249,364.83,939.875,263.447,195.623,1075.73,235.892,259.548,84.438,26.947,4.041,-4.143,19.108,3.142,-13.825,9.019,-1.285,10.212,-33.742,6.323,0.539,21.352,-10.845,-12.65,62.43,-2.682,-17.175,-9.692,-2.01,17.313,-40.642,3.554,4.329,-7.393,7.852,-6.444,-7.393,-7.852,6.444,-4.136,26.407,48.785,27.173,0,0,-11.319,15.005,81.102,10.04,-7.424,6.38,9.345,18.989,26.936,44.346,0,-0,2.363,15.465,83.661,10.04,7.424,-6.38,-92.298,3.989,-3.473,-24.748,15.608,-13.034,14.004,3.144,3.659,14.004,-3.144,-3.659,7.743,-4.973,8.677,7.743,4.973,-8.677,-17.49,2.806,1.829,-17.49,-2.806,-1.829,0.301,-1.17,10.156,0,0,0,-1.068,-0.173,-8.516,2.104,0.592,-9.307,10.04,0.584,0.778,0.186,0.302,1.292,-0.087,0.084,0.238,-0.085,0.093,0.129,-146.447,-299.194,-37.563,0,0,0,55.3,859.935,-92.389,582.341,519.98,59.025,320.314,32.078,34.073,-207.661,-80.346,41.43,161.201,-51.44,-9.518,-17.866,-3.278,-10.881,0,0,0.727,0,0,0.765,0,0,-0.18,0,0,0.685,0,0,-0.163,0,0,0.047
31.3,260.742,191.519,980.093,269.896,369.535,935.672,77.596,203.047,988.547,271.722,235.384,1158.144,193.561,292.956,540.057,193.335,728.748,629.156,-251.026,295.539,526.295,179.561,203.895,975.632,231.41,247.508,103.807,131.572,678.729,43.979,-202.325,143.699,79.382,193.924,300.146,545.761,237.505,321.92,91.478,222.424,312.827,310.542,18.67,309.014,75.877,251.015,102.718,83.309,237.505,321.92,91.478,238.768,358.164,151.005,167.813,322.394,92.668,237.719,262.382,127.725,395.313,278.115,517.066,520.054,702.739,598.854,-32.244,411.966,474.241,330.584,212.286,957.556,338.717,-48.924,262.82,573.241,150.191,-50.102,-27.113,136.261,106.478,399.831,295.5,527.783,343.532,-25.085,190.734,398.115,159.062,301.801,135.252,48.707,170.745,290,-124.433,381.757,343.532,-25.085,190.734,363.564,41.694,178.198,275.665,-4.79,190.395,346.804,-12.979,260.452,261.05,247.362,1497.39,286.622,412.343,1477.069,426.647,223.868,1515.034,275.52,224.671,1331.374,-27.31,164.342,1178.46,-257.377,7.977,1288.58,129.107,-88.622,1146.057,82.735,196.997,1454.74,-18.249,208.869,874.597,-262.537,61.514,845.72,131.671,-33.584,843.54,-26.706,167.313,1158.191,-30.044,221.313,833.711,-78.502,281.353,865.964,-94.465,168.045,836.084,-7.796,197.842,910.83,544.828,160.298,1185.69,653.623,-136.435,1242.879,815.368,283.019,1307.777,410.183,167.115,1477.206,565.949,330.148,968.154,710.22,143.301,836.272,793.718,433.468,1070.94,545.316,164.22,1180.665,580.122,367.533,934.43,663.491,380.392,983.723,536.599,434.642,990.533,553.648,297.701,997.423,255.496,376.358,1755.76,254.626,349.68,1764.216,283.453,375.144,1754.807,254.221,367.944,1729.084,182.617,310.685,1748.473,322.833,300.455,1747.256,167.779,175.881,1724.315,306.178,152.122,1715.463,164.919,212.977,1658.426,325.059,210.544,1656.132,254.382,351.424,1754.86,236.098,113.475,1570.095,234.651,87.903,1532.817,258.237,50.915,1262.186,262.114,254.229,1496.545,268.361,302.754,1305.468,345.091,33.403,1426.18,78.029,199.962,1524.019,-7.81,192.937,1418.327,-30.564,211.039,1174.235,-30.793,238.703,973.095,19.113,266.729,878.833,-82.487,183.827,877.41,-39.895,233.518,840.268,415.301,166.885,1536.741,510.335,138.204,1433.792,577.736,189.772,1200.199,590.521,304.179,1047.236,558.178,386.52,1008.747,614.517,285.322,945.398,594.628,369.771,943.007,152.103,277.923,1053.668,385.939,261.207,1042.554,230.67,52.543,1104.183,290.576,46.646,1101.443,97.705,261.681,755.132,139.369,328.107,889.864,169.079,354.454,712.991,139.438,294.963,548.562,141.387,276.172,355.319,198.776,334.741,431.925,217.672,319.43,330.018,192.613,236.293,94.711,241.797,176.427,71.082,229.843,342.713,97.861,261.944,398.143,63.334,180.18,367.235,47.536,243.957,442.762,54.141,455.823,226.006,753.832,413.16,310.864,882.458,415.776,358.769,672.524,445.448,258.682,543.952,438.709,129.116,430.852,406.735,242.011,421.681,391.041,172.359,369.131,370.094,-75.294,271.544,307.644,-106.304,303.63,355.798,-10.869,171.947,321.679,-16.404,104.152,395.832,-60.999,132.1,350.223,0.797,67.375,297.468,306.82,1409.067,297.971,301.971,1448,249.523,315.092,1411.336,220.088,24.736,1038.44,227.713,27.234,1076.36,269.276,21.482,1029.251,84.818,267.446,681.133,75.456,252.283,715.995,84.169,312.551,698.981,133.189,260.074,268.37,122.01,261.785,306.598,145.479,306.73,270.533,466.621,227.309,657.671,468.931,215.987,695.315,478.351,273.118,669.447,426.012,30.222,392.771,435.467,60.445,416.338,438.568,56.435,353.595,169.132,196.884,984.018,352.353,186.153,976.168,193.561,292.956,540.057,395.313,278.115,517.066,231.41,247.508,103.807,338.717,-48.924,262.82,237.505,321.92,91.478,343.532,-25.085,190.734,87.981,198.555,1467.91,408.842,167.182,1480.11,-27.31,164.342,1178.46,544.828,160.298,1185.69,-30.044,221.313,833.711,580.122,367.533,934.43,264.162,211.651,1078.25,235.82,259.57,84.472,25.675,3.663,-4.092,18.31,3.093,-13.503,9.321,-1.265,10.029,-33.607,6.27,0.584,23.074,-10.326,-12.251,62.834,-2.503,-17.77,-8.109,-1.99,17.131,-40.371,3.681,4.312,-7.311,7.306,-6.464,-7.311,-7.306,6.464,-2.948,26.384,47.547,27.545,0,0,-10.51,16.053,82.059,9.998,-7.201,6.563,8.777,18.924,27.541,42.922,-0,0,2.066,14.848,83.734,9.998,7.201,-6.563,-92.134,3.942,-3.524,-27.478,14.685,-13.962,14.008,2.638,3.602,14.008,-2.638,-3.602,7.783,-4.935,8.778,7.783,4.935,-8.778,-17.506,2.61,1.783,-17.506,-2.61,-1.783,0.329,-1.033,9.58,0,0,0,-0.848,-0.021,-7.923,1.996,0.606,-8.718,9.453,0.6,0.695,0.201,0.273,1.187,-0.081,0.062,0.203,-0.07,0.084,0.114,-104.45,-279.096,-14.125,0,0,0,10.54,856.179,-99.667,522.822,508.985,40.982,340.269,33.01,16.921,-179.33,-65.481,38.335,143.405,-47.206,-8.994,-13.677,-2.916,-9.87,0,0,0.559,0,0,0.803,0,0,-0.155,0,0,0.554,0,0,-0.049,0,0,0.033
31.31,261.698,206.561,982.924,270.903,384.593,938.578,78.471,217.778,989.924,271.19,250.441,1161.057,193.932,297.034,540.575,192.663,734.77,619.563,-250.65,298.29,526.47,179.828,218.046,978.085,231.477,247.693,104.041,132.593,678.707,41.211,-202.472,144.655,80.163,193.941,303.45,545.608,237.505,322.073,91.49,222.601,313.61,310.59,18.668,308.954,76.097,251.177,102.858,83.952,237.505,322.073,91.49,238.717,358.365,150.988,167.812,322.483,92.659,237.764,262.563,127.782,396.48,307.327,522.934,517.035,730.661,616.796,-32.22,438.316,482.766,331.379,228.68,961.262,341.209,-12.48,260.027,577.448,194.841,-46.204,-23.748,176.897,106.695,400.923,324.747,534.4,347.228,14.741,189.241,398.263,193.844,309.835,138.817,87.994,168.647,290.788,-93.801,374.331,347.228,14.741,189.241,366.816,82.251,180.488,279.177,34.402,188.592,349.039,23.329,259.532,261.887,262.688,1500.04,287.715,427.607,1479.542,427.464,238.93,1517.518,276.13,239.823,1334.028,-25.586,186.422,1180.41,-254.02,24.549,1285.871,133.74,-63.789,1141.467,83.685,212.85,1457.661,-14.771,240.358,878.12,-257.263,91.431,842.872,137.937,0.544,840.794,-24.864,190.021,1160.234,-26.366,254.971,837.716,-74.472,313.711,872.766,-91.205,202.162,837.224,-4.577,227.512,913.64,545.109,171.832,1187.91,655.224,-123.612,1249.102,815.431,297.372,1307.588,411.103,182.303,1479.612,568.6,334.104,964.626,712.813,142.121,840.271,796.187,439.797,1065.384,545.67,175.704,1182.577,583.005,369.936,929.38,666.228,384.685,978.389,539.476,439.54,982.351,556.086,302.979,995.241,255.535,392.146,1758.38,254.691,365.466,1766.833,283.497,390.983,1757.499,254.344,383.731,1731.701,182.795,326.392,1750.949,322.972,316.291,1750.037,168.172,191.549,1726.715,306.664,167.971,1718.201,165.442,228.642,1660.837,325.725,226.424,1658.901,254.469,367.21,1757.476,236.778,129.046,1572.885,235.271,103.428,1535.704,258.492,66.152,1265.057,262.962,269.552,1499.19,269.053,317.885,1308.21,345.208,48.653,1428.978,78.945,215.567,1526.882,-7.007,209.718,1421.464,-29.869,233.145,1177.637,-28.044,266.803,977.387,22.978,297.736,885.025,-79.243,215.718,879.158,-36.145,266.912,844.841,416.199,182.184,1539.333,510.871,152.687,1436.236,577.608,202.071,1201.75,592.271,310.958,1044.879,560.846,392.112,1002.935,617.076,288.073,944.048,597.486,372.502,937.908,152.24,292.631,1055.607,386.469,276.514,1046.41,230.898,67.626,1106.99,290.693,61.738,1104.272,98.264,270.696,756.208,139.182,340.073,889.813,169.357,362.515,712.019,139.599,298.971,548.674,141.47,278.329,355.407,198.935,337.267,431.493,217.708,321.131,329.794,192.692,236.5,94.915,241.696,176.467,71.178,229.834,342.786,97.824,261.876,398.19,63.282,180.182,367.225,47.473,243.905,442.784,54.117,456.897,249.433,758.518,413.267,329.775,888.768,415.861,383.944,680.435,446.679,287.586,549.748,440.346,161.036,433.351,408.377,274.261,426.96,393.006,205.85,372.525,372.49,-39.252,268.087,309.701,-72.585,297.246,359.7,29.801,171.597,326.943,27.395,102.947,401.04,-17.845,130.22,356.078,46.641,67.878,298.593,322.041,1411.716,299.016,317.184,1450.644,250.62,330.378,1413.887,220.671,39.629,1041.324,228.109,42.315,1079.268,269.8,36.501,1032.31,85.211,274.627,682.185,75.803,260.297,717.392,84.66,320.111,699.044,133.369,261.431,268.451,122.038,263.494,306.743,145.557,308.172,270.425,468.302,253.87,662.436,470.499,241.535,699.751,479.566,299.398,675.489,427.928,63.146,392.455,437.19,92.691,416.889,440.684,90.447,354.137,170.05,211.771,986.122,353.346,201.351,979.726,193.932,297.034,540.575,396.48,307.327,522.934,231.477,247.693,104.041,341.209,-12.48,260.027,237.505,322.073,91.49,347.228,14.741,189.241,88.851,214.1,1470.77,409.681,182.414,1482.7,-25.586,186.422,1180.41,545.109,171.832,1187.91,-26.366,254.971,837.716,583.005,369.936,929.38,264.82,227.588,1080.7,235.765,259.627,84.501,24.32,3.34,-4.004,17.401,3.038,-13.225,9.562,-1.249,9.875,-33.487,6.21,0.619,24.698,-9.83,-11.817,62.916,-2.192,-18.254,-6.664,-1.968,16.921,-40.163,3.817,4.364,-7.172,6.771,-6.514,-7.172,-6.771,6.514,-1.705,26.334,46.283,27.948,0,-0,-9.726,17.169,83.028,9.92,-6.966,6.738,8.21,18.923,28.161,41.555,-0,0,1.752,14.394,83.747,9.92,6.966,-6.738,-91.969,3.896,-3.567,-30.389,13.76,-14.737,13.98,2.184,3.503,13.98,-2.184,-3.503,7.842,-4.858,8.866,7.842,4.858,-8.866,-17.506,2.437,1.728,-17.506,-2.437,-1.728,0.344,-0.908,9.042,0,0,0,-0.657,0.098,-7.385,1.885,0.608,-8.176,8.906,0.603,0.62,0.211,0.24,1.09,-0.079,0.043,0.183,-0.062,0.074,0.098,-66.987,-262.871,-15.252,0,0,0,-28.427,846.666,-82.953,464.94,492.318,46.186,355.274,36.088,22.965,-157.286,-47.054,33.656,129.19,-41.152,-8.495,-11.205,-2.64,-9.061,0,0,0.375,0,0,0.81,0,0,-0.13,0,0,0.444,0,0,0.036,0,0,0.023
31.32,262.551,221.664,985.657,271.604,399.756,941.522,79.253,232.409,991.42,270.719,265.418,1163.886,194.322,300.761,541.168,192.278,740.266,609.612,-250.255,300.923,526.852,180.151,232.286,980.444,231.545,247.945,104.27,132.76,678.592,38.821,-202.433,144.872,81.083,194.085,306.409,545.493,237.521,322.292,91.501,222.833,314.446,310.639,18.676,309.01,76.357,251.305,103.064,84.576,237.521,322.292,91.501,238.695,358.65,150.96,167.827,322.638,92.665,237.833,262.822,127.859,397.482,335.882,528.854,513.308,757.822,634.237,-32.502,463.339,491.128,332.268,244.909,964.774,343.73,24.576,255.955,580.8,241.74,-42.719,-20.939,218.151,107.249,401.89,353.114,540.997,350.751,55.294,186.709,398.337,228.579,316.837,142.166,128.048,166.104,291.987,-62.624,365.223,350.751,55.294,186.709,369.775,123.355,181.832,282.519,74.314,185.972,351.353,60.19,257.374,262.746,277.969,1502.51,288.794,442.823,1481.77,428.314,253.976,1519.743,276.679,254.882,1336.503,-23.749,208.435,1182.41,-250.424,41.019,1282.895,138.629,-38.698,1136.961,84.689,228.538,1460.518,-11.082,271.982,882.131,-251.627,121.646,840.17,144.552,35.118,838.57,-22.905,212.665,1162.426,-22.513,288.775,842.346,-70.303,345.995,880.23,-87.716,236.518,839.023,-1.114,257.338,916.824,545.456,183.21,1190.01,656.962,-110.816,1255.372,815.487,311.671,1307.22,412.013,197.471,1481.809,571.144,337.827,961.373,715.39,141.17,844.591,798.485,445.98,1060.053,546.086,187.003,1184.405,585.899,372.118,924.711,668.96,388.509,973.473,542.457,444.069,974.524,558.346,308.087,993.168,255.671,407.877,1760.81,254.857,381.194,1769.256,283.637,406.764,1759.988,254.552,399.465,1734.127,183.045,342.021,1753.249,323.172,332.067,1752.588,168.689,207.131,1728.918,307.273,183.781,1720.699,166.059,244.237,1663.051,326.388,242.263,1661.422,254.652,382.939,1759.896,237.556,144.552,1575.45,235.963,118.894,1538.358,258.677,81.259,1267.75,263.83,284.83,1501.647,269.666,332.975,1310.754,345.428,63.913,1431.563,79.919,231.013,1529.642,-6.178,226.289,1424.583,-29.091,255.113,1181.119,-25.122,294.925,982.057,27.011,328.778,891.736,-75.763,247.798,881.384,-32.228,300.407,850.047,417.116,197.485,1541.702,511.514,167.281,1438.516,577.516,214.219,1203.162,594.011,317.499,1042.656,563.479,397.343,997.364,619.475,290.699,942.954,600.352,374.97,933.196,152.317,307.227,1057.664,386.843,291.877,1050.087,231.235,82.704,1109.546,291.049,76.827,1106.893,98.853,279.599,757.216,139.127,352.05,889.724,169.723,370.369,711.008,139.78,302.622,548.805,141.612,280.184,355.555,199.095,339.529,431.119,217.738,322.719,329.618,192.789,236.702,95.128,241.639,176.56,71.257,229.847,342.884,97.792,261.819,398.244,63.215,180.186,367.228,47.411,243.862,442.827,54.057,457.984,272.645,763.193,413.238,348.485,894.925,415.79,408.588,688.343,447.75,315.873,555.342,441.994,192.753,435.092,409.774,306.203,432.054,394.827,239.285,375.505,374.966,-2.547,263.153,312.106,-38.16,289.392,363.37,71.203,170.209,331.754,72.098,101.033,405.894,26.222,127.249,361.345,93.485,67.725,299.688,337.221,1414.164,300.066,332.339,1453.077,251.678,345.644,1416.28,221.654,54.483,1043.9,228.863,57.339,1081.867,270.674,51.575,1035.052,85.672,281.618,683.196,76.209,268.134,718.744,85.234,327.468,699.045,133.624,262.564,268.579,122.134,264.96,306.937,145.614,309.417,270.377,469.976,280.036,667.287,472.131,266.741,704.259,480.645,325.297,681.578,429.882,96.099,391.056,438.956,124.845,416.456,442.774,124.634,353.723,170.871,226.638,988.236,354.232,216.69,983.078,194.322,300.761,541.168,397.482,335.882,528.854,231.545,247.945,104.27,343.73,24.576,255.955,237.521,322.292,91.501,350.751,55.294,186.709,89.756,229.478,1473.52,410.517,197.631,1485.08,-23.749,208.435,1182.41,545.456,183.21,1190.01,-22.513,288.775,842.346,585.899,372.118,924.711,265.43,243.442,1083.03,235.743,259.722,84.524,22.87,3.082,-3.859,16.386,2.985,-13.087,9.756,-1.245,9.84,-33.387,6.147,0.64,26.214,-9.389,-11.376,62.688,-1.774,-18.608,-5.368,-1.942,16.678,-40.005,3.967,4.472,-6.975,6.27,-6.609,-6.975,-6.27,6.609,-0.422,26.263,44.984,28.38,0,-0,-8.963,18.308,84.012,9.817,-6.729,6.902,7.635,18.974,28.785,40.263,0,-0,1.393,14.095,83.679,9.817,6.729,-6.902,-91.809,3.84,-3.596,-33.447,12.851,-15.359,13.908,1.798,3.355,13.908,-1.798,-3.355,7.918,-4.752,8.941,7.918,4.752,-8.941,-17.498,2.29,1.667,-17.498,-2.29,-1.667,0.31,-0.738,8.635,0,0,0,-0.559,0.141,-6.988,1.727,0.563,-7.783,8.49,0.572,0.489,0.212,0.202,1.005,-0.08,0.027,0.178,-0.063,0.065,0.082,-35.251,-244.8,-25.168,0,0,0,-4.046,783.369,-53.933,377.836,446.806,58.007,378.744,28.736,37.059,-139.978,-27.169,27.839,117.913,-33.682,-7.945,-10.019,-2.459,-8.318,0,0,0.314,0,0,0.734,0,0,-0.12,0,0,0.354,0,0,0.1,0,0,0.018
31.33,263.296,236.842,988.246,271.972,415.042,944.47,79.933,246.941,993.012,270.326,280.312,1166.593,194.73,304.165,541.812,192.341,745.23,599.334,-249.844,303.632,527.44,180.548,246.596,982.65,231.62,248.294,104.49,131.685,678.317,36.727,-202.112,143.988,82.218,194.352,309.114,545.411,237.556,322.607,91.509,223.145,315.358,310.686,18.697,309.213,76.676,251.403,103.365,85.168,237.556,322.607,91.509,238.716,359.05,150.916,167.862,322.894,92.693,237.93,263.189,127.952,398.352,363.734,534.711,509.093,784.148,651.086,-32.978,487.199,499.134,333.194,260.957,968.008,346.289,62.246,250.701,583.427,290.678,-39.39,-18.611,259.902,108.053,402.696,380.553,547.462,354.109,96.543,183.243,398.377,263.218,322.832,145.293,168.79,163.199,293.596,-30.835,354.528,354.109,96.543,183.243,372.461,164.955,182.333,285.691,114.887,182.602,353.725,97.588,254.071,263.618,293.211,1504.75,289.845,457.998,1483.703,429.189,269.021,1521.677,277.176,269.851,1338.75,-21.818,230.357,1184.43,-246.594,57.389,1279.639,143.757,-13.366,1132.556,85.734,244.076,1463.269,-7.197,303.681,886.591,-245.636,152.128,837.576,151.498,70.084,836.873,-20.85,235.212,1164.709,-18.486,322.624,847.559,-66.026,378.109,888.237,-83.983,270.99,841.444,2.572,287.288,920.368,545.864,194.43,1191.96,658.759,-98.07,1261.643,815.558,325.844,1306.646,412.908,212.63,1483.762,573.589,341.397,958.357,717.926,140.521,849.111,800.646,452.036,1054.912,546.56,198.125,1186.088,588.804,374.159,920.39,671.696,391.94,968.951,545.563,448.311,967.05,560.439,313.079,991.172,255.894,423.558,1762.99,255.114,396.872,1771.429,283.863,422.495,1762.216,254.836,415.15,1736.303,183.366,357.577,1755.32,323.43,347.79,1754.86,169.318,222.637,1730.888,307.985,199.553,1722.921,166.76,259.762,1665.03,327.055,258.059,1663.662,254.921,398.619,1762.069,238.436,160.002,1577.748,236.724,134.307,1540.734,258.817,96.24,1270.206,264.71,300.07,1503.874,270.202,348.034,1313.047,345.776,79.192,1433.903,80.942,246.32,1532.247,-5.34,242.689,1427.624,-28.253,276.914,1184.622,-22.063,323.016,987.053,31.174,359.797,898.916,-72.051,279.997,884.054,-28.151,333.903,855.828,418.045,212.8,1543.797,512.273,181.995,1440.581,577.469,226.196,1204.376,595.746,323.849,1040.533,566.105,402.287,992.027,621.708,293.266,942.066,603.227,377.253,928.84,152.349,321.702,1059.8,387.047,307.319,1053.534,231.701,97.782,1111.795,291.661,91.916,1109.247,99.471,288.409,758.116,139.262,364.05,889.537,170.216,378.041,709.953,139.981,305.955,548.945,141.818,281.737,355.758,199.197,341.607,430.794,217.748,324.257,329.475,192.909,236.896,95.356,241.636,176.701,71.324,229.887,343.005,97.768,261.774,398.297,63.132,180.19,367.247,47.355,243.828,442.89,53.961,459.075,295.516,767.774,413.06,366.96,900.833,415.61,432.643,696.141,448.675,343.513,560.648,443.628,224.24,436.082,410.929,337.768,436.912,396.487,272.625,378.063,377.532,34.843,256.863,314.845,-2.987,280.174,366.815,113.285,167.916,336.137,117.625,98.531,410.425,71.159,123.349,366.047,141.2,67.036,300.733,352.371,1416.36,301.108,347.445,1455.255,252.678,360.9,1418.47,223.052,69.292,1046.111,229.988,72.307,1084.103,271.917,66.708,1037.42,86.212,288.484,684.133,76.693,275.846,720.011,85.913,334.685,698.962,133.95,263.475,268.768,122.32,266.177,307.177,145.645,310.463,270.368,471.629,305.699,672.13,473.813,291.501,708.75,481.612,350.701,687.617,431.89,129.097,388.592,440.771,156.922,415.043,444.844,158.997,352.379,171.586,241.494,990.326,355.006,232.191,986.167,194.73,304.165,541.812,398.352,363.734,534.711,231.62,248.294,104.49,346.289,62.246,250.701,237.556,322.607,91.509,354.109,96.543,183.243,90.69,244.707,1476.11,411.344,212.844,1487.2,-21.818,230.357,1184.43,545.864,194.43,1191.96,-18.486,322.624,847.559,588.804,374.159,920.39,266.002,259.22,1085.19,235.762,259.853,84.546,21.327,2.89,-3.63,15.276,2.943,-13.16,9.915,-1.26,9.975,-33.313,6.082,0.648,27.615,-9.029,-10.947,62.165,-1.28,-18.84,-4.22,-1.915,16.424,-39.878,4.132,4.613,-6.715,5.817,-6.754,-6.715,-5.817,6.754,0.896,26.179,43.652,28.848,-0,0,-8.224,19.428,84.998,9.697,-6.494,7.056,7.049,19.07,29.398,39.058,-0,0,0.989,13.939,83.526,9.697,6.494,-7.056,-91.657,3.767,-3.612,-36.637,11.969,-15.828,13.791,1.487,3.152,13.791,-1.487,-3.152,8.01,-4.624,9.001,8.01,4.624,-9.001,-17.489,2.166,1.598,-17.489,-2.166,-1.598,0.316,-0.641,8.113,0,0,0,-0.395,0.209,-6.507,1.613,0.554,-7.273,7.964,0.553,0.432,0.204,0.161,0.933,-0.082,0.015,0.186,-0.071,0.056,0.068,3.167,-231.155,-17.281,0,0,0,-38.741,758.854,-46.313,315.515,429.02,53.914,392.363,32.42,32.631,-125.478,-8.117,22.337,108.476,-26.241,-7.071,-9.703,-2.377,-7.322,0,0,0.136,0,0,0.675,0,0,-0.114,0,0,0.282,0,0,0.148,0,0,0.015
31.34,263.964,252.105,990.633,272.039,430.459,947.374,80.538,261.371,994.595,269.993,295.124,1169.126,195.154,307.291,542.487,193.017,749.675,588.799,-249.423,306.64,528.195,181.007,260.934,984.646,231.712,248.743,104.702,129.374,677.866,34.848,-201.483,141.996,83.581,194.725,311.653,545.353,237.615,323.023,91.515,223.543,316.354,310.732,18.735,309.556,77.055,251.487,103.767,85.735,237.615,323.023,91.515,238.788,359.572,150.857,167.922,323.256,92.749,238.064,263.67,128.061,399.117,390.843,540.404,504.579,809.583,667.249,-33.557,510.041,506.644,334.112,276.81,970.899,348.906,100.547,244.371,585.491,341.442,-35.924,-16.658,302.053,108.996,403.301,407.032,553.687,357.331,138.474,178.961,398.408,297.736,327.87,148.217,210.145,159.991,295.612,1.637,342.337,357.331,138.474,178.961,374.917,207.021,182.116,288.722,156.095,178.556,356.154,135.519,249.727,264.499,308.426,1506.72,290.853,473.145,1485.301,430.086,284.086,1523.273,277.611,284.744,1340.73,-19.83,252.166,1186.41,-242.594,73.734,1276.104,149.012,12.134,1128.239,86.826,259.472,1465.834,-3.134,335.392,891.449,-239.339,182.911,835.054,158.692,105.332,835.695,-18.732,257.638,1167.012,-14.285,356.417,853.293,-61.669,409.971,896.65,-79.995,305.461,844.418,6.451,317.319,924.247,546.326,205.501,1193.67,660.505,-85.408,1267.781,815.683,339.786,1305.793,413.786,227.795,1485.378,575.957,344.891,955.543,720.383,140.221,853.708,802.731,457.947,1049.94,547.085,209.07,1187.573,591.717,376.133,916.377,674.447,395.075,964.775,548.801,452.35,959.905,562.401,318.015,989.236,256.194,439.203,1764.87,255.45,412.514,1773.304,284.166,438.191,1764.134,255.188,430.797,1738.181,183.762,373.071,1757.12,323.754,363.473,1756.813,170.049,238.079,1732.594,308.784,215.287,1724.836,167.531,275.225,1666.745,327.744,273.809,1665.59,255.267,414.262,1763.95,239.415,175.407,1579.746,237.558,149.674,1542.796,258.92,111.093,1272.38,265.596,315.282,1505.832,270.665,363.077,1315.048,346.272,94.495,1435.966,82.013,261.507,1534.646,-4.506,258.956,1430.527,-27.388,298.524,1188.082,-18.906,351.028,992.315,35.432,390.735,906.506,-68.112,312.242,887.115,-23.917,367.304,862.107,418.988,228.145,1545.574,513.151,196.818,1442.375,577.477,237.992,1205.343,597.488,330.061,1038.474,568.754,407.02,986.908,623.789,295.841,941.333,606.112,379.429,924.798,152.352,336.057,1061.94,387.085,322.859,1056.708,232.32,112.861,1113.694,292.526,107.007,1111.284,100.108,297.15,758.876,139.623,376.068,889.193,170.868,385.556,708.849,140.203,309.033,549.089,142.089,283.033,356.007,199.214,343.573,430.507,217.742,325.784,329.355,193.058,237.084,95.605,241.684,176.879,71.393,229.958,343.149,97.753,261.741,398.348,63.032,180.195,367.283,47.308,243.804,442.977,53.831,460.164,317.95,772.18,412.728,385.168,906.419,415.362,456.067,703.731,449.466,370.472,565.601,445.22,255.485,436.341,411.85,368.896,441.5,397.971,305.844,380.2,380.208,72.946,249.354,317.881,32.991,269.7,370.067,156.019,164.856,340.147,163.928,95.56,414.683,116.943,118.679,370.246,189.693,65.946,301.711,367.504,1418.265,302.127,362.517,1457.141,253.602,376.152,1420.419,224.84,84.054,1047.918,231.467,87.222,1085.93,273.522,81.896,1039.376,86.828,295.291,684.974,77.256,283.492,721.16,86.716,341.821,698.783,134.331,264.208,269.022,122.601,267.185,307.457,145.659,311.343,270.376,473.253,330.776,676.878,475.538,315.735,713.143,482.49,375.528,693.517,433.964,162.175,385.096,442.642,188.95,412.664,446.903,193.554,350.151,172.226,256.34,992.309,355.703,247.869,988.956,195.154,307.291,542.487,399.117,390.843,540.404,231.712,248.743,104.702,348.906,100.547,244.371,237.615,323.023,91.515,357.331,138.474,178.961,91.661,259.803,1478.5,412.148,228.07,1488.98,-19.83,252.166,1186.41,546.326,205.501,1193.67,-14.285,356.417,853.293,591.717,376.133,916.377,266.545,274.928,1087.16,235.821,260.014,84.573,19.697,2.748,-3.283,14.094,2.915,-13.47,10.049,-1.292,10.28,-33.261,6.022,0.645,28.895,-8.747,-10.55,61.354,-0.741,-18.967,-3.212,-1.889,16.179,-39.768,4.304,4.774,-6.387,5.397,-6.946,-6.387,-5.397,6.946,2.245,26.086,42.307,29.363,0,0,-7.514,20.492,85.956,9.563,-6.253,7.194,6.451,19.21,29.973,37.951,0,0,0.539,13.888,83.297,9.563,6.253,-7.194,-91.51,3.678,-3.619,-39.948,11.113,-16.152,13.623,1.236,2.892,13.623,-1.236,-2.892,8.12,-4.472,9.043,8.12,4.472,-9.043,-17.482,2.06,1.523,-17.482,-2.06,-1.523,0.29,-0.497,7.672,0,0,0,-0.305,0.219,-6.116,1.453,0.513,-6.857,7.519,0.515,0.32,0.185,0.118,0.877,-0.087,0.005,0.207,-0.087,0.049,0.056,29.176,-214.746,-20.886,0,0,0,-21.896,697.849,-25.902,233.244,389.936,59.632,404.301,27.391,39.292,-111.985,8.54,18.701,99.949,-20.455,-5.676,-9.952,-2.391,-5.849,0,0,0.107,0,0,0.547,0,0,-0.116,0,0,0.224,0,0,0.184,0,0,0.014
31.35,264.578,267.424,992.76,271.836,445.962,950.118,81.09,275.675,996.076,269.716,309.885,1171.415,195.589,310.198,543.181,194.409,753.631,578.094,-248.994,310.127,529.06,181.517,275.265,986.391,231.829,249.274,104.914,126.122,677.258,33.116,-200.584,139.155,85.132,195.172,314.101,545.315,237.696,323.52,91.52,224.011,317.427,310.779,18.793,309.977,77.481,251.596,104.252,86.294,237.696,323.52,91.52,238.91,360.195,150.783,168.004,323.707,92.832,238.228,264.244,128.191,399.8,417.176,545.841,499.899,834.1,682.623,-34.177,531.964,513.547,334.997,292.465,973.395,351.6,139.506,237.081,587.152,393.801,-32.025,-14.967,344.544,109.973,403.68,432.528,559.562,360.465,181.086,173.991,398.455,332.112,332.021,150.986,252.068,156.513,298.009,34.873,328.738,360.465,181.086,173.991,377.225,249.522,181.308,291.663,197.944,173.918,358.653,173.996,244.449,265.387,323.62,1508.4,291.808,488.269,1486.533,431.003,299.184,1524.516,277.988,299.555,1342.425,-17.829,273.849,1188.3,-238.508,90.135,1272.306,154.267,37.724,1124,87.956,274.743,1468.149,1.088,367.055,896.652,-232.799,214.035,832.578,166.036,140.741,835.024,-16.595,279.93,1169.27,-9.906,390.059,859.476,-57.263,441.521,905.325,-75.743,339.822,847.86,10.489,347.384,928.44,546.845,216.444,1195.11,662.13,-72.846,1273.709,815.909,353.428,1304.641,414.667,242.974,1486.627,578.279,348.384,952.887,722.732,140.291,858.286,804.807,463.712,1045.102,547.661,219.872,1188.823,594.634,378.104,912.624,677.222,398.021,960.873,552.166,456.251,953.059,564.285,322.951,987.341,256.554,454.823,1766.42,255.853,428.132,1774.854,284.529,453.865,1765.713,255.592,446.415,1739.73,184.244,388.513,1758.611,324.156,379.127,1758.416,170.873,253.473,1734.014,309.662,230.986,1726.421,168.363,290.63,1668.173,328.475,289.516,1667.182,255.677,429.88,1765.502,240.486,190.776,1581.42,238.469,165.004,1544.518,258.99,125.813,1274.231,266.487,330.473,1507.489,271.064,378.12,1316.728,346.924,109.827,1437.724,83.127,276.598,1536.792,-3.68,275.124,1433.23,-26.529,319.93,1191.436,-15.69,378.913,997.778,39.749,421.538,914.444,-63.961,344.462,890.51,-19.533,400.521,868.797,419.957,243.535,1546.991,514.142,211.721,1443.847,577.554,249.615,1206.022,599.248,336.188,1036.437,571.45,411.622,981.983,625.755,298.486,940.699,609.004,381.57,921.019,152.341,350.303,1063.973,386.971,338.501,1059.569,233.108,127.94,1115.215,293.626,122.104,1112.967,100.753,305.846,759.48,140.231,388.097,888.647,171.696,392.945,707.689,140.446,311.932,549.233,142.421,284.154,356.291,199.157,345.484,430.248,217.736,327.316,329.252,193.241,237.274,95.875,241.777,177.073,71.486,230.053,343.317,97.745,261.72,398.397,62.915,180.201,367.336,47.271,243.786,443.09,53.667,461.251,339.88,776.335,412.248,403.085,911.617,415.076,478.835,711.012,450.138,396.72,570.149,446.753,286.488,435.891,412.561,399.537,445.784,399.275,338.919,381.917,383.012,111.797,240.768,321.156,69.851,258.083,373.178,199.387,161.169,343.863,210.979,92.239,418.73,163.548,113.403,374.039,238.889,64.594,302.609,382.634,1419.845,303.107,377.576,1458.705,254.437,391.405,1422.09,226.963,98.781,1049.296,233.266,102.094,1087.324,275.465,97.132,1040.9,87.512,302.098,685.703,77.892,291.13,722.168,87.656,348.928,698.501,134.746,264.837,269.338,122.972,268.055,307.766,145.673,312.115,270.387,474.853,355.216,681.448,477.301,339.39,717.358,483.302,399.723,699.191,436.109,195.373,380.61,444.565,220.964,409.344,448.959,228.321,347.096,172.812,271.153,994.112,356.343,263.694,991.409,195.589,310.198,543.181,399.8,417.176,545.841,231.829,249.274,104.914,351.6,139.506,237.081,237.696,323.52,91.52,360.465,181.086,173.991,92.673,274.783,1480.62,412.948,243.32,1490.42,-17.829,273.849,1188.3,546.845,216.444,1195.11,-9.906,390.059,859.476,594.634,378.104,912.624,267.067,290.565,1088.9,235.915,260.195,84.616,18.011,2.64,-2.803,12.861,2.906,-13.993,10.167,-1.337,10.708,-33.231,5.975,0.642,30.071,-8.541,-10.196,60.264,-0.18,-19.014,-2.331,-1.865,15.95,-39.667,4.465,4.946,-6.005,5,-7.182,-6.005,-5,7.182,3.62,25.994,40.97,29.935,-0,0,-6.843,21.458,86.852,9.417,-6.008,7.323,5.843,19.39,30.494,36.938,-0,0,0.055,13.898,83.01,9.417,6.008,-7.323,-91.365,3.577,-3.626,-43.376,10.279,-16.35,13.424,1.034,2.575,13.424,-1.034,-2.575,8.25,-4.297,9.064,8.25,4.297,-9.064,-17.486,1.97,1.435,-17.486,-1.97,-1.435,0.308,-0.421,7.248,0,0,0,-0.164,0.26,-5.758,1.355,0.516,-6.45,7.092,0.504,0.275,0.157,0.074,0.839,-0.093,-0.002,0.239,-0.108,0.043,0.047,60.196,-200.364,-22.464,0,0,0,-51.27,685.433,-11.053,177.263,377.763,65.05,413.674,28.293,44.031,-97.573,21.357,17.826,91.856,-17.407,-3.804,-10.638,-2.492,-3.924,0,0,-0.021,0,0,0.453,0,0,-0.119,0,0,0.175,0,0,0.213,0,0,0.014
31.36,265.169,282.791,994.561,271.419,461.531,952.614,81.623,289.859,997.332,269.479,324.608,1173.389,196.029,312.964,543.882,196.511,757.153,567.309,-248.559,314.18,529.969,182.071,289.564,987.854,231.981,249.853,105.133,122.422,676.548,31.466,-199.502,135.899,86.797,195.67,316.52,545.287,237.797,324.065,91.528,224.524,318.56,310.828,18.873,310.409,77.935,251.764,104.789,86.869,237.797,324.065,91.528,239.078,360.883,150.701,168.107,324.216,92.942,238.415,264.878,128.341,400.417,442.7,550.939,495.128,857.698,697.094,-34.802,553.007,519.759,335.845,307.927,975.464,354.384,179.146,228.964,588.486,447.521,-27.433,-13.472,387.301,110.973,403.844,457.021,564.981,363.557,224.368,168.476,398.544,366.325,335.358,153.665,294.543,152.785,300.734,68.968,313.836,363.557,224.368,168.476,379.472,292.417,180.05,294.57,240.449,168.788,361.229,213.026,238.361,266.279,338.805,1509.75,292.701,503.383,1487.358,431.938,314.334,1525.366,278.302,314.296,1343.797,-15.856,295.399,1190.04,-234.412,106.651,1268.234,159.429,63.341,1119.818,89.098,289.913,1470.15,5.448,398.612,902.142,-226.075,245.526,830.129,173.448,176.194,834.837,-14.477,302.078,1171.415,-5.351,423.465,866.031,-52.834,472.713,914.126,-71.218,373.982,851.671,14.651,377.43,932.918,547.423,227.289,1196.26,663.573,-60.391,1279.364,816.27,366.727,1303.198,415.56,258.18,1487.491,580.589,351.942,950.342,724.964,140.745,862.759,806.933,469.336,1040.374,548.294,230.56,1189.805,597.546,380.133,909.086,680.026,400.884,957.168,555.634,460.072,946.483,566.148,327.936,985.474,256.969,470.433,1767.62,256.318,443.743,1776.059,284.946,469.534,1766.936,256.046,462.017,1740.931,184.819,403.917,1759.767,324.645,394.766,1759.649,171.782,268.834,1735.13,310.616,246.655,1727.66,169.252,305.988,1669.297,329.266,305.184,1668.419,256.145,445.488,1766.696,241.639,206.119,1582.754,239.461,180.307,1545.882,259.034,140.408,1275.728,267.379,345.655,1508.817,271.41,393.182,1318.065,347.732,125.194,1439.148,84.277,291.617,1538.646,-2.86,291.226,1435.675,-25.703,341.127,1194.628,-12.453,406.628,1003.373,44.091,452.154,922.665,-59.612,376.589,894.175,-15.004,433.477,875.808,420.965,258.981,1548.018,515.23,226.663,1444.949,577.716,261.082,1206.385,601.039,342.283,1034.387,574.215,416.165,977.225,627.648,301.26,940.112,611.898,383.744,917.452,152.329,364.464,1065.773,386.725,354.238,1062.072,234.075,143.017,1116.346,294.933,137.213,1114.274,101.399,314.523,759.918,141.08,400.129,887.864,172.692,400.241,706.465,140.707,314.736,549.374,142.809,285.196,356.598,199.065,347.385,430.009,217.755,328.851,329.162,193.461,237.474,96.166,241.908,177.27,71.626,230.166,343.506,97.743,261.71,398.448,62.78,180.205,367.404,47.246,243.769,443.227,53.472,462.338,361.273,780.166,411.635,420.701,916.372,414.767,500.937,717.885,450.708,422.228,574.244,448.228,317.258,434.751,413.091,429.646,449.735,400.407,371.816,383.218,385.953,151.425,231.254,324.603,107.68,245.445,376.209,243.371,156.995,347.379,258.759,88.694,422.629,210.941,107.689,377.544,288.723,63.129,303.418,397.779,1421.074,304.034,392.643,1459.923,255.177,406.665,1423.453,229.338,113.492,1050.241,235.33,116.933,1088.279,277.704,112.406,1041.991,88.245,308.946,686.31,78.581,298.806,723.023,88.734,356.043,698.112,135.174,265.443,269.704,123.415,268.87,308.096,145.708,312.849,270.393,476.43,378.996,685.757,479.096,362.44,721.317,484.065,423.261,704.556,438.32,228.727,375.194,446.533,252.996,405.121,451.013,263.306,343.285,173.378,285.93,995.638,356.96,279.652,993.483,196.029,312.964,543.882,400.417,442.7,550.939,231.981,249.853,105.133,354.384,179.146,228.964,237.797,324.065,91.528,363.557,224.368,168.476,93.713,289.672,1482.47,413.754,258.603,1491.48,-15.856,295.399,1190.04,547.423,227.289,1196.26,-5.351,423.465,866.031,597.546,380.133,909.086,267.576,306.14,1090.36,236.037,260.388,84.685,16.287,2.544,-2.188,11.603,2.914,-14.671,10.275,-1.389,11.189,-33.214,5.949,0.645,31.143,-8.399,-9.888,58.903,0.392,-18.997,-1.562,-1.841,15.726,-39.567,4.593,5.125,-5.575,4.61,-7.451,-5.575,-4.61,7.451,5.019,25.901,39.657,30.57,-0,0,-6.211,22.296,87.658,9.262,-5.752,7.439,5.227,19.608,30.94,36.016,0,0,-0.446,13.924,82.685,9.262,5.752,-7.439,-91.217,3.47,-3.644,-46.912,9.464,-16.449,13.201,0.864,2.205,13.201,-0.864,-2.205,8.401,-4.1,9.062,8.401,4.1,-9.062,-17.502,1.889,1.333,-17.502,-1.889,-1.333,0.301,-0.327,7.122,0,0,0,-0.066,0.258,-5.703,1.281,0.503,-6.344,6.965,0.488,0.202,0.12,0.034,0.82,-0.102,-0.007,0.28,-0.134,0.038,0.04,102.909,-208.845,-24.717,0,0,0,-34.924,677.119,3.696,98.807,376.433,74.518,449.96,41.807,49.293,-80.819,29.597,19.584,84.247,-17.216,-1.75,-11.742,-2.667,-1.831,0,0,0.011,0,0,0.3,0,0,-0.126,0,0,0.129,0,0,0.237,0,0,0.014
31.37,265.774,298.173,995.984,270.855,477.112,954.733,82.174,303.908,998.247,269.266,339.338,1174.981,196.469,315.671,544.578,199.188,760.309,556.517,-248.116,318.758,530.86,182.674,303.822,989.013,232.178,250.446,105.372,118.764,675.807,29.847,-198.334,132.662,88.493,196.187,318.956,545.27,237.916,324.623,91.542,225.049,319.741,310.881,18.978,310.77,78.391,252.034,105.344,87.49,237.916,324.623,91.542,239.28,361.597,150.616,168.229,324.748,93.074,238.622,265.534,128.51,400.98,467.376,555.612,490.283,880.4,710.504,-35.419,573.138,525.2,336.672,323.221,977.084,357.258,219.483,220.159,589.53,502.353,-21.92,-12.132,430.261,112.028,403.832,480.491,569.836,366.653,268.306,162.575,398.693,400.333,337.982,156.327,337.588,148.845,303.709,104.007,297.739,366.653,268.306,162.575,381.749,335.666,178.472,297.498,283.635,163.291,363.894,252.634,231.602,267.175,353.992,1510.75,293.524,518.502,1487.775,432.89,329.553,1525.809,278.567,328.995,1344.826,-13.948,316.817,1191.61,-230.408,123.379,1263.955,164.361,88.894,1115.691,90.253,305.006,1471.805,9.923,430.003,907.865,-219.244,277.416,827.718,180.824,211.55,835.101,-12.416,324.082,1173.394,-0.626,456.56,872.88,-48.407,503.517,922.932,-66.42,407.867,855.754,18.902,407.395,937.646,548.063,238.072,1197.06,664.78,-48.048,1284.637,816.804,379.645,1301.427,416.486,273.423,1487.912,582.914,355.623,947.866,727.052,141.583,867.058,809.17,474.814,1035.734,548.982,241.171,1190.494,600.447,382.276,905.719,682.866,403.753,953.586,559.187,463.869,940.152,568.041,333.014,983.62,257.439,486.041,1768.43,256.845,459.353,1776.881,285.419,485.206,1767.762,256.55,477.611,1741.744,185.492,419.297,1760.568,325.232,410.401,1760.498,172.773,284.175,1735.928,311.65,262.3,1728.539,170.195,321.312,1670.105,330.123,320.821,1669.283,256.673,461.094,1767.516,242.86,221.449,1583.735,240.532,195.59,1546.878,259.072,154.908,1276.849,268.272,360.839,1509.794,271.712,408.276,1319.048,348.676,140.598,1440.213,85.455,306.586,1540.175,-2.037,307.286,1437.808,-24.932,362.121,1197.604,-9.225,434.137,1009.036,48.43,482.532,931.107,-55.086,408.559,898.052,-10.339,466.106,883.055,422.027,274.493,1548.632,516.399,241.601,1445.647,577.975,272.423,1206.419,602.876,348.396,1032.292,577.064,420.719,972.606,629.506,304.21,939.524,614.788,386.013,914.048,152.322,378.573,1067.215,386.375,370.053,1064.17,235.226,158.094,1117.089,296.414,152.349,1115.199,102.043,323.199,760.193,142.136,412.154,886.815,173.825,407.48,705.161,140.981,317.525,549.513,143.245,286.254,356.92,198.982,349.308,429.784,217.819,330.382,329.084,193.724,237.694,96.481,242.076,177.462,71.831,230.289,343.717,97.744,261.71,398.51,62.628,180.206,367.483,47.233,243.747,443.39,53.25,463.434,382.127,783.614,410.917,438.025,920.63,414.44,522.376,724.249,451.195,446.96,577.835,449.662,347.801,432.935,413.479,459.171,453.319,401.397,404.494,384.11,389.027,191.859,220.971,328.151,146.57,231.922,379.223,287.962,152.481,350.789,307.246,85.061,426.435,259.083,101.718,380.891,339.134,61.705,304.139,412.955,1421.934,304.902,407.74,1460.778,255.829,421.936,1424.482,231.872,128.218,1050.765,237.595,131.756,1088.81,280.181,127.706,1042.661,89.008,315.858,686.794,79.303,306.546,723.722,89.937,363.186,697.617,135.602,266.096,270.108,123.907,269.706,308.443,145.774,313.607,270.395,477.98,402.11,689.726,480.903,384.879,724.942,484.782,446.135,709.526,440.58,262.263,368.917,448.533,285.062,400.042,453.057,298.501,338.798,173.959,300.647,996.806,357.588,295.7,995.162,196.469,315.671,544.578,400.98,467.376,555.612,232.178,250.446,105.372,357.258,219.483,220.159,237.916,324.623,91.542,366.653,268.306,162.575,94.781,304.493,1483.98,414.584,273.935,1492.12,-13.948,316.817,1191.61,548.063,238.072,1197.06,-0.626,456.56,872.88,600.447,382.276,905.719,268.082,321.666,1091.52,236.182,260.589,84.788,14.56,2.434,-1.459,10.341,2.936,-15.424,10.375,-1.438,11.648,-33.202,5.95,0.665,32.128,-8.299,-9.623,57.273,0.973,-18.937,-0.885,-1.816,15.486,-39.481,4.668,5.306,-5.123,4.21,-7.744,-5.123,-4.21,7.744,6.43,25.819,38.394,31.273,-0,0,-5.626,22.988,88.34,9.106,-5.49,7.542,4.602,19.856,31.301,35.178,-0,0,-0.943,13.927,82.346,9.106,5.49,-7.542,-91.059,3.363,-3.683,-50.557,8.662,-16.481,12.978,0.706,1.789,12.978,-0.706,-1.789,8.568,-3.884,9.034,8.568,3.884,-9.034,-17.532,1.819,1.217,-17.532,-1.819,-1.217,0.214,-0.302,6.764,0,0,0,0.118,0.171,-5.419,1.241,0.402,-6.006,6.611,0.37,0.198,0.077,-0.002,0.822,-0.116,-0.013,0.327,-0.163,0.034,0.035,140.849,-204.051,-36.887,0,0,0,-95.445,571.411,29.909,61.119,316.571,82.505,465.53,39.373,56.864,-61.285,33.759,22.957,77.252,-19.065,0.137,-13.176,-2.898,0.095,0,0,-0.203,0,0,0.226,0,0,-0.123,0,0,0.086,0,0,0.257,0,0,0.015
31.38,266.409,313.549,996.979,270.202,492.666,956.367,82.765,317.839,998.746,269.081,354.112,1176.128,196.899,318.411,545.255,202.172,763.186,545.774,-247.67,323.697,531.698,183.337,318.053,989.855,232.428,251.03,105.64,115.519,675.101,28.213,-197.171,129.771,90.158,196.709,321.449,545.258,238.049,325.169,91.564,225.561,320.97,310.939,19.106,311.003,78.83,252.433,105.896,88.186,238.049,325.169,91.564,239.505,362.306,150.534,168.365,325.272,93.22,238.844,266.182,128.693,401.498,491.166,559.778,485.363,902.242,722.684,-36.026,592.306,529.801,337.509,338.384,978.249,360.217,260.532,210.812,590.32,558.038,-15.266,-10.903,473.391,113.195,403.699,502.915,574.031,369.783,312.885,156.447,398.923,434.091,339.983,159.029,381.235,144.77,306.862,140.077,280.559,369.783,312.885,156.447,384.123,379.231,176.707,300.484,327.524,157.56,366.638,292.839,224.316,268.079,369.195,1511.38,294.283,533.642,1487.797,433.861,344.854,1525.852,278.816,343.694,1345.489,-12.128,338.104,1192.96,-226.552,140.352,1259.47,169.01,114.329,1111.592,91.402,320.055,1473.072,14.492,461.171,913.771,-212.359,309.686,825.368,188.105,246.694,835.784,-10.431,345.949,1175.165,4.256,489.281,879.949,-44.002,533.91,931.646,-61.356,441.415,860.023,23.213,437.221,942.587,548.775,248.831,1197.53,665.766,-35.784,1289.533,817.525,392.219,1299.367,417.458,288.72,1487.913,585.275,359.474,945.423,729.016,142.816,871.149,811.537,480.194,1031.16,549.738,251.749,1190.885,603.329,384.588,902.484,685.742,406.703,950.07,562.802,467.694,934.05,569.996,338.222,981.76,257.979,501.652,1768.85,257.445,474.969,1777.318,285.961,500.883,1768.192,257.119,493.202,1742.169,186.261,434.669,1761.008,325.927,426.042,1760.96,173.845,299.511,1736.397,312.766,277.933,1729.05,171.193,336.616,1670.586,331.044,336.439,1669.765,257.272,476.703,1767.956,244.134,236.775,1584.354,241.678,210.859,1547.501,259.147,169.367,1277.575,269.17,376.039,1510.401,271.983,423.412,1319.668,349.727,156.042,1440.896,86.649,321.525,1541.354,-1.199,323.321,1439.586,-24.221,382.922,1200.319,-6.029,461.409,1014.71,52.737,512.62,939.709,-50.4,440.313,902.088,-5.554,498.354,890.458,423.154,290.076,1548.823,517.629,256.495,1445.916,578.345,283.676,1206.122,604.77,354.572,1030.126,580.004,425.341,968.1,631.358,307.377,938.893,617.669,388.436,910.764,152.329,392.676,1068.186,385.955,385.925,1065.813,236.552,173.176,1117.452,298.033,167.524,1115.748,102.691,331.884,760.31,143.34,424.164,885.482,175.044,414.702,703.757,141.259,320.37,549.65,143.717,287.4,357.253,198.945,351.281,429.568,217.94,331.91,329.014,194.034,237.941,96.819,242.284,177.653,72.11,230.416,343.945,97.747,261.719,398.593,62.463,180.206,367.568,47.23,243.716,443.575,53.002,464.544,402.462,786.626,410.133,455.078,924.336,414.092,543.167,730.008,451.621,470.877,580.866,451.075,378.116,430.459,413.765,488.054,456.505,402.289,436.904,384.604,392.22,233.127,210.087,331.735,186.603,217.678,382.265,333.15,147.781,354.178,356.417,81.498,430.195,307.934,95.686,384.196,390.069,60.496,304.782,428.177,1422.412,305.713,422.884,1461.256,256.411,437.222,1425.155,234.477,142.99,1050.893,239.992,146.586,1088.943,282.822,143.023,1042.936,89.777,322.843,687.157,80.037,314.362,724.266,91.235,370.365,697.014,136.027,266.84,270.538,124.422,270.619,308.808,145.876,314.431,270.397,479.485,424.559,693.274,482.685,406.704,728.156,485.444,468.346,714.009,442.861,295.993,361.862,450.548,317.171,394.168,455.082,333.884,333.725,174.576,315.301,997.552,358.242,311.798,996.406,196.899,318.411,545.255,401.498,491.166,559.778,232.428,251.03,105.64,360.217,260.532,210.812,238.049,325.169,91.564,369.783,312.885,156.447,95.864,319.278,1485.14,415.455,289.329,1492.35,-12.128,338.104,1192.96,548.775,248.831,1197.53,4.256,489.281,879.949,603.329,384.588,902.484,268.603,337.161,1092.33,236.35,260.799,84.928,12.86,2.297,-0.66,9.094,2.969,-16.173,10.466,-1.479,12.031,-33.18,5.98,0.706,33.032,-8.23,-9.39,55.373,1.566,-18.857,-0.279,-1.788,15.213,-39.423,4.678,5.476,-4.681,3.801,-8.054,-4.681,-3.801,8.054,7.837,25.751,37.195,32.042,-0,0,-5.093,23.526,88.882,8.957,-5.23,7.626,3.959,20.122,31.58,34.415,-0,-0,-1.416,13.891,82,8.957,5.23,-7.626,-90.883,3.264,-3.753,-54.314,7.872,-16.475,12.773,0.551,1.338,12.773,-0.551,-1.338,8.739,-3.66,8.982,8.739,3.66,-8.982,-17.574,1.76,1.093,-17.574,-1.76,-1.093,0.151,-0.219,6.739,0,0,0,0.233,0.098,-5.456,1.196,0.336,-6.001,6.587,0.307,0.131,0.032,-0.031,0.844,-0.134,-0.019,0.38,-0.194,0.031,0.03,169.006,-195.569,-38.69,0,0,0,-100.181,490.944,42.511,4.499,269.179,82.863,499.615,26.022,57.856,-38.507,34.995,26.726,70.721,-21.869,1.613,-14.83,-3.164,1.616,0,0,-0.214,0,0,0.096,0,0,-0.111,0,0,0.044,0,0,0.274,0,0,0.016
31.39,267.106,328.895,997.503,269.537,508.151,957.4,83.428,331.663,998.739,268.917,368.977,1176.771,197.318,321.265,545.9,205.161,765.872,535.12,-247.223,328.782,532.47,184.076,332.275,990.374,232.73,251.598,105.945,112.82,674.461,26.527,-196.058,127.345,91.769,197.216,324.033,545.252,238.196,325.695,91.594,226.043,322.264,311.001,19.26,311.09,79.238,252.97,106.438,88.984,238.196,325.695,91.594,239.739,362.996,150.458,168.514,325.775,93.369,239.078,266.811,128.885,401.973,514.024,563.353,480.352,923.271,733.437,-36.625,610.434,533.493,338.386,353.472,978.967,363.246,302.304,201.076,590.923,614.284,-7.25,-9.73,516.705,114.535,403.504,524.269,577.479,372.961,358.089,150.266,399.24,467.538,341.462,161.807,425.524,140.686,310.123,177.26,262.417,372.961,358.089,150.266,386.632,423.087,174.889,303.544,372.126,151.752,369.445,333.673,216.669,268.994,384.427,1511.63,294.982,548.824,1487.47,434.85,360.248,1525.51,279.089,358.457,1345.771,-10.4,359.273,1194.07,-222.864,157.583,1254.79,173.37,139.629,1107.514,92.53,335.102,1473.941,19.136,492.064,919.814,-205.441,342.277,823.104,195.271,281.546,836.854,-8.529,367.686,1176.697,9.271,521.584,887.171,-39.64,563.879,940.199,-56.046,474.587,864.409,27.561,466.852,947.694,549.568,259.603,1197.68,666.55,-23.569,1294.044,818.442,404.49,1297.038,418.498,304.085,1487.506,587.68,363.537,942.982,730.857,144.452,875.005,814.047,485.519,1026.632,550.571,262.339,1190.975,606.194,387.126,899.346,688.66,409.785,946.584,566.473,471.608,928.164,572.031,343.597,979.867,258.604,517.269,1768.89,258.134,490.591,1777.378,286.587,516.567,1768.232,257.764,508.797,1742.216,187.126,450.049,1761.084,326.739,441.699,1761.031,174.998,314.854,1736.533,313.965,293.563,1729.184,172.247,351.917,1670.734,332.027,352.053,1669.858,257.957,492.318,1768.015,245.45,252.11,1584.603,242.892,226.119,1547.753,259.317,183.864,1277.899,270.076,391.269,1510.624,272.236,438.596,1319.917,350.847,171.527,1441.176,87.855,336.455,1542.165,-0.333,339.344,1440.975,-23.566,403.551,1202.739,-2.879,488.418,1020.346,56.992,542.372,948.415,-45.57,471.796,906.238,-0.672,530.182,897.951,424.351,305.728,1548.587,518.901,271.316,1445.746,578.834,294.881,1205.499,606.725,360.854,1027.875,583.04,430.08,963.684,633.216,310.796,938.185,620.543,391.069,907.565,152.356,406.827,1068.604,385.506,401.833,1066.951,238.041,188.271,1117.451,299.757,182.755,1115.936,103.351,340.586,760.276,144.616,436.147,883.853,176.288,421.944,702.234,141.533,323.326,549.788,144.214,288.673,357.596,198.964,353.329,429.358,218.115,333.447,328.951,194.392,238.219,97.187,242.541,177.857,72.461,230.546,344.189,97.745,261.74,398.705,62.287,180.208,367.652,47.232,243.672,443.779,52.732,465.67,422.314,789.162,409.326,471.892,927.441,413.718,563.332,735.067,452.005,493.929,583.273,452.483,408.192,427.347,413.994,516.232,459.262,403.136,468.995,384.72,395.506,275.254,198.785,335.306,227.845,202.903,385.365,378.93,143.065,357.61,406.237,78.187,433.941,357.457,89.809,387.548,441.473,59.696,305.365,443.458,1422.499,306.478,438.092,1461.346,256.95,452.529,1425.455,237.078,157.842,1050.662,242.447,161.449,1088.717,285.543,158.351,1042.849,90.529,329.898,687.404,80.763,322.256,724.665,92.588,377.579,696.303,136.451,267.693,270.988,124.941,271.636,309.195,146.008,315.344,270.407,480.916,446.34,696.323,484.382,427.909,730.883,486.027,489.887,717.911,445.133,329.924,354.123,452.561,349.321,387.573,457.079,369.429,328.167,175.261,329.886,997.81,358.952,327.903,997.197,197.318,321.265,545.9,401.973,514.024,563.353,232.73,251.598,105.945,363.246,302.304,201.076,238.196,325.695,91.594,372.961,358.089,150.266,96.945,334.065,1485.95,416.394,304.798,1492.16,-10.4,359.273,1194.07,549.568,259.603,1197.68,9.271,521.584,887.171,606.194,387.126,899.346,269.162,352.653,1092.77,236.544,261.023,85.103,11.216,2.113,0.157,7.877,3.01,-16.863,10.547,-1.51,12.321,-33.137,6.033,0.771,33.864,-8.17,-9.178,53.193,2.175,-18.787,0.276,-1.755,14.902,-39.417,4.623,5.624,-4.286,3.376,-8.367,-4.286,-3.376,8.367,9.218,25.703,36.069,32.871,-0,-0,-4.612,23.919,89.275,8.825,-4.994,7.69,3.286,20.392,31.785,33.72,-0,0,-1.85,13.813,81.653,8.825,4.994,-7.69,-90.682,3.177,-3.855,-58.193,7.094,-16.453,12.61,0.386,0.863,12.61,-0.386,-0.863,8.9,-3.441,8.906,8.9,3.441,-8.906,-17.621,1.719,0.962,-17.621,-1.719,-0.962,0.192,-0.212,6.605,0,0,0,0.427,0.13,-5.365,1.209,0.372,-5.866,6.452,0.323,0.151,-0.013,-0.05,0.887,-0.16,-0.027,0.436,-0.226,0.027,0.024,201.219,-199.256,-35.985,0,0,0,-172.18,522.032,48.401,-15.916,290.959,85.449,517.12,38.631,56.693,-12.378,34.71,29.735,64.071,-24.568,2.517,-16.503,-3.443,2.578,0,0,-0.363,0,0,0.041,0,0,-0.094,0,0,0.003,0,0,0.286,0,0,0.017
31.4,267.866,344.212,997.537,268.909,523.558,957.778,84.168,345.433,998.227,268.803,383.966,1176.885,197.717,324.303,546.492,207.857,768.454,524.579,-246.789,333.794,533.179,184.891,346.505,990.559,233.081,252.156,106.292,110.57,673.868,24.753,-194.982,125.297,93.345,197.698,326.751,545.248,238.36,326.206,91.628,226.493,323.652,311.063,19.443,311.049,79.613,253.633,106.974,89.903,238.36,326.206,91.628,239.97,363.669,150.387,168.681,326.251,93.509,239.333,267.425,129.078,402.409,535.906,566.253,475.287,943.529,742.569,-37.21,627.494,536.222,339.329,368.543,979.249,366.331,344.815,191.112,591.433,670.802,2.354,-8.543,560.255,116.125,403.296,544.53,580.105,376.187,403.904,144.215,399.647,500.618,342.511,164.67,470.466,136.776,313.454,215.645,243.455,376.187,403.904,144.215,389.274,467.216,173.168,306.678,417.433,146.048,372.296,375.155,208.839,269.926,399.705,1511.48,295.633,564.072,1486.818,435.86,375.753,1524.81,279.442,373.335,1345.65,-8.759,380.33,1194.93,-219.358,175.08,1249.951,177.434,164.761,1103.446,93.648,350.174,1474.412,23.835,522.629,925.955,-198.527,375.124,820.972,202.291,316.016,838.272,-6.705,389.298,1177.975,14.388,553.436,894.492,-35.332,593.407,948.56,-50.522,507.359,868.866,31.93,496.231,952.913,550.446,270.425,1197.49,667.169,-11.357,1298.146,819.545,416.524,1294.434,419.607,319.527,1486.674,590.131,367.847,940.517,732.6,146.513,878.609,816.688,490.849,1022.135,551.485,272.975,1190.766,609.047,389.943,896.273,691.615,413.049,943.114,570.193,475.671,922.474,574.143,349.173,977.912,259.331,532.893,1768.55,258.928,506.221,1777.06,287.316,532.257,1767.881,258.5,524.397,1741.883,188.085,465.452,1760.802,327.677,457.381,1760.712,176.233,330.218,1736.331,315.246,309.203,1728.937,173.359,367.231,1670.545,333.07,367.678,1669.56,258.743,507.939,1767.703,246.799,267.467,1584.478,244.168,241.382,1547.632,259.65,198.478,1277.819,270.996,406.546,1510.453,272.486,453.835,1319.788,351.998,187.052,1441.032,89.073,351.39,1542.597,0.572,355.358,1441.95,-22.95,424.026,1204.841,0.22,515.144,1025.904,61.179,571.74,957.168,-40.616,502.959,910.47,4.281,561.562,905.484,425.621,321.442,1547.931,520.202,286.055,1445.138,579.445,306.081,1204.563,608.744,367.281,1025.526,586.166,434.978,959.335,635.086,314.503,937.374,623.414,393.963,904.423,152.415,421.079,1068.417,385.076,417.769,1067.542,239.666,203.395,1117.102,301.554,198.056,1115.782,104.024,349.311,760.094,145.883,448.091,881.92,177.49,429.238,700.572,141.793,326.439,549.93,144.725,290.089,357.947,199.025,355.484,429.147,218.329,335.023,328.891,194.796,238.527,97.591,242.858,178.085,72.88,230.682,344.447,97.738,261.773,398.853,62.103,180.222,367.728,47.233,243.616,443.998,52.44,466.8,441.715,791.183,408.546,488.503,929.897,413.316,582.892,739.333,452.367,516.061,584.994,453.9,438.006,423.634,414.205,543.642,461.566,403.99,500.721,384.489,398.859,318.266,187.267,338.834,270.338,187.814,388.527,425.289,138.524,361.114,456.657,75.341,437.69,407.617,84.32,390.994,493.282,59.52,305.916,458.807,1422.19,307.213,453.374,1461.042,257.478,467.864,1425.37,239.621,172.798,1050.113,244.896,176.377,1088.177,288.256,173.695,1042.44,91.247,337.016,687.54,81.463,330.223,724.926,93.94,384.828,695.482,136.883,268.651,271.455,125.454,272.766,309.609,146.163,316.348,270.432,482.225,467.432,698.795,485.92,448.473,733.05,486.496,510.74,721.135,447.375,364.058,345.808,454.561,381.513,380.346,459.055,405.104,322.24,176.015,344.43,997.569,359.717,343.994,997.505,197.717,324.303,546.492,402.409,535.906,566.253,233.081,252.156,106.292,366.331,344.815,191.112,238.36,326.206,91.628,376.187,403.904,144.215,98.03,348.884,1486.36,417.409,320.352,1491.54,-8.759,380.33,1194.93,550.446,270.425,1197.49,14.388,553.436,894.492,609.047,389.943,896.273,269.785,368.17,1092.82,236.77,261.266,85.309,9.648,1.886,0.937,6.702,3.056,-17.465,10.615,-1.532,12.53,-33.063,6.095,0.853,34.62,-8.113,-8.975,50.717,2.798,-18.758,0.799,-1.72,14.564,-39.482,4.514,5.738,-3.968,2.958,-8.673,-3.968,-2.958,8.673,10.555,25.687,35.025,33.752,-0,-0,-4.184,24.194,89.52,8.724,-4.799,7.731,2.573,20.652,31.931,33.086,0,0,-2.239,13.705,81.304,8.724,4.799,-7.731,-90.451,3.103,-3.985,-62.204,6.329,-16.424,12.499,0.215,0.381,12.499,-0.215,-0.381,9.035,-3.243,8.807,9.035,3.243,-8.807,-17.671,1.7,0.825,-17.671,-1.7,-0.825,0.162,-0.169,6.579,0,0,0,0.59,0.092,-5.367,1.211,0.34,-5.847,6.428,0.286,0.132,-0.056,-0.06,0.95,-0.194,-0.037,0.493,-0.258,0.023,0.017,247.749,-203.313,-35.76,0,0,0,-197.297,482.9,56.922,-66.164,274.9,87.645,560.731,42.382,56.038,17.364,33.81,31.072,56.126,-26.323,2.798,-17.877,-3.712,2.928,0,0,-0.387,0,0,-0.07,0,0,-0.082,0,0,-0.036,0,0,0.286,0,0,0.017
31.41,268.71,359.499,997.07,268.387,538.878,957.451,85.007,359.193,997.179,268.751,399.119,1176.45,198.093,327.583,547.017,210.034,771.015,514.172,-246.383,338.576,533.836,185.764,360.758,990.414,233.475,252.725,106.681,108.567,673.283,22.848,-193.9,123.451,94.935,198.152,329.655,545.239,238.541,326.719,91.665,226.918,325.165,311.122,19.652,310.926,79.96,254.394,107.523,90.952,238.541,326.719,91.665,240.183,364.342,150.32,168.864,326.703,93.626,239.613,268.04,129.272,402.81,556.77,568.403,470.247,963.051,749.905,-37.764,643.501,537.956,340.348,383.656,979.116,369.457,388.076,181.107,591.96,727.287,13.785,-7.277,604.104,118.085,403.111,563.677,581.856,379.447,450.304,138.495,400.141,533.278,343.22,167.605,516.04,133.266,316.835,255.318,223.85,379.447,450.304,138.495,392.018,511.592,171.716,309.865,463.404,140.657,375.174,417.288,201.022,270.886,415.042,1510.92,296.256,579.402,1485.868,436.899,391.374,1523.766,279.914,388.375,1345.11,-7.186,401.289,1195.51,-216.029,192.847,1244.942,181.222,189.715,1099.356,94.764,365.298,1474.468,28.572,552.818,932.158,-191.634,408.14,819.014,209.154,350.035,840,-4.943,410.792,1178.996,19.57,584.816,901.864,-31.086,622.489,956.708,-44.827,539.716,873.364,36.309,525.319,958.194,551.412,281.33,1197.01,667.672,0.896,1301.878,820.82,428.394,1291.609,420.796,335.051,1485.473,592.621,372.438,938.013,734.262,149.022,881.958,819.437,496.252,1017.657,552.484,283.7,1190.27,611.893,393.089,893.239,694.605,416.537,939.655,573.955,479.94,916.968,576.327,354.976,975.87,260.177,548.525,1767.86,259.839,521.858,1776.389,288.163,547.95,1767.171,259.346,540.009,1741.199,189.138,480.893,1760.173,328.749,473.095,1760.005,177.551,345.613,1735.791,316.608,324.863,1728.308,174.533,382.575,1670.014,334.175,383.331,1668.877,259.644,523.57,1767.028,248.173,282.857,1583.979,245.505,256.664,1547.138,260.196,213.272,1277.341,271.942,421.883,1509.884,272.754,469.137,1319.274,353.15,202.618,1440.449,90.31,366.346,1542.642,1.526,371.365,1442.497,-22.347,444.37,1206.611,3.273,541.57,1031.35,65.29,600.682,965.918,-35.561,533.759,914.76,9.272,592.474,913.013,426.958,337.209,1546.87,521.526,300.718,1444.105,580.176,317.315,1203.327,610.824,373.888,1023.075,589.371,440.073,955.034,636.966,318.531,936.444,626.285,397.169,901.315,152.52,435.482,1067.613,384.721,433.735,1067.558,241.395,218.563,1116.419,303.39,213.437,1115.3,104.703,358.071,759.764,147.066,459.989,879.69,178.588,436.61,698.757,142.034,329.748,550.076,145.243,291.649,358.305,199.094,357.784,428.926,218.558,336.681,328.829,195.241,238.863,98.041,243.243,178.349,73.36,230.828,344.717,97.721,261.815,399.037,61.916,180.26,367.788,47.222,243.552,444.225,52.125,467.915,460.685,792.656,407.845,504.941,931.667,412.896,601.859,742.718,452.725,537.214,585.974,455.332,467.531,419.377,414.43,570.229,463.405,404.89,532.038,383.963,402.25,362.175,175.756,342.31,314.099,172.66,391.736,472.191,134.376,364.682,507.602,73.203,441.435,458.372,79.469,394.526,545.411,60.208,306.468,474.229,1421.482,307.942,468.742,1460.338,258.03,483.237,1424.889,242.069,187.879,1049.289,247.283,191.4,1087.365,290.884,189.067,1041.748,91.914,344.194,687.569,82.121,338.26,725.061,95.232,392.117,694.545,137.327,269.707,271.937,125.962,274.007,310.049,146.33,317.441,270.477,483.347,487.788,700.615,487.217,468.355,734.587,486.816,530.864,723.586,449.584,398.398,337.047,456.548,413.75,372.593,461.03,440.885,316.077,176.861,358.955,996.812,360.56,360.044,997.329,198.093,327.583,547.017,402.81,556.77,568.403,233.475,252.725,106.681,369.457,388.076,181.107,238.541,326.719,91.665,379.447,450.304,138.495,99.118,363.761,1486.38,418.513,335.99,1490.51,-7.186,401.289,1195.51,551.412,281.33,1197.01,19.57,584.816,901.864,611.893,393.089,893.239,270.494,383.732,1092.46,237.036,261.533,85.541,8.173,1.615,1.637,5.579,3.106,-17.983,10.673,-1.55,12.694,-32.955,6.147,0.942,35.3,-8.046,-8.778,47.931,3.425,-18.794,1.3,-1.684,14.218,-39.63,4.372,5.814,-3.751,2.548,-8.962,-3.751,-2.548,8.962,11.833,25.705,34.066,34.674,0,0,-3.811,24.375,89.625,8.652,-4.656,7.749,1.815,20.888,32.033,32.507,0,0,-2.577,13.584,80.952,8.652,4.656,-7.749,-90.186,3.04,-4.137,-66.359,5.579,-16.392,12.455,0.034,-0.096,12.455,-0.034,0.096,9.137,-3.077,8.689,9.137,3.077,-8.689,-17.715,1.701,0.691,-17.715,-1.701,-0.691,0.165,-0.072,6.571,0,0,0,0.699,0.091,-5.366,1.165,0.34,-5.848,6.418,0.3,0.066,-0.093,-0.059,1.029,-0.237,-0.05,0.551,-0.287,0.018,0.007,291.655,-192.251,-50.634,0,0,0,-170.88,459.056,79.385,-141.011,258.832,106.566,611.052,34.534,74.321,51.21,32.787,29.967,45.37,-26.447,2.402,-18.68,-3.946,2.614,0,0,-0.286,0,0,-0.202,0,0,-0.082,0,0,-0.071,0,0,0.262,0,0,0.017
31.42,269.632,374.78,996.106,268.009,554.139,956.426,85.938,373.014,995.633,268.789,414.454,1175.472,198.441,331.152,547.462,211.559,773.628,503.919,-246.017,343.049,534.454,186.665,375.045,989.941,233.899,253.327,107.113,106.54,672.641,20.772,-192.752,121.578,96.614,198.575,332.807,545.216,238.738,327.255,91.702,227.334,326.825,311.176,19.884,310.773,80.298,255.22,108.104,92.129,238.738,327.255,91.702,240.362,365.042,150.253,169.063,327.14,93.709,239.923,268.682,129.471,403.175,576.579,569.737,465.391,981.859,755.297,-38.268,658.555,538.705,341.432,398.862,978.588,372.612,432.084,171.277,592.614,783.415,27.285,-5.867,648.304,120.571,402.964,581.695,582.693,382.711,497.244,133.328,400.711,565.488,343.671,170.569,562.15,130.424,320.284,296.357,203.846,382.711,497.244,133.328,394.798,556.168,170.742,313.067,509.951,135.814,378.068,460.036,193.427,271.886,430.451,1509.96,296.879,594.827,1484.633,437.976,407.115,1522.41,280.54,403.589,1344.162,-5.654,422.157,1195.83,-212.84,210.856,1239.788,184.793,214.497,1095.261,95.887,380.493,1474.147,33.328,582.586,938.391,-184.776,441.22,817.271,215.862,383.554,842,-3.221,432.168,1179.767,24.782,615.706,909.249,-26.905,651.107,964.641,-39.004,571.652,877.884,40.685,554.069,963.481,552.464,292.345,1196.22,668.088,13.219,1305.201,822.25,440.151,1288.556,422.066,350.647,1483.891,595.145,377.343,935.454,735.856,152.005,885.034,822.281,501.782,1013.192,553.566,294.539,1189.488,614.739,396.606,890.219,697.62,420.297,936.208,577.753,484.468,911.614,578.569,361.047,973.722,261.147,564.173,1766.82,260.875,537.51,1775.365,289.133,563.657,1766.1,260.304,555.64,1740.165,190.286,496.382,1759.207,329.953,488.847,1758.915,178.951,361.051,1734.919,318.046,340.555,1727.298,175.771,397.964,1669.143,335.347,399.024,1667.815,260.665,539.216,1766.002,249.567,298.291,1583.105,246.901,271.993,1546.27,260.983,228.281,1276.474,272.926,437.293,1508.915,273.055,484.512,1318.369,354.286,218.227,1439.417,91.578,381.339,1542.301,2.533,387.367,1442.614,-21.726,464.6,1208.047,6.291,567.679,1036.661,69.324,629.158,974.615,-30.428,564.155,919.092,14.275,622.903,920.51,428.356,353.015,1545.425,522.876,315.326,1442.669,581.021,328.615,1201.806,612.962,380.71,1020.521,592.637,445.403,950.769,638.856,322.915,935.384,629.16,400.728,898.221,152.685,450.073,1066.205,384.492,449.745,1066.989,243.186,233.792,1115.412,305.236,228.909,1114.501,105.369,366.883,759.285,148.11,471.847,877.177,179.53,444.084,696.783,142.256,333.294,550.221,145.764,293.357,358.669,199.139,360.277,428.685,218.781,338.467,328.755,195.72,239.226,98.543,243.7,178.652,73.904,230.988,345.001,97.698,261.863,399.256,61.731,180.333,367.824,47.19,243.486,444.456,51.786,468.983,479.212,793.544,407.276,521.236,932.725,412.475,620.234,745.133,453.091,557.337,586.167,456.783,496.734,414.661,414.694,595.949,464.778,405.857,562.903,383.216,405.657,406.973,164.498,345.754,359.102,157.708,394.954,519.564,130.857,368.261,558.958,72.038,445.151,509.663,75.521,398.081,597.742,62.015,307.06,489.727,1420.377,308.692,484.202,1459.234,258.637,498.662,1424.008,244.4,203.096,1048.23,249.566,206.55,1086.321,293.367,204.486,1040.81,92.522,351.436,687.494,82.722,346.367,725.074,96.407,399.457,693.492,137.786,270.86,272.434,126.468,275.364,310.513,146.499,318.625,270.539,484.213,507.338,701.714,488.204,487.496,735.436,486.959,550.204,725.182,451.779,432.948,327.996,458.537,446.042,364.449,463.034,476.749,309.835,177.791,373.505,995.557,361.473,376.055,996.655,198.441,331.152,547.462,403.175,576.579,569.737,233.899,253.327,107.113,372.612,432.084,171.277,238.738,327.255,91.702,382.711,497.244,133.328,100.218,378.716,1486.02,419.705,351.703,1489.1,-5.654,422.157,1195.83,552.464,292.345,1196.22,24.782,615.706,909.249,614.739,396.606,890.219,271.303,399.352,1091.69,237.344,261.827,85.801,6.795,1.316,2.224,4.519,3.159,-18.431,10.727,-1.567,12.854,-32.817,6.169,1.03,35.888,-7.969,-8.592,44.819,4.036,-18.911,1.781,-1.651,13.897,-39.853,4.225,5.859,-3.635,2.165,-9.224,-3.635,-2.165,9.224,13.048,25.759,33.182,35.622,-0,0,-3.478,24.498,89.61,8.611,-4.573,7.748,1.02,21.093,32.1,31.975,0,0,-2.871,13.459,80.601,8.611,4.573,-7.748,-89.888,2.983,-4.301,-70.657,4.85,-16.342,12.474,-0.147,-0.551,12.474,0.147,0.551,9.203,-2.949,8.558,9.203,2.949,-8.558,-17.752,1.726,0.557,-17.752,-1.726,-0.557,0.173,-0.08,6.542,0,0,0,0.904,0.1,-5.315,1.222,0.346,-5.807,6.388,0.287,0.108,-0.125,-0.047,1.122,-0.291,-0.064,0.608,-0.313,0.012,-0.007,345.106,-201.101,-61.451,0,0,0,-237.057,456.851,98.75,-167.901,266.889,121.826,652.508,47.543,85.2,89.546,31.305,25.974,29.825,-24.617,1.337,-18.648,-4.124,1.634,0,0,-0.396,0,0,-0.234,0,0,-0.092,0,0,-0.096,0,0,0.196,0,0,0.016
31.43,270.631,390.081,994.668,267.806,569.371,954.744,86.958,386.955,993.624,268.933,429.982,1173.977,198.76,335.052,547.818,212.425,776.362,493.853,-245.696,347.25,535.021,187.544,389.367,989.154,234.347,253.975,107.59,104.354,671.897,18.474,-191.504,119.564,98.436,198.964,336.277,545.167,238.948,327.826,91.744,227.755,328.64,311.227,20.134,310.619,80.649,256.091,108.732,93.431,238.948,327.826,91.744,240.492,365.79,150.182,169.273,327.568,93.753,240.258,269.368,129.686,403.507,595.312,570.201,460.937,999.962,758.656,-38.694,672.831,538.51,342.554,414.192,977.675,375.795,476.808,161.873,593.46,838.855,43.077,-4.281,692.818,123.796,402.857,598.587,582.594,385.946,544.641,128.955,401.347,597.227,343.95,173.501,608.613,128.526,323.854,338.807,183.748,385.946,544.641,128.955,397.537,600.857,170.468,316.24,556.93,131.778,380.985,503.329,186.284,272.937,445.945,1508.61,297.533,610.354,1483.108,439.1,422.971,1520.756,281.327,418.973,1342.816,-4.131,442.938,1195.89,-209.755,229.079,1234.491,188.197,239.11,1091.148,97.041,395.764,1473.461,38.086,611.892,944.623,-177.96,474.249,815.772,222.423,416.533,844.232,-1.511,453.421,1180.298,29.997,646.09,916.616,-22.783,679.258,972.36,-33.098,603.161,882.421,45.05,582.45,968.736,553.597,303.497,1195.14,668.447,25.639,1308.107,823.821,451.847,1285.298,423.422,366.301,1481.963,597.692,382.593,932.831,737.387,155.482,887.831,825.196,507.49,1008.736,554.725,305.519,1188.433,617.586,400.532,887.192,700.649,424.375,932.772,581.573,489.302,906.386,580.857,367.412,971.451,262.246,579.845,1765.45,262.035,553.185,1774.005,290.232,579.38,1764.693,261.383,571.299,1738.8,191.531,511.929,1757.92,331.284,504.64,1757.455,180.433,376.543,1733.718,319.552,356.289,1725.913,177.078,413.412,1667.934,336.595,414.769,1666.387,261.81,554.887,1764.637,250.981,313.78,1581.862,248.354,287.395,1545.029,262.005,243.507,1275.235,273.961,452.788,1507.552,273.409,499.976,1317.07,355.403,233.886,1437.93,92.888,396.382,1541.576,3.596,403.362,1442.307,-21.054,484.729,1209.156,9.288,593.455,1041.817,73.289,657.132,983.211,-25.247,594.117,923.456,19.267,652.833,927.948,429.811,368.85,1543.621,524.258,329.909,1440.857,581.97,340.013,1200.016,615.153,387.779,1017.863,595.944,451.007,946.526,640.755,327.686,934.188,632.039,404.681,895.123,152.922,464.872,1064.232,384.435,465.825,1065.848,244.999,249.097,1114.09,307.065,244.479,1113.383,105.992,375.771,758.655,148.978,483.681,874.409,180.283,451.679,694.656,142.464,337.126,550.354,146.283,295.236,359.035,199.14,363.012,428.41,218.983,340.43,328.66,196.228,239.614,99.101,244.226,178.992,74.518,231.16,345.303,97.674,261.911,399.504,61.554,180.447,367.833,47.129,243.423,444.688,51.423,469.967,497.251,793.808,406.894,537.409,933.052,412.084,638.001,746.49,453.476,576.4,585.545,458.26,525.582,409.597,415.005,620.778,465.702,406.893,593.27,382.344,409.07,452.614,153.76,349.206,405.272,143.248,398.13,567.281,128.221,371.76,610.553,72.123,448.783,561.393,72.746,401.547,650.103,65.197,307.726,505.303,1418.882,309.495,499.759,1457.736,259.327,514.154,1422.727,246.6,218.453,1046.969,251.722,221.853,1085.075,295.668,219.972,1039.65,93.062,358.76,687.312,83.255,354.552,724.972,97.413,406.868,692.322,138.262,272.127,272.946,126.979,276.855,310.997,146.669,319.917,270.613,484.764,525.986,702.035,488.835,505.824,735.555,486.913,568.688,725.856,453.997,467.704,318.843,460.563,478.396,356.076,465.101,512.67,303.693,178.805,388.126,993.834,362.458,392.036,995.502,198.76,335.052,547.818,403.507,595.312,570.201,234.347,253.975,107.59,375.795,476.808,161.873,238.948,327.826,91.744,385.946,544.641,128.955,101.346,393.757,1485.27,420.988,367.476,1487.32,-4.131,442.938,1195.89,553.597,303.497,1195.14,29.997,646.09,916.616,617.586,400.532,887.192,272.221,415.032,1090.54,237.693,262.147,86.096,5.514,1.003,2.689,3.533,3.212,-18.827,10.788,-1.587,13.031,-32.661,6.145,1.115,36.374,-7.881,-8.433,41.374,4.606,-19.102,2.237,-1.624,13.633,-40.132,4.093,5.892,-3.613,1.816,-9.456,-3.613,-1.816,9.456,14.203,25.847,32.362,36.584,0,0,-3.176,24.582,89.504,8.59,-4.541,7.728,0.202,21.264,32.141,31.482,0,-0,-3.123,13.343,80.255,8.59,4.541,-7.728,-89.559,2.928,-4.474,-75.093,4.146,-16.252,12.552,-0.326,-0.975,12.552,0.326,0.975,9.24,-2.859,8.42,9.24,2.859,-8.42,-17.779,1.766,0.432,-17.779,-1.766,-0.432,0.17,-0.076,6.659,0,0,0,1.104,0.107,-5.388,1.298,0.348,-5.91,6.505,0.27,0.142,-0.149,-0.026,1.224,-0.354,-0.079,0.663,-0.334,0.005,-0.025,386.864,-190.406,-58.747,0,0,0,-312.822,429.152,101.751,-183.527,253.994,119.038,698.839,35.007,82.335,133.28,27.844,18.885,7.227,-20.783,-0.353,-17.488,-4.224,0.022,0,0,-0.511,0,0,-0.246,0,0,-0.114,0,0,-0.108,0,0,0.065,0,0,0.013
31.44,271.703,405.428,992.783,267.793,584.609,952.464,88.059,401.061,991.187,269.188,445.7,1172,199.05,339.328,548.083,212.69,779.286,484.019,-245.419,351.279,535.519,188.345,403.729,988.073,234.812,254.675,108.114,101.975,671.027,15.897,-190.151,117.393,100.449,199.324,340.134,545.076,239.168,328.439,91.797,228.198,330.604,311.282,20.397,310.485,81.04,256.993,109.414,94.848,239.168,328.439,91.797,240.569,366.606,150.106,169.493,327.989,93.765,240.622,270.115,129.939,403.805,612.97,569.761,457.138,1017.366,759.957,-39.022,686.563,537.46,343.681,429.659,976.378,379.011,522.157,153.182,594.522,893.219,61.334,-2.51,737.505,127.982,402.776,614.387,581.548,389.111,592.347,125.627,402.037,628.495,344.149,176.324,655.134,127.827,327.629,382.641,163.953,389.111,592.347,125.627,400.152,645.504,171.128,319.331,604.116,128.81,383.94,547.029,179.825,274.058,461.535,1506.88,298.262,625.986,1481.276,440.287,438.927,1518.808,282.279,434.512,1341.086,-2.584,463.633,1195.69,-206.728,247.486,1229.049,191.492,263.561,1087.003,98.247,411.11,1472.423,42.827,640.704,950.823,-171.199,507.126,814.537,228.84,448.946,846.653,0.214,474.543,1180.602,35.191,675.941,923.934,-18.7,706.94,979.863,-27.158,634.229,886.977,49.388,610.425,973.927,554.8,314.804,1193.78,668.76,38.167,1310.581,825.511,463.513,1281.863,424.854,381.998,1479.711,600.253,388.22,930.139,738.859,159.477,890.337,828.167,513.42,1004.296,555.95,316.661,1187.113,620.434,404.897,884.142,703.684,428.818,929.339,585.403,494.483,901.253,583.181,374.112,969.054,263.474,595.553,1763.75,263.323,568.895,1772.313,291.459,595.137,1762.948,262.583,586.999,1737.103,192.876,527.537,1756.325,332.731,520.479,1755.646,181.995,392.098,1732.2,321.118,372.073,1724.167,178.458,428.93,1666.397,337.929,430.574,1664.609,263.08,570.594,1762.951,252.421,329.336,1580.259,249.86,302.9,1543.421,263.236,258.929,1273.644,275.065,468.38,1505.807,273.829,515.545,1315.38,356.511,249.602,1435.999,94.252,411.489,1540.478,4.717,419.355,1441.59,-20.299,504.764,1209.952,12.284,618.877,1046.802,77.199,684.568,991.662,-20.051,623.625,927.843,24.235,682.243,935.304,431.316,384.704,1541.487,525.682,344.5,1438.702,583.01,351.532,1197.97,617.389,395.127,1015.105,599.272,456.923,942.299,642.662,332.876,932.855,634.919,409.059,892.006,153.233,479.878,1061.75,384.583,482.001,1064.168,246.797,264.486,1112.458,308.851,260.157,1111.937,106.542,384.768,757.876,149.651,495.525,871.422,180.831,459.42,692.393,142.667,341.306,550.46,146.8,297.329,359.401,199.098,366.04,428.088,219.159,342.614,328.532,196.76,240.027,99.717,244.809,179.362,75.217,231.343,345.631,97.659,261.947,399.771,61.39,180.603,367.815,47.041,243.365,444.917,51.035,470.831,514.725,793.406,406.754,553.48,932.639,411.759,655.125,746.713,453.881,594.406,584.104,459.768,554.045,404.328,415.362,644.715,466.212,407.983,623.086,381.462,412.489,498.99,143.827,352.73,452.46,129.576,401.202,615.151,126.712,375.059,662.146,73.722,452.258,613.41,71.404,404.769,702.254,69.989,308.494,520.957,1417.009,310.376,515.415,1455.853,260.118,529.73,1421.055,248.667,233.944,1045.528,253.74,237.324,1083.645,297.774,235.541,1038.283,93.532,366.196,687.022,83.712,362.836,724.753,98.213,414.384,691.039,138.752,273.539,273.471,127.499,278.518,311.497,146.841,321.347,270.691,484.977,543.638,701.539,489.109,523.267,734.923,486.694,586.241,725.566,456.29,502.643,309.806,462.669,510.808,347.672,467.254,548.602,297.851,179.894,402.852,991.673,363.511,408.004,993.892,199.05,339.328,548.083,403.805,612.97,569.761,234.812,254.675,108.114,379.011,522.157,153.182,239.168,328.439,91.797,389.111,592.347,125.627,102.517,408.886,1484.14,422.352,383.292,1485.22,-2.584,463.633,1195.69,554.8,314.804,1193.78,35.191,675.941,923.934,620.434,404.897,884.142,273.248,430.771,1089.02,238.076,262.497,86.438,4.323,0.689,3.033,2.636,3.262,-19.183,10.868,-1.609,13.233,-32.501,6.068,1.192,36.743,-7.78,-8.327,37.605,5.105,-19.344,2.654,-1.606,13.464,-40.434,3.992,5.938,-3.663,1.5,-9.659,-3.663,-1.5,9.659,15.306,25.966,31.589,37.546,0,0,-2.894,24.637,89.341,8.582,-4.558,7.706,-0.62,21.401,32.162,31.024,0,-0,-3.347,13.234,79.92,8.582,4.558,-7.706,-89.202,2.871,-4.652,-79.643,3.476,-16.088,12.679,-0.498,-1.362,12.679,0.498,1.362,9.257,-2.802,8.284,9.257,2.802,-8.284,-17.797,1.823,0.309,-17.797,-1.823,-0.309,0.181,-0.034,6.634,0,0,0,1.238,0.133,-5.304,1.317,0.357,-5.875,6.478,0.272,0.142,-0.167,0.003,1.33,-0.424,-0.093,0.716,-0.349,-0.004,-0.049,433.155,-204.051,-62.353,0,0,0,-335.713,437.022,114.15,-226.192,270.625,130.129,736.15,53.145,87.766,182.923,20.99,8.756,-24.193,-15.131,-2.575,-15.035,-4.233,-2.142,0,0,-0.498,0,0,-0.28,0,0,-0.157,0,0,-0.103,0,0,-0.155,0,0,0.01
31.45,272.838,420.854,990.481,267.963,599.9,949.67,89.229,415.37,988.357,269.55,461.587,1169.581,199.321,344.032,548.256,212.451,782.479,474.465,-245.173,355.266,535.913,189.018,418.136,986.726,235.29,255.428,108.691,99.515,670.042,12.987,-188.732,115.184,102.679,199.659,344.455,544.929,239.39,329.093,91.871,228.672,332.709,311.35,20.665,310.369,81.498,257.919,110.152,96.383,239.39,329.093,91.871,240.597,367.498,150.028,169.715,328.414,93.765,241,270.927,130.249,404.066,629.575,568.401,454.216,1034.072,759.246,-39.247,699.982,535.664,344.788,445.24,974.679,382.275,567.966,145.512,595.794,946.069,82.142,-0.558,782.112,133.319,402.693,629.183,579.567,392.166,640.141,123.584,402.769,659.301,344.369,178.952,701.303,128.515,331.729,427.732,144.919,392.166,640.141,123.584,402.564,689.886,172.932,322.29,651.211,127.149,386.958,590.94,174.279,275.257,477.233,1504.77,299.097,641.727,1479.099,441.543,454.973,1516.555,283.386,450.181,1338.976,-0.982,484.237,1195.26,-203.706,266.031,1223.48,194.744,287.861,1082.855,99.524,426.533,1471.078,47.534,668.993,956.96,-164.498,539.734,813.577,235.128,480.776,849.226,1.983,495.527,1180.698,40.349,705.229,931.178,-14.632,734.156,987.155,-21.233,664.836,891.565,53.685,637.963,979.038,556.07,326.283,1192.17,669.059,50.827,1312.648,827.298,475.202,1278.285,426.354,397.728,1477.173,602.822,394.254,927.374,740.291,164.019,892.546,831.171,519.63,999.875,557.24,327.984,1185.54,623.28,409.726,881.06,706.713,433.662,925.91,589.233,500.044,896.193,585.527,381.174,966.529,264.831,611.305,1761.76,264.736,584.647,1770.324,292.816,610.932,1760.91,263.907,602.749,1735.115,194.328,543.207,1754.441,334.28,536.366,1753.514,183.638,407.727,1730.374,322.739,387.915,1722.078,179.917,444.529,1664.546,339.357,446.442,1662.502,264.474,586.345,1760.963,253.899,344.972,1578.311,251.411,318.527,1541.462,264.637,274.513,1271.723,276.249,484.079,1503.7,274.326,531.236,1313.307,357.627,265.388,1433.645,95.677,426.679,1539.023,5.903,435.353,1440.488,-19.434,524.706,1210.451,15.294,643.926,1051.604,81.07,711.437,999.926,-14.877,652.669,932.245,29.172,711.11,942.557,432.872,400.574,1539.05,527.151,359.13,1436.236,584.133,363.192,1195.685,619.663,402.783,1012.247,602.606,463.188,938.08,644.576,338.513,931.383,637.797,413.891,888.864,153.615,495.073,1058.824,384.953,498.296,1062.003,248.555,279.962,1110.52,310.58,275.947,1110.148,106.995,393.912,756.954,150.12,507.422,868.261,181.176,467.342,690.02,142.879,345.899,550.52,147.311,299.695,359.764,199.033,369.414,427.706,219.312,345.054,328.362,197.311,240.469,100.393,245.435,179.759,76.022,231.53,345.993,97.663,261.966,400.048,61.239,180.787,367.776,46.934,243.312,445.144,50.626,471.553,531.535,792.303,406.909,569.468,931.48,411.538,671.556,745.734,454.302,611.405,581.869,461.31,582.095,399.025,415.751,667.787,466.365,409.105,652.291,380.692,415.928,545.914,134.982,356.397,500.426,116.987,404.103,662.907,126.546,378.023,713.413,77.05,455.487,665.484,71.724,407.575,753.881,76.577,309.381,536.695,1414.777,311.359,531.172,1453.608,261.027,545.407,1419.005,250.607,249.557,1043.916,255.625,252.968,1082.038,299.695,251.198,1036.708,93.934,373.789,686.623,84.095,371.249,724.418,98.79,422.047,689.654,139.255,275.139,274.011,128.025,280.4,312.013,147.018,322.954,270.764,484.892,560.213,700.214,489.077,539.765,733.54,486.349,602.799,724.296,458.704,537.703,301.128,464.9,543.244,339.462,469.505,584.467,292.519,181.051,417.719,989.108,364.626,423.989,991.853,199.321,344.032,548.256,404.066,629.575,568.401,235.29,255.428,108.691,382.275,567.966,145.512,239.39,329.093,91.871,392.166,640.141,123.584,103.741,424.112,1482.65,423.795,399.137,1482.8,-0.982,484.237,1195.26,556.07,326.283,1192.17,40.349,705.229,931.178,623.28,409.726,881.06,274.379,446.558,1087.17,238.482,262.876,86.843,3.21,0.389,3.268,1.842,3.305,-19.494,10.98,-1.631,13.444,-32.352,5.945,1.268,36.986,-7.668,-8.302,33.542,5.506,-19.604,3.012,-1.602,13.428,-40.713,3.921,6.022,-3.757,1.219,-9.837,-3.757,-1.219,9.837,16.365,26.111,30.842,38.496,-0,0,-2.618,24.663,89.164,8.569,-4.611,7.685,-1.425,21.511,32.17,30.598,-0,0,-3.55,13.136,79.595,8.569,4.611,-7.685,-88.819,2.805,-4.836,-84.264,2.847,-15.807,12.837,-0.662,-1.711,12.837,0.662,1.711,9.267,-2.771,8.159,9.267,2.771,-8.159,-17.803,1.89,0.194,-17.803,-1.89,-0.194,0.166,0.057,6.991,0,0,0,1.368,0.146,-5.591,1.367,0.351,-6.224,6.835,0.269,0.102,-0.179,0.037,1.433,-0.499,-0.105,0.766,-0.358,-0.016,-0.079,488.515,-213.271,-84.438,0,0,0,-339.586,423.872,143.067,-287.703,266.07,158.491,811.721,53.374,112.268,238.635,9.308,-3.619,-65.774,-8.664,-5.05,-11.252,-4.144,-4.583,0,0,-0.473,0,0,-0.307,0,0,-0.229,0,0,-0.076,0,0,-0.477,0,0,0.007
31.46,274.021,436.388,987.816,268.286,615.288,946.48,90.451,429.898,985.195,270.008,477.612,1166.789,199.586,349.229,548.34,211.773,786.035,465.244,-244.94,359.32,536.189,189.538,432.605,985.147,235.768,256.231,109.332,97.087,668.956,9.708,-187.299,113.068,105.161,199.982,349.299,544.713,239.609,329.785,91.975,229.189,334.952,311.437,20.931,310.289,82.051,258.845,110.942,98.041,239.609,329.785,91.975,240.594,368.47,149.95,169.934,328.851,93.781,241.388,271.809,130.63,404.294,645.182,566.131,452.312,1050.093,756.647,-39.368,713.274,533.232,345.872,460.884,972.55,385.602,613.973,139.159,597.226,996.917,105.435,1.551,826.275,139.917,402.579,643.122,576.687,395.068,687.716,123.025,403.528,689.656,344.723,181.3,746.623,130.667,336.273,473.82,127.141,395.068,687.716,123.025,404.714,733.704,176.034,325.07,697.842,126.978,390.057,634.797,169.847,276.545,493.05,1502.33,300.069,657.58,1476.598,442.878,471.099,1514.036,284.638,465.964,1336.54,0.709,504.744,1194.61,-200.622,284.662,1217.777,198.036,312.03,1078.72,100.883,442.036,1469.455,52.188,696.736,962.999,-157.849,571.951,812.876,241.316,512.028,851.924,3.824,516.36,1180.598,45.461,733.917,938.317,-10.553,760.905,994.239,-15.369,694.948,896.194,57.926,665.024,984.05,557.397,337.95,1190.3,669.329,63.612,1314.264,829.18,486.916,1274.564,427.928,413.482,1474.36,605.392,400.721,924.533,741.668,169.113,894.44,834.208,526.137,995.476,558.585,339.504,1183.725,626.125,415.044,877.944,709.728,438.942,922.497,593.058,506.019,891.197,587.881,388.625,963.879,266.319,627.11,1759.5,266.276,600.45,1768.06,294.302,626.775,1758.599,265.358,618.557,1732.856,195.895,558.941,1752.288,335.925,552.305,1751.094,185.363,423.436,1728.259,324.421,403.821,1719.674,181.459,460.218,1662.405,340.884,462.377,1660.092,265.995,602.15,1758.699,255.432,360.7,1576.044,253,334.288,1539.181,266.165,290.229,1269.501,277.524,499.898,1501.262,274.908,547.059,1310.872,358.767,281.257,1430.901,97.169,441.968,1537.235,7.169,451.365,1439.027,-18.435,544.551,1210.674,18.336,668.58,1056.213,84.925,737.707,1007.959,-9.761,681.241,936.654,34.074,739.403,949.685,434.479,416.463,1536.337,528.663,373.825,1433.495,585.331,375.013,1193.181,621.966,410.775,1009.292,605.933,469.835,933.866,646.494,344.62,929.775,640.672,419.202,885.696,154.054,510.423,1055.527,385.538,514.725,1059.418,250.265,295.527,1108.276,312.24,291.854,1108.001,107.344,403.246,755.901,150.384,519.422,864.974,181.333,475.502,687.567,143.113,350.975,550.519,147.815,302.396,360.126,198.975,373.177,427.254,219.448,347.785,328.142,197.869,240.946,101.136,246.079,180.181,76.955,231.717,346.397,97.696,261.959,400.327,61.1,180.975,367.726,46.828,243.258,445.368,50.199,472.136,547.581,790.471,407.401,585.394,929.567,411.453,687.234,743.512,454.732,627.499,578.898,462.882,609.701,393.869,416.151,690.044,466.237,410.232,680.819,380.15,419.405,593.105,127.484,360.28,548.825,105.745,406.767,710.209,127.876,380.522,763.951,82.238,458.379,717.29,73.869,409.795,804.59,85.056,310.395,552.521,1412.214,312.452,547.033,1451.03,262.058,561.197,1416.602,252.436,265.274,1042.133,257.396,268.778,1080.251,301.451,266.939,1034.916,94.281,381.597,686.115,84.416,379.835,723.966,99.149,429.913,688.183,139.765,276.975,274.573,128.55,282.557,312.549,147.201,324.786,270.828,484.615,575.671,698.075,488.847,555.292,731.433,485.964,618.329,722.06,461.272,572.773,293.06,467.282,575.63,331.687,471.843,620.135,287.901,182.256,432.748,986.196,365.786,440.027,989.436,199.586,349.229,548.34,404.294,645.182,566.131,235.768,256.231,109.332,385.602,613.973,139.159,239.609,329.785,91.975,395.068,687.716,123.025,105.029,439.44,1480.83,425.312,415.008,1480.1,0.709,504.744,1194.61,557.397,337.95,1190.3,45.461,733.917,938.317,626.125,415.044,877.944,275.604,462.392,1085.04,238.898,263.289,87.326,2.162,0.111,3.406,1.167,3.335,-19.75,11.131,-1.654,13.651,-32.22,5.79,1.338,37.096,-7.545,-8.378,29.238,5.795,-19.845,3.29,-1.616,13.56,-40.923,3.86,6.167,-3.866,0.969,-10.001,-3.866,-0.969,10.001,17.384,26.274,30.102,39.42,0,0,-2.333,24.654,89.022,8.545,-4.69,7.67,-2.199,21.597,32.164,30.199,0,0,-3.74,13.055,79.288,8.545,4.69,-7.67,-88.412,2.728,-5.021,-88.898,2.266,-15.367,13.005,-0.818,-2.025,13.005,0.818,2.025,9.279,-2.758,8.05,9.279,2.758,-8.05,-17.798,1.966,0.088,-17.798,-1.966,-0.088,0.207,0.12,7.281,0,0,0,1.512,0.22,-5.795,1.441,0.4,-6.494,7.124,0.305,0.1,-0.186,0.074,1.53,-0.574,-0.114,0.813,-0.36,-0.03,-0.116,541.727,-229.496,-84.438,0,0,0,-376.144,478.559,153.801,-328.738,304.248,169.31,873.813,68.537,116.116,300.474,-8.959,-16.988,-118.096,-2.896,-7.338,-6.215,-3.962,-6.858,0,0,-0.474,0,0,-0.296,0,0,-0.305,0,0,-0.026,0,0,-0.905,0,0,0.005
31.47,275.241,452.043,984.825,268.728,630.797,942.977,91.714,444.632,981.733,270.544,493.741,1163.671,199.863,354.997,548.336,210.664,790.066,456.403,-244.702,363.505,536.366,189.914,447.171,983.374,236.23,257.086,110.052,94.813,667.793,6.034,-185.919,111.192,107.931,200.304,354.726,544.419,239.813,330.515,92.118,229.75,337.353,311.551,21.18,310.264,82.722,259.74,111.787,99.848,239.813,330.515,92.118,240.581,369.523,149.88,170.14,329.327,93.846,241.765,272.76,131.095,404.506,659.873,562.987,451.404,1065.456,752.35,-39.391,726.491,530.24,346.966,476.516,969.957,388.994,659.8,134.368,598.719,1045.25,130.926,3.762,869.526,147.774,402.414,656.414,572.976,397.768,734.666,124.069,404.295,719.541,345.325,183.292,790.546,134.216,341.35,520.484,111.092,397.768,734.666,124.069,406.553,776.577,180.498,327.624,743.567,128.378,393.227,678.256,166.674,277.926,508.997,1499.6,301.191,673.553,1473.803,444.295,487.305,1511.271,286.018,481.863,1333.818,2.514,525.141,1193.77,-197.427,303.332,1211.971,201.424,336.066,1074.638,102.341,457.626,1467.6,56.776,723.909,968.903,-151.253,603.663,812.415,247.42,542.688,854.72,5.759,537.03,1180.32,50.513,761.965,945.319,-6.44,787.174,1001.122,-9.614,724.523,900.868,62.098,691.568,988.945,558.782,349.821,1188.22,669.608,76.555,1315.502,831.133,498.718,1270.752,429.555,429.274,1471.319,607.957,407.647,921.62,743.018,174.79,896.025,837.252,533.005,991.104,559.987,351.238,1181.689,628.971,420.867,874.797,712.726,444.681,919.109,596.878,512.434,886.247,590.232,396.496,961.115,267.941,642.977,1757,267.944,616.315,1765.551,295.923,642.675,1756.047,266.941,634.431,1730.355,197.582,574.739,1749.894,337.662,568.299,1748.425,187.173,439.233,1725.875,326.179,419.799,1716.989,183.092,476.003,1660.004,342.511,478.381,1657.41,267.644,618.017,1756.192,257.04,376.531,1573.492,254.622,350.183,1536.615,267.783,306.054,1267.009,278.894,515.846,1498.531,275.579,563.022,1308.104,359.941,297.224,1427.816,98.734,457.374,1535.143,8.537,467.404,1437.241,-17.283,564.288,1210.637,21.42,692.817,1060.618,88.781,763.351,1015.72,-4.738,709.333,941.056,38.935,767.09,956.663,436.143,432.379,1533.372,530.209,388.605,1430.516,586.601,387.013,1190.478,624.288,419.125,1006.247,609.245,476.899,929.655,648.414,351.22,928.036,643.544,425.011,882.507,154.535,525.887,1051.939,386.317,531.291,1056.487,251.935,311.176,1105.731,313.835,307.878,1105.49,107.603,412.82,754.737,150.447,531.576,861.611,181.323,483.978,685.068,143.381,356.598,550.446,148.306,305.492,360.494,198.951,377.375,426.724,219.572,350.835,327.87,198.415,241.47,101.959,246.714,180.628,78.047,231.893,346.85,97.764,261.925,400.602,60.968,181.139,367.681,46.747,243.199,445.587,49.76,472.623,562.787,787.908,408.255,601.285,926.892,411.522,702.107,740.046,455.171,642.84,575.29,464.476,636.829,389.038,416.539,711.558,465.918,411.339,708.602,379.926,422.927,640.177,121.532,364.432,597.21,96.061,409.131,756.646,130.761,382.451,813.285,89.294,460.852,768.403,77.904,411.294,853.926,95.393,311.533,568.445,1409.356,313.655,563.001,1448.157,263.209,577.108,1413.879,254.177,281.074,1040.171,259.087,284.737,1078.274,303.08,282.752,1032.899,94.591,389.689,685.507,84.704,388.656,723.401,99.321,438.052,686.642,140.271,279.093,275.168,129.063,285.041,313.115,147.376,326.89,270.889,484.309,590.031,695.169,488.57,569.865,728.649,485.663,632.843,718.904,463.999,607.679,285.833,469.812,607.836,324.575,474.24,655.42,284.166,183.5,447.942,982.971,366.982,456.143,986.679,199.863,354.997,548.336,404.506,659.873,562.987,236.23,257.086,110.052,388.994,659.8,134.368,239.813,330.515,92.118,397.768,734.666,124.069,106.392,454.885,1478.71,426.896,430.909,1477.14,2.514,525.141,1193.77,558.782,349.821,1188.22,50.513,761.965,945.319,628.971,420.867,874.797,276.911,478.267,1082.68,239.304,263.739,87.905,1.167,-0.142,3.454,0.624,3.348,-19.93,11.324,-1.675,13.84,-32.102,5.623,1.409,37.079,-7.408,-8.557,24.774,5.971,-20.038,3.472,-1.649,13.882,-41.014,3.783,6.378,-3.969,0.745,-10.16,-3.969,-0.745,10.16,18.364,26.448,29.358,40.311,0,0,-2.029,24.607,88.954,8.506,-4.784,7.665,-2.933,21.668,32.153,29.829,-0,0,-3.935,12.993,78.992,8.506,4.784,-7.665,-87.976,2.635,-5.202,-93.467,1.743,-14.731,13.17,-0.965,-2.312,13.17,0.965,2.312,9.296,-2.758,7.961,9.296,2.758,-7.961,-17.782,2.047,-0.007,-17.782,-2.047,0.007,0.225,0.203,7.664,0,0,0,1.649,0.28,-6.086,1.528,0.429,-6.857,7.508,0.322,0.088,-0.186,0.11,1.615,-0.646,-0.118,0.855,-0.357,-0.046,-0.159,600.188,-232.815,-84.889,0,0,0,-406.368,505.076,160.979,-373.497,318.114,176.943,952.715,66.286,119.089,367.075,-34.912,-30.014,-180.176,0.629,-8.96,-0.173,-3.707,-8.466,0,0,-0.479,0,0,-0.269,0,0,-0.393,0,0,0.045,0,0,-1.415,0,0,0.007
31.48,276.481,467.838,981.566,269.236,646.46,939.274,92.998,459.56,978.04,271.147,509.94,1160.3,200.169,361.42,548.237,209.059,794.688,447.97,-244.437,367.83,536.513,190.194,461.876,981.437,236.649,258.006,110.867,92.734,666.573,1.961,-184.648,109.655,111.047,200.642,360.787,544.04,239.985,331.291,92.308,230.35,339.95,311.696,21.392,310.34,83.535,260.553,112.693,101.839,239.985,331.291,92.308,240.568,370.669,149.821,170.315,329.873,93.984,242.102,273.793,131.654,404.727,673.753,559.035,451.26,1080.214,746.595,-39.333,739.497,526.729,348.152,492.034,966.874,392.426,704.968,131.288,600.12,1090.602,158.075,5.986,911.328,156.745,402.2,669.33,568.555,400.219,780.509,126.72,405.047,748.889,346.27,184.887,832.547,138.95,346.982,567.16,97.163,400.219,780.509,126.72,408.055,818.076,186.262,329.919,787.908,131.304,396.431,720.911,164.82,279.398,525.083,1496.63,302.464,689.655,1470.755,445.794,503.596,1508.299,287.51,497.882,1330.86,4.455,545.415,1192.74,-194.06,321.984,1206.056,204.977,359.977,1070.632,103.901,473.317,1465.539,61.286,750.488,974.638,-144.69,634.754,812.147,253.477,572.755,857.603,7.806,557.51,1179.878,55.495,789.339,952.155,-2.28,812.938,1007.817,-4.009,753.517,905.58,66.195,717.555,993.696,560.22,361.916,1185.93,669.886,89.662,1316.345,833.16,510.62,1266.851,431.245,445.113,1468.066,610.511,415.057,918.642,744.328,181.057,897.297,840.301,540.252,986.77,561.438,363.203,1179.452,631.816,427.219,871.628,715.699,450.9,915.767,600.698,519.32,881.352,592.564,404.811,958.246,269.7,658.913,1754.3,269.747,632.246,1762.838,297.68,658.64,1753.291,268.655,650.38,1727.653,199.397,590.609,1747.29,339.492,584.352,1745.544,189.073,455.125,1723.251,328.04,435.853,1714.062,184.821,491.891,1657.379,344.241,494.457,1654.491,269.426,633.953,1753.478,258.738,392.477,1570.696,256.275,366.204,1533.813,269.464,321.979,1264.282,280.358,531.933,1495.549,276.341,579.125,1305.047,361.151,313.3,1424.448,100.376,472.918,1532.786,10.032,483.484,1435.166,-15.969,583.905,1210.36,24.553,716.615,1064.812,92.651,788.346,1023.169,0.167,736.924,945.433,43.75,794.137,963.47,437.865,448.337,1530.184,531.775,403.485,1427.338,587.941,399.212,1187.601,626.622,427.855,1003.122,612.539,484.409,925.452,650.328,358.329,926.174,646.412,431.34,879.308,155.04,541.428,1048.142,387.254,547.991,1053.286,253.587,326.91,1102.893,315.379,324.019,1102.625,107.806,422.688,753.486,150.324,543.93,858.217,181.169,492.866,682.547,143.69,362.826,550.297,148.78,309.03,360.875,198.975,382.047,426.114,219.684,354.236,327.549,198.919,242.056,102.88,247.308,181.105,79.329,232.045,347.362,97.875,261.863,400.873,60.837,181.252,367.655,46.713,243.13,445.799,49.313,473.098,577.132,784.645,409.472,617.171,923.449,411.74,716.142,735.388,455.625,657.62,571.18,466.077,663.436,384.683,416.894,732.414,465.504,412.402,735.572,380.073,426.48,686.649,117.237,368.87,645.037,88.061,411.146,801.757,135.14,383.749,860.9,98.068,462.849,818.308,83.762,411.994,901.39,107.395,312.785,584.478,1406.246,314.96,579.082,1445.036,264.471,593.145,1410.878,255.863,296.934,1038.021,260.737,300.82,1076.099,304.629,298.624,1030.65,94.892,398.144,684.808,84.996,397.784,722.729,99.36,446.539,685.05,140.754,281.532,275.818,129.549,287.899,313.725,147.527,329.31,270.958,484.166,603.386,691.573,488.42,583.559,725.251,485.598,646.421,714.913,466.859,642.182,279.629,472.456,639.678,318.316,476.652,690.079,281.42,184.765,463.304,979.496,368.198,472.372,983.636,200.169,361.42,548.237,404.727,673.753,559.035,236.649,258.006,110.867,392.426,704.968,131.288,239.985,331.291,92.308,400.219,780.509,126.72,107.835,470.466,1476.33,428.546,446.854,1473.97,4.455,545.415,1192.74,560.22,361.916,1185.93,55.495,789.339,952.155,631.816,427.219,871.628,278.284,494.183,1080.13,239.676,264.233,88.602,0.214,-0.371,3.413,0.225,3.344,-20.014,11.556,-1.693,14.011,-31.995,5.459,1.484,36.947,-7.259,-8.812,20.252,6.048,-20.177,3.551,-1.702,14.396,-40.949,3.657,6.649,-4.048,0.544,-10.325,-4.048,-0.544,10.325,19.3,26.621,28.601,41.164,-0,-0,-1.697,24.524,88.998,8.451,-4.894,7.673,-3.627,21.727,32.134,29.487,-0,0,-4.139,12.958,78.705,8.451,4.894,-7.673,-87.504,2.524,-5.37,-97.887,1.284,-13.884,13.313,-1.1,-2.583,13.313,1.1,2.583,9.318,-2.765,7.892,9.318,2.765,-7.892,-17.757,2.138,-0.097,-17.757,-2.138,0.097,0.276,0.252,8.076,0,0,0,1.824,0.374,-6.394,1.671,0.492,-7.235,7.919,0.352,0.125,-0.179,0.141,1.687,-0.709,-0.118,0.891,-0.348,-0.065,-0.209,671.773,-242.404,-87.142,0,0,0,-472.845,572.097,172.714,-401.63,356.262,189.078,1038.09,73.846,123.918,435.302,-67.653,-41.426,-249.409,0.475,-9.452,6.502,-3.413,-8.909,0,0,-0.527,0,0,-0.21,0,0,-0.489,0,0,0.135,0,0,-1.956,0,0,0.009
31.49,277.728,483.778,978.098,269.759,662.287,935.463,94.293,474.656,974.19,271.813,526.181,1156.742,200.514,368.578,548.034,206.869,800.009,439.959,-244.134,372.296,536.73,190.454,476.776,979.364,236.995,259.004,111.798,90.847,665.298,-2.502,-183.534,108.516,114.573,201.009,367.527,543.57,240.106,332.122,92.552,230.981,342.792,311.873,21.544,310.558,84.508,261.236,113.673,104.058,240.106,332.122,92.552,240.552,371.919,149.777,170.44,330.524,94.207,242.363,274.918,132.317,404.996,686.957,554.378,451.429,1094.465,739.678,-39.216,751.974,522.706,349.549,507.333,963.298,395.834,748.906,129.922,601.222,1132.613,186.075,8.089,951.098,166.529,401.97,682.156,563.598,402.364,824.699,130.832,405.748,777.555,347.607,186.065,872.159,144.53,353.082,613.156,85.596,402.364,824.699,130.832,409.206,857.738,193.118,331.913,830.375,135.56,399.578,762.296,164.24,280.961,541.313,1493.44,303.869,705.895,1467.488,447.378,519.99,1505.115,289.096,514.043,1327.682,6.536,565.542,1191.56,-190.501,340.575,1200.107,208.708,383.728,1066.752,105.58,489.12,1463.326,65.708,776.448,980.167,-138.178,665.14,812.044,259.481,602.188,860.545,9.971,577.782,1179.288,60.391,816.009,958.789,1.924,838.161,1014.323,1.413,781.885,910.309,70.21,742.948,998.27,561.707,374.252,1183.46,670.159,102.944,1316.83,835.257,522.642,1262.882,432.998,461.025,1464.639,613.046,422.973,915.61,745.591,187.92,898.26,843.35,547.904,982.477,562.937,375.42,1177.042,634.659,434.116,868.449,718.645,457.615,912.491,604.524,526.703,876.515,594.862,413.598,955.286,271.602,674.926,1751.44,271.688,648.254,1759.96,299.581,674.675,1750.374,270.51,666.409,1724.789,201.341,606.559,1744.514,341.422,600.467,1742.49,191.069,471.116,1720.423,330.031,451.988,1710.934,186.654,507.891,1654.569,346.079,510.611,1651.378,271.346,649.966,1750.596,260.535,408.542,1567.707,257.97,382.342,1530.824,271.194,338.012,1261.357,281.914,548.163,1492.364,277.195,595.362,1301.752,362.401,329.491,1420.859,102.1,488.613,1530.205,11.676,499.62,1432.844,-14.491,603.381,1209.861,27.735,739.953,1068.781,96.539,812.67,1030.267,4.936,763.986,949.762,48.505,820.512,970.078,439.647,464.359,1526.806,533.348,418.477,1423.998,589.347,411.629,1184.578,628.959,436.983,999.931,615.809,492.397,921.267,652.224,365.959,924.199,649.273,438.205,876.112,155.557,557.015,1044.224,388.304,564.813,1049.888,255.258,342.729,1099.78,316.898,340.27,1099.434,107.997,432.911,752.173,150.046,556.527,854.832,180.896,502.271,680.021,144.043,369.706,550.073,149.23,313.049,361.28,199.049,387.232,425.419,219.785,358.018,327.186,199.347,242.722,103.924,247.821,181.618,80.84,232.155,347.941,98.033,261.778,401.147,60.702,181.293,367.661,46.741,243.049,445.999,48.861,473.683,590.672,780.757,411.018,633.088,919.248,412.076,729.354,729.668,456.109,672.06,566.735,467.669,689.465,380.906,417.199,752.693,465.078,413.406,761.658,380.588,430.011,731.958,114.585,373.543,691.697,81.763,412.774,845.058,140.81,384.411,906.275,108.241,464.339,866.421,91.217,411.893,946.481,120.692,314.136,600.628,1402.934,316.355,595.282,1441.717,265.834,609.308,1407.65,257.534,312.839,1035.678,262.396,317.003,1073.719,306.156,314.549,1028.174,95.214,407.042,684.033,85.331,407.302,721.964,99.332,455.458,683.42,141.195,284.33,276.545,129.99,291.172,314.399,147.631,332.087,271.055,484.366,615.916,687.391,488.567,596.523,721.322,485.935,659.219,710.208,469.793,675.994,274.545,475.154,670.923,313.025,479.024,723.831,279.677,186.038,478.821,975.838,369.418,488.735,980.359,200.514,368.578,548.034,404.996,686.957,554.378,236.995,259.004,111.798,395.834,748.906,129.922,240.106,332.122,92.552,402.364,824.699,130.832,109.369,486.196,1473.72,430.268,462.866,1470.61,6.536,565.542,1191.56,561.707,374.252,1183.46,60.391,816.009,958.789,634.659,434.116,868.449,279.705,510.139,1077.43,239.988,264.78,89.436,-0.705,-0.58,3.283,-0.021,3.325,-19.985,11.822,-1.71,14.164,-31.892,5.306,1.572,36.722,-7.094,-9.088,15.79,6.046,-20.278,3.537,-1.773,15.073,-40.705,3.459,6.949,-4.097,0.366,-10.5,-4.097,-0.366,10.5,20.185,26.789,27.838,41.977,-0,-0,-1.332,24.415,89.166,8.387,-5.008,7.685,-4.285,21.78,32.104,29.173,0,0,-4.363,12.954,78.425,8.387,5.008,-7.685,-86.985,2.391,-5.517,-102.07,0.896,-12.834,13.423,-1.219,-2.847,13.423,1.219,2.847,9.342,-2.772,7.838,9.342,2.772,-7.838,-17.722,2.234,-0.175,-17.722,-2.234,0.175,0.33,0.323,8.483,0,0,0,1.979,0.472,-6.7,1.812,0.554,-7.61,8.328,0.382,0.154,-0.164,0.163,1.743,-0.76,-0.113,0.92,-0.336,-0.085,-0.262,724.508,-257.339,-83.762,0,0,0,-548.078,647.954,179.473,-411.133,402.454,196.221,1104.57,86.041,123.259,500.719,-104.112,-50.326,-321.711,-4.057,-8.444,13.357,-3.119,-7.773,0,0,-0.581,0,0,-0.133,0,0,-0.569,0,0,0.235,0,0,-2.452,0,0,0.011
31.5,278.97,499.869,974.487,270.252,678.292,931.638,95.587,489.895,970.265,272.543,542.443,1153.073,200.903,376.539,547.711,204.029,806.12,432.37,-243.778,376.933,537.125,190.781,491.922,977.173,237.237,260.105,112.867,89.118,663.974,-7.34,-182.616,107.822,118.57,201.41,374.99,543.003,240.151,333.026,92.857,231.622,345.944,312.082,21.61,310.96,85.655,261.738,114.748,106.56,240.151,333.026,92.857,240.509,373.299,149.749,170.487,331.313,94.509,242.504,276.159,133.098,405.359,699.649,549.166,451.321,1108.346,731.948,-39.072,763.49,518.175,351.289,522.318,959.27,399.112,791.004,130.099,601.785,1171.095,213.899,9.902,988.27,176.681,401.788,695.165,558.323,404.155,866.678,136.092,406.367,805.328,349.298,186.85,909.049,150.539,359.443,657.713,76.427,404.155,866.678,136.092,410.009,895.128,200.7,333.578,870.511,140.799,402.55,801.918,164.754,282.612,557.686,1490.1,305.387,722.276,1464.082,449.046,536.501,1501.775,290.761,530.358,1324.352,8.763,585.498,1190.24,-186.724,359.055,1194.154,212.646,407.288,1063.04,107.37,505.051,1461.001,70.033,801.761,985.452,-131.709,694.723,812.054,265.444,630.954,863.536,12.254,597.82,1178.567,65.186,841.948,965.19,6.157,862.785,1020.639,6.631,809.588,915.017,74.141,767.707,1002.623,563.226,386.853,1180.85,670.387,116.412,1316.995,837.418,534.789,1258.893,434.804,477.041,1461.084,615.551,431.416,912.539,746.776,195.379,898.927,846.396,555.965,978.244,564.466,387.91,1174.486,637.496,441.575,865.272,721.556,464.838,909.298,608.361,534.606,871.742,597.115,422.88,952.251,273.65,691.022,1748.45,273.771,664.343,1756.948,301.626,690.79,1747.325,272.508,682.526,1721.794,203.419,622.6,1741.609,343.458,616.648,1739.302,193.17,487.211,1717.434,332.17,468.209,1707.648,188.599,524.007,1651.617,348.032,526.851,1648.112,273.409,666.063,1747.589,262.435,424.731,1564.577,259.724,398.591,1527.701,272.969,354.17,1258.278,283.56,564.536,1489.025,278.143,611.724,1298.277,363.693,345.802,1417.121,103.912,504.474,1527.447,13.478,515.826,1430.325,-12.855,622.694,1209.158,30.961,762.807,1072.514,100.441,836.31,1036.979,9.555,790.477,954.012,53.186,846.184,976.462,441.493,480.468,1523.277,534.925,433.594,1420.538,590.808,424.285,1181.44,631.297,446.525,996.692,619.049,500.889,917.116,654.09,374.122,922.126,652.122,445.623,872.933,156.078,572.633,1040.27,389.421,581.741,1046.358,256.987,358.642,1096.427,318.425,356.625,1095.973,108.224,443.553,750.817,149.661,569.409,851.489,180.532,512.287,677.493,144.44,377.28,549.772,149.646,317.584,361.721,199.165,392.968,424.637,219.872,362.211,326.787,199.664,243.493,105.121,248.214,182.18,82.62,232.201,348.599,98.244,261.674,401.437,60.557,181.256,367.711,46.832,242.959,446.184,48.409,474.516,603.555,776.371,412.826,649.069,914.328,412.479,741.826,723.114,456.648,686.387,562.136,469.241,714.84,377.742,417.447,772.465,464.693,414.34,786.796,381.404,433.426,775.496,113.423,378.324,736.546,77.066,413.999,886.072,147.426,384.49,948.923,119.328,465.33,912.134,99.872,411.074,988.734,134.742,315.574,616.903,1399.473,317.833,611.605,1438.253,267.287,625.596,1404.25,259.235,328.782,1033.142,264.114,333.265,1071.138,307.728,330.532,1025.488,95.58,416.465,683.192,85.744,417.296,721.118,99.304,464.893,681.763,141.572,287.524,277.374,130.367,294.903,315.153,147.671,335.257,271.195,485.033,627.885,682.754,489.145,608.976,716.963,486.812,671.48,704.954,472.72,708.786,270.571,477.833,701.307,308.722,481.295,756.374,278.843,187.308,494.486,972.071,370.631,505.252,976.904,200.903,376.539,547.711,405.359,699.649,549.166,237.237,260.105,112.867,399.112,791.004,130.099,240.151,333.026,92.857,404.155,866.678,136.092,110.992,502.095,1470.94,432.052,478.974,1467.09,8.763,585.498,1190.24,563.226,386.853,1180.85,65.186,841.948,965.19,637.496,441.575,865.272,281.157,526.138,1074.64,240.207,265.389,90.432,-1.594,-0.777,3.067,-0.107,3.296,-19.834,12.111,-1.725,14.306,-31.792,5.158,1.686,36.431,-6.914,-9.309,11.519,5.981,-20.381,3.454,-1.855,15.854,-40.281,3.187,7.241,-4.111,0.21,-10.69,-4.111,-0.21,10.69,21.01,26.935,27.074,42.749,0,0,-0.919,24.298,89.47,8.318,-5.126,7.698,-4.915,21.83,32.055,28.886,-0,-0,-4.612,12.983,78.15,8.318,5.126,-7.698,-86.408,2.235,-5.637,-105.936,0.583,-11.626,13.492,-1.317,-3.113,13.492,1.317,3.113,9.362,-2.777,7.792,9.362,2.777,-7.792,-17.679,2.337,-0.247,-17.679,-2.337,0.247,0.359,0.427,8.958,0,0,0,2.12,0.544,-7.082,1.961,0.586,-8.056,8.807,0.387,0.167,-0.139,0.174,1.786,-0.795,-0.102,0.939,-0.321,-0.106,-0.316,796.571,-283.891,-90.974,0,0,0,-595.753,705.483,197.58,-439.968,442.012,216.837,1192.26,106.619,133.023,558.225,-138.776,-56.34,-391.923,-12.385,-5.846,19.915,-2.863,-4.941,0,0,-0.584,0,0,-0.059,0,0,-0.649,0,0,0.328,0,0,-2.812,0,0,0.011
31.51,280.203,516.107,970.793,270.686,694.467,927.852,96.875,505.254,966.343,273.346,558.73,1149.351,201.337,385.349,547.249,200.579,813.08,425.188,-243.355,381.852,537.758,191.251,507.363,974.875,237.35,261.329,114.1,87.547,662.604,-12.535,-181.932,107.639,123.084,201.848,383.217,542.331,240.102,334.016,93.235,232.249,349.472,312.32,21.57,311.581,86.984,262.028,115.941,109.406,240.102,334.016,93.235,240.404,374.839,149.733,170.439,332.26,94.877,242.486,277.544,134.026,405.857,712.034,543.593,450.284,1122.04,723.805,-38.934,773.602,513.169,353.487,536.935,954.875,402.127,830.663,131.475,601.636,1206.035,240.381,11.276,1022.392,186.645,401.737,708.58,552.977,405.557,905.926,142.038,406.871,831.948,351.205,187.295,943.032,156.532,365.742,700.072,69.481,405.557,905.926,142.038,410.49,929.875,208.521,334.893,907.924,146.561,405.212,839.29,166.068,284.353,574.198,1486.66,306.997,738.799,1460.6,450.806,553.143,1498.308,292.491,546.837,1320.917,11.125,605.252,1188.79,-182.732,377.379,1188.255,216.774,430.605,1059.507,109.284,521.113,1458.591,74.253,826.4,990.461,-125.299,723.433,812.134,271.357,659.009,866.549,14.648,617.589,1177.729,69.861,867.139,971.323,10.394,886.764,1026.745,11.63,836.592,919.659,77.981,791.807,1006.711,564.755,399.74,1178.12,670.5,130.052,1316.841,839.652,547.024,1254.906,436.666,493.19,1457.437,618.015,440.402,909.447,747.822,203.408,899.311,849.453,564.402,974.094,566.004,400.694,1171.815,640.314,449.615,862.11,724.42,472.585,906.201,612.204,543.054,867.054,599.309,432.673,949.156,275.853,707.208,1745.38,276.003,680.521,1753.852,303.827,706.99,1744.196,274.659,698.737,1718.719,205.632,638.743,1738.622,345.611,632.898,1736.021,195.382,503.413,1714.331,334.462,484.518,1704.248,190.662,540.247,1648.57,350.11,543.184,1644.741,275.621,682.25,1744.504,264.438,441.045,1561.362,261.562,414.949,1524.492,274.789,370.477,1255.088,285.295,581.049,1485.583,279.19,628.201,1294.686,365.038,362.23,1413.305,105.815,520.507,1524.56,15.435,532.119,1427.663,-11.07,641.817,1208.272,34.222,785.153,1075.995,104.342,859.256,1043.27,14.016,816.35,958.146,57.772,871.128,982.59,443.407,496.689,1519.643,536.51,448.85,1416.997,592.307,437.198,1178.217,633.628,456.496,993.428,622.252,509.909,913.02,655.91,382.824,919.969,654.949,453.612,869.782,156.606,588.286,1036.365,390.566,598.763,1042.749,258.813,374.663,1092.887,319.998,373.078,1092.322,108.528,454.683,749.431,149.236,582.617,848.206,180.118,522.986,674.958,144.882,385.587,549.391,150.019,322.672,362.205,199.314,399.293,423.764,219.946,366.843,326.362,199.84,244.394,106.503,248.443,182.807,84.707,232.165,349.355,98.516,261.556,401.756,60.398,181.15,367.816,46.972,242.864,446.349,47.961,475.725,616.03,771.658,414.79,665.143,908.784,412.88,753.738,716.054,457.262,700.817,557.565,470.776,739.465,375.148,417.648,791.784,464.355,415.198,810.922,382.391,436.596,816.646,113.459,383.005,778.952,73.754,414.828,924.363,154.516,384.09,988.429,130.708,465.864,954.855,109.163,409.7,1027.758,148.862,317.089,633.305,1395.916,319.39,628.051,1434.694,268.823,642.008,1400.738,261.016,344.774,1030.424,265.938,349.595,1068.37,309.408,346.595,1022.617,96.006,426.492,682.292,86.253,427.849,720.202,99.329,474.925,680.084,141.864,291.154,278.325,130.669,299.134,316,147.644,338.855,271.391,486.207,639.637,677.823,490.22,621.213,712.299,488.307,683.522,699.359,475.542,740.22,267.584,480.409,730.548,305.32,483.404,787.414,278.714,188.572,510.284,968.263,371.835,521.93,973.324,201.337,385.349,547.249,405.857,712.034,543.593,237.35,261.329,114.1,402.127,830.663,131.475,240.102,334.016,93.235,405.557,905.926,142.038,112.716,518.17,1468.03,433.904,495.204,1463.46,11.125,605.252,1188.79,564.755,399.74,1178.12,69.861,867.139,971.323,640.314,449.615,862.11,282.623,542.181,1071.78,240.304,266.081,91.612,-2.452,-0.966,2.778,-0.031,3.26,-19.563,12.413,-1.74,14.434,-31.698,5.002,1.836,36.112,-6.718,-9.39,7.572,5.861,-20.543,3.341,-1.94,16.658,-39.709,2.853,7.491,-4.097,0.076,-10.895,-4.097,-0.076,10.895,21.766,27.053,26.323,43.486,0,0,-0.457,24.189,89.901,8.249,-5.236,7.701,-5.527,21.878,31.969,28.623,-0,0,-4.881,13.046,77.888,8.249,5.236,-7.701,-85.759,2.058,-5.726,-109.416,0.345,-10.338,13.522,-1.388,-3.388,13.522,1.388,3.388,9.374,-2.773,7.747,9.374,2.773,-7.747,-17.626,2.444,-0.308,-17.626,-2.444,0.308,0.348,0.625,9.383,0,0,0,2.165,0.574,-7.445,2.036,0.57,-8.477,9.243,0.374,0.101,-0.103,0.172,1.817,-0.811,-0.086,0.948,-0.305,-0.126,-0.368,858.611,-296.06,-86.016,0,0,0,-566.695,710.363,197.47,-497.962,448.3,222.157,1282.21,111.066,130.205,602.971,-164.23,-59.421,-454.552,-22.79,-1.995,25.755,-2.663,-0.753,0,0,-0.493,0,0,0.043,0,0,-0.705,0,0,0.389,0,0,-2.958,0,0,0.006
31.52,281.424,532.492,967.092,271.047,710.808,924.168,98.155,520.729,962.529,274.247,575.057,1145.652,201.812,395.035,546.633,196.659,820.928,418.408,-242.855,387.249,538.64,191.914,523.127,972.482,237.317,262.699,115.528,86.168,661.202,-18.068,-181.525,108.066,128.146,202.324,392.247,541.547,239.946,335.106,93.697,232.835,353.445,312.585,21.409,312.447,88.496,262.08,117.278,112.666,239.946,335.106,93.697,240.197,376.573,149.724,170.282,333.374,95.291,242.287,279.105,135.134,406.512,724.37,537.896,447.795,1135.754,715.699,-38.817,782.075,507.784,356.19,551.198,950.248,404.739,867.357,133.557,600.728,1237.569,264.323,12.122,1053.214,195.822,401.884,722.552,547.793,406.567,942.01,148.098,407.237,857.142,353.092,187.475,974.079,162.091,371.584,739.539,64.389,406.567,942.01,148.098,410.704,961.722,216.011,335.856,942.312,152.318,407.452,873.971,167.792,286.187,590.843,1483.18,308.682,755.462,1457.104,452.663,569.927,1494.751,294.27,563.484,1317.434,13.613,624.769,1187.27,-178.53,395.498,1182.514,221.078,453.618,1056.226,111.317,537.309,1456.178,78.357,850.339,995.16,-118.968,751.196,812.247,277.202,686.299,869.56,17.143,637.066,1176.795,74.399,891.562,977.155,14.6,910.043,1032.614,16.403,862.858,924.186,81.729,815.223,1010.497,566.269,412.937,1175.29,670.394,143.824,1316.334,841.983,559.273,1250.955,438.608,509.484,1453.748,620.43,449.948,906.355,748.639,211.971,899.424,852.556,573.149,970.058,567.524,413.795,1169.058,643.1,458.252,858.976,727.233,480.871,903.197,616.041,552.066,862.472,601.447,442.994,946.026,278.211,723.49,1742.3,278.388,696.793,1750.74,306.183,723.282,1741.056,276.963,715.051,1715.631,207.982,654.999,1735.602,347.892,649.224,1732.691,197.713,519.727,1711.168,336.902,500.916,1700.777,192.851,556.614,1645.475,352.32,559.621,1641.312,277.985,698.533,1741.386,266.537,457.485,1558.114,263.511,431.419,1521.247,276.649,386.949,1251.837,287.123,597.695,1482.092,280.347,644.782,1291.044,366.454,378.771,1409.479,107.813,536.714,1521.598,17.539,548.512,1424.916,-9.149,660.718,1207.225,37.503,806.964,1079.208,108.222,881.502,1049.111,18.313,841.553,962.126,62.243,895.319,988.429,445.396,513.043,1515.955,538.121,464.262,1413.413,593.827,450.389,1174.941,635.949,466.914,990.163,625.413,519.476,909.003,657.672,392.076,917.748,657.739,462.188,866.671,157.158,603.995,1032.58,391.71,615.868,1039.11,260.765,390.814,1089.229,321.644,389.628,1088.58,108.936,466.367,748.013,148.846,596.193,844.996,179.701,534.412,672.402,145.369,394.67,548.918,150.341,328.354,362.737,199.495,406.243,422.797,220.011,371.942,325.919,199.852,245.453,108.101,248.472,183.523,87.141,232.033,350.233,98.855,261.425,402.122,60.22,180.99,367.985,47.137,242.77,446.491,47.522,477.384,628.43,766.827,416.775,681.334,902.778,413.213,765.368,708.916,457.96,715.543,553.177,472.251,763.221,373.006,417.824,810.693,464.014,415.978,833.983,383.361,439.376,854.831,114.277,387.318,818.323,71.523,415.301,959.569,161.517,383.357,1024.479,141.673,466.019,994.065,118.401,407.995,1063.267,162.285,318.679,649.829,1392.316,321.034,644.618,1431.095,270.444,658.541,1397.179,262.92,360.844,1027.546,267.905,365.991,1065.443,311.25,362.779,1019.6,96.497,437.193,681.329,86.86,439.04,719.223,99.449,485.626,678.383,142.054,295.265,279.414,130.886,303.911,316.951,147.558,342.913,271.649,487.831,651.581,672.783,491.783,633.59,707.484,490.392,695.726,693.669,478.151,769.961,265.362,482.791,758.369,302.639,485.288,816.675,278.994,189.824,526.214,964.505,373.024,538.769,969.679,201.812,395.035,546.633,406.512,724.37,537.896,237.317,262.699,115.528,404.739,867.357,133.557,239.946,335.106,93.697,406.567,942.01,148.098,114.54,534.424,1465.04,435.84,511.577,1459.79,13.613,624.769,1187.27,566.269,412.937,1175.29,74.399,891.562,977.155,643.1,458.252,858.976,284.092,558.272,1068.9,240.252,266.878,92.998,-3.273,-1.147,2.442,0.21,3.216,-19.182,12.715,-1.752,14.545,-31.62,4.818,2.027,35.805,-6.513,-9.259,4.075,5.683,-20.821,3.243,-2.019,17.396,-39.048,2.488,7.68,-4.064,-0.035,-11.111,-4.064,0.035,11.111,22.446,27.129,25.596,44.188,0,0,0.061,24.103,90.446,8.179,-5.336,7.691,-6.122,21.92,31.821,28.374,0,-0,-5.157,13.134,77.657,8.179,5.336,-7.691,-85.023,1.864,-5.78,-112.462,0.175,-9.072,13.517,-1.423,-3.673,13.517,1.423,3.673,9.373,-2.755,7.695,9.373,2.755,-7.695,-17.559,2.556,-0.363,-17.559,-2.556,0.363,0.408,0.758,10.072,0,0,0,2.364,0.667,-8.049,2.282,0.619,-9.122,9.939,0.383,0.154,-0.055,0.156,1.843,-0.807,-0.065,0.945,-0.287,-0.143,-0.414,929.719,-321.136,-92.776,0,0,0,-672.784,781.783,215.244,-488.308,500.59,242.505,1379.4,127.186,139.506,631.965,-174.124,-59.757,-504.651,-32.868,2.288,30.65,-2.512,3.927,0,0,-0.565,0,0,0.14,0,0,-0.733,0,0,0.397,0,0,-2.842,0,0,-0.001
31.53,282.639,549.016,963.447,271.348,727.297,920.609,99.432,536.319,958.896,275.261,591.459,1142.027,202.33,405.608,545.845,192.519,829.695,412.025,-242.266,393.382,539.694,192.787,539.228,970,237.124,264.239,117.181,85.061,659.794,-23.928,-181.445,109.243,133.761,202.84,402.12,540.634,239.675,336.309,94.254,233.352,357.941,312.865,21.121,313.585,90.181,261.878,118.79,116.42,239.675,336.309,94.254,239.854,378.54,149.708,170.006,334.66,95.733,241.883,280.879,136.459,407.321,736.96,532.347,443.576,1149.693,708.109,-38.706,788.979,502.198,359.357,565.202,945.57,406.835,900.68,135.779,599.246,1265.914,284.609,12.468,1080.776,203.666,402.257,737.162,542.976,407.215,974.627,153.655,407.45,880.685,354.653,187.473,1002.284,166.838,376.578,775.541,60.642,407.215,974.627,153.655,410.739,990.543,222.591,336.493,973.481,157.535,409.202,905.61,169.488,288.122,607.613,1479.68,310.441,772.258,1453.614,454.627,586.85,1491.101,296.085,580.291,1313.922,16.217,644.014,1185.66,-174.119,413.356,1176.947,225.551,476.279,1053.18,113.471,553.634,1453.765,82.339,873.553,999.52,-112.722,777.953,812.342,282.975,712.786,872.544,19.729,656.209,1175.774,78.781,915.209,982.651,18.737,932.577,1038.205,20.95,888.357,928.542,85.381,837.94,1013.942,567.749,426.462,1172.41,670.023,157.728,1315.516,844.399,571.524,1247.102,440.62,525.943,1450.077,622.787,460.068,903.284,749.19,221.059,899.29,855.701,582.197,966.168,569.009,427.232,1166.245,645.832,467.506,855.887,729.981,489.714,900.286,619.851,561.665,858.032,603.531,453.852,942.891,280.726,739.874,1739.22,280.928,713.166,1747.625,308.695,739.674,1737.913,279.42,731.469,1712.543,210.472,671.374,1732.6,350.313,665.633,1729.357,200.169,536.153,1708.002,339.476,517.405,1697.281,195.17,573.113,1642.383,354.662,576.168,1637.873,280.504,714.918,1738.283,268.729,474.049,1554.88,265.59,448.006,1518.012,278.533,403.595,1248.574,289.051,614.466,1478.604,281.628,661.466,1287.416,367.957,395.42,1405.711,109.91,553.089,1518.615,19.774,565.013,1422.147,-7.107,679.366,1206.039,40.785,828.214,1082.134,112.057,903.047,1054.478,22.446,866.033,965.905,66.574,918.74,993.944,447.467,529.541,1512.265,539.783,479.848,1409.823,595.351,463.876,1171.645,638.252,477.801,986.924,628.527,529.604,905.091,659.366,401.889,915.482,660.474,471.37,863.612,157.758,619.797,1028.976,392.84,633.053,1035.483,262.858,407.124,1085.54,323.378,406.28,1084.859,109.466,478.67,746.552,148.565,610.178,841.863,179.34,546.584,669.813,145.906,404.575,548.332,150.607,334.68,363.317,199.716,413.853,421.73,220.075,377.537,325.466,199.682,246.704,109.95,248.266,184.363,89.962,231.795,351.267,99.262,261.284,402.55,60.013,180.795,368.23,47.297,242.68,446.608,47.101,479.486,641.145,762.105,418.629,697.655,896.554,413.421,777.084,702.186,458.731,730.72,549.092,473.622,785.974,371.141,418.008,829.228,463.567,416.68,855.946,384.089,441.634,889.555,115.395,390.988,854.149,70.023,415.486,991.425,167.83,382.458,1056.876,151.497,465.894,1029.354,126.832,406.213,1095.094,174.219,320.35,666.472,1388.726,322.777,661.304,1427.506,272.155,675.197,1393.634,264.979,377.038,1024.541,270.039,382.465,1062.393,313.288,379.135,1016.481,97.051,448.63,680.298,87.557,450.933,718.178,99.683,497.06,676.659,142.129,299.906,280.652,131.016,309.283,318.011,147.432,347.46,271.967,489.768,664.149,667.843,493.747,646.496,702.698,492.918,708.501,688.162,480.431,797.71,263.621,484.885,784.513,300.437,486.888,843.92,279.34,191.072,542.272,960.866,374.206,555.76,966.029,202.33,405.608,545.845,407.321,736.96,532.347,237.124,264.239,117.181,406.835,900.68,135.779,239.675,336.309,94.254,407.215,974.627,153.655,116.469,550.848,1462.03,437.859,528.104,1456.1,16.217,644.014,1185.66,567.749,426.462,1172.41,78.781,915.209,982.651,645.832,467.506,855.887,285.557,574.422,1066.04,240.031,267.815,94.612,-4.043,-1.317,2.089,0.619,3.16,-18.711,13,-1.761,14.627,-31.569,4.588,2.264,35.553,-6.31,-8.878,1.141,5.445,-21.266,3.207,-2.083,18,-38.375,2.115,7.813,-4.025,-0.13,-11.332,-4.025,0.13,11.332,23.047,27.156,24.896,44.86,0,-0,0.634,24.052,91.087,8.117,-5.419,7.666,-6.702,21.96,31.601,28.136,0,0,-5.425,13.236,77.462,8.117,5.419,-7.666,-84.181,1.657,-5.798,-115.042,0.061,-7.937,13.489,-1.42,-3.964,13.489,1.42,3.964,9.36,-2.714,7.635,9.36,2.714,-7.635,-17.489,2.674,-0.414,-17.489,-2.674,0.414,0.436,0.943,10.421,0,0,0,2.429,0.713,-8.349,2.418,0.621,-9.452,10.302,0.371,0.156,0.003,0.127,1.867,-0.782,-0.039,0.931,-0.269,-0.157,-0.45,982.692,-345.844,-96.157,0,0,0,-694.254,816.225,227.318,-497.901,534.717,259.666,1445.89,149.579,145.719,644.699,-165.441,-57.697,-538.131,-40.349,5.894,34.511,-2.376,7.914,0,0,-0.518,0,0,0.262,0,0,-0.693,0,0,0.342,0,0,-2.462,0,0,-0.008
31.54,283.872,565.684,959.927,271.638,743.929,917.197,100.729,552.05,955.489,276.395,607.988,1138.536,202.898,417.069,544.88,188.455,839.408,406.049,-241.583,400.529,540.804,193.865,555.666,967.447,236.764,265.98,119.096,84.297,658.405,-30.087,-181.733,111.302,139.927,203.403,412.87,539.583,239.287,337.641,94.916,233.764,363.056,313.142,20.702,315.031,92.017,261.403,120.52,120.762,239.287,337.641,94.916,239.355,380.784,149.664,169.611,336.128,96.195,241.266,282.914,138.04,408.248,750.127,527.222,437.674,1164.039,701.481,-38.55,794.761,496.651,362.851,579.13,941.051,408.347,930.372,137.578,597.545,1291.329,300.313,12.441,1105.352,209.748,402.821,752.438,538.673,407.559,1003.62,158.126,407.508,902.441,355.58,187.356,1027.787,170.453,380.429,807.651,57.7,407.559,1003.62,158.126,410.676,1016.354,227.74,336.85,1001.332,161.711,410.452,933.974,170.736,290.169,624.502,1476.25,312.292,789.177,1450.21,456.71,603.896,1487.431,297.926,597.246,1310.472,18.923,662.948,1184.02,-169.506,430.895,1171.658,230.177,498.524,1050.441,115.738,570.088,1451.435,86.188,896.016,1003.51,-106.577,803.623,812.385,288.664,738.421,875.48,22.399,674.992,1174.692,82.986,938.068,987.773,22.765,954.323,1043.472,25.27,913.055,932.67,88.935,859.944,1017.004,569.188,440.334,1169.5,669.381,171.774,1314.394,846.893,583.793,1243.369,442.703,542.571,1446.459,625.082,470.774,900.256,749.465,230.678,898.932,858.884,591.554,962.447,570.453,441.022,1163.409,648.492,477.392,852.857,732.656,499.131,897.46,623.611,571.867,853.76,605.563,465.255,939.778,283.402,756.363,1736.22,283.626,729.643,1744.588,311.368,756.168,1734.848,282.035,747.995,1709.535,213.105,687.872,1729.666,352.888,682.135,1726.069,202.757,552.694,1704.888,342.172,533.987,1693.812,197.626,589.743,1639.346,357.133,592.829,1634.475,283.18,731.408,1735.241,271.008,490.734,1551.705,267.809,464.714,1514.833,280.418,420.408,1245.351,291.09,631.356,1475.174,283.049,678.255,1283.863,369.562,412.169,1402.057,112.11,569.626,1515.665,22.126,581.63,1419.419,-4.956,697.724,1204.737,44.051,848.876,1084.755,115.819,923.89,1059.35,26.413,889.737,969.436,70.744,941.372,999.096,449.628,546.188,1508.624,541.522,495.623,1406.26,596.869,477.679,1168.361,640.528,489.179,983.734,631.59,540.305,901.304,660.985,412.279,913.19,663.136,481.175,860.618,158.44,635.742,1025.595,393.957,650.326,1031.919,265.087,423.628,1081.917,325.2,423.049,1081.27,110.129,491.647,745.029,148.461,624.614,838.81,179.098,559.505,667.188,146.502,415.349,547.613,150.815,341.697,363.945,199.987,422.156,420.56,220.142,383.657,325.014,199.318,248.186,112.085,247.804,185.369,93.214,231.449,352.5,99.736,261.133,403.05,59.764,180.577,368.565,47.422,242.601,446.698,46.707,481.929,654.578,757.719,420.21,714.116,890.434,413.47,789.299,696.343,459.546,746.457,545.381,474.825,807.598,369.352,418.233,847.433,462.884,417.297,876.801,384.348,443.281,920.444,116.335,393.787,886.025,68.917,415.466,1019.786,172.887,381.554,1085.542,159.495,465.604,1060.459,133.722,404.598,1123.207,183.926,322.119,683.224,1385.197,324.637,678.102,1423.98,273.973,691.978,1390.168,267.208,393.41,1021.453,272.34,399.038,1059.269,315.529,395.721,1013.312,97.67,460.855,679.184,88.331,463.583,717.061,100.046,509.281,674.906,142.084,305.125,282.048,131.061,315.299,319.186,147.292,352.526,272.35,491.832,677.747,663.224,495.964,660.302,698.143,495.632,722.234,683.126,482.273,823.223,262.062,486.593,808.772,298.456,488.147,868.971,279.407,192.339,558.472,957.402,375.405,572.896,962.452,202.898,417.069,544.88,408.248,750.127,527.222,236.764,265.98,119.096,408.347,930.372,137.578,239.287,337.641,94.916,407.559,1003.62,158.126,118.503,567.434,1459.07,439.962,544.785,1452.46,18.923,662.948,1184.02,569.188,440.334,1169.5,82.986,938.068,987.773,648.492,477.392,852.857,287.02,590.643,1063.23,239.627,268.934,96.475,-4.746,-1.48,1.752,1.196,3.083,-18.177,13.249,-1.766,14.675,-31.556,4.306,2.543,35.388,-6.116,-8.257,-1.141,5.152,-21.91,3.265,-2.131,18.44,-37.779,1.765,7.917,-3.991,-0.223,-11.554,-3.991,0.223,11.554,23.562,27.123,24.225,45.504,-0,-0,1.268,24.054,91.804,8.059,-5.479,7.629,-7.259,22.003,31.308,27.905,0,0,-5.672,13.343,77.304,8.059,5.479,-7.629,-83.211,1.447,-5.776,-117.133,-0.013,-7.024,13.455,-1.384,-4.257,13.455,1.384,4.257,9.337,-2.643,7.567,9.337,2.643,-7.567,-17.411,2.799,-0.459,-17.411,-2.799,0.459,0.495,1.092,10.959,0,0,0,2.602,0.781,-8.823,2.688,0.648,-9.938,10.848,0.352,0.255,0.069,0.087,1.895,-0.737,-0.013,0.908,-0.252,-0.166,-0.471,1037.57,-362.807,-90.523,0,0,0,-818.16,867.451,228.51,-449.336,577.544,264.475,1519.01,162.851,141.305,642.458,-139.487,-53.796,-552.153,-43.917,7.839,37.423,-2.214,10.149,0,0,-0.584,0,0,0.357,0,0,-0.578,0,0,0.237,0,0,-1.875,0,0,-0.014
31.55,285.133,582.51,956.597,271.964,760.712,913.964,102.055,567.97,952.372,277.66,624.695,1135.235,203.527,429.421,543.735,184.751,850.111,400.485,-240.804,408.944,541.839,195.14,572.437,964.84,236.229,267.97,121.308,83.877,657.049,-36.506,-182.401,114.329,146.658,204.026,424.529,538.383,238.788,339.127,95.689,234.04,368.918,313.379,20.158,316.835,93.971,260.636,122.53,125.807,238.788,339.127,95.689,238.705,383.354,149.566,169.103,337.797,96.673,240.441,285.267,139.905,409.227,764.163,522.774,430.473,1178.942,696.159,-38.293,800.19,491.427,366.459,593.237,936.912,409.277,956.34,138.491,596.091,1314.072,310.818,12.244,1127.405,213.788,403.482,768.37,534.978,407.672,1028.98,161.044,407.413,922.392,355.632,187.181,1050.745,172.673,382.996,835.613,55.092,407.672,1028.98,161.044,410.599,1039.292,231.066,336.984,1025.891,164.453,411.222,958.965,171.206,292.337,641.502,1472.94,314.263,806.21,1446.937,458.918,621.039,1483.783,299.792,614.333,1307.133,21.721,681.529,1182.35,-164.704,448.061,1166.697,234.93,520.289,1047.998,118.129,586.656,1449.205,89.9,917.707,1007.1,-100.549,828.164,812.331,294.251,763.166,878.33,25.141,693.379,1173.554,86.999,960.127,992.482,26.646,975.253,1048.356,29.366,936.9,936.517,92.395,881.229,1019.67,570.59,454.564,1166.6,668.496,185.965,1312.978,849.458,596.101,1239.792,444.875,559.346,1442.958,627.31,482.081,897.289,749.465,240.843,898.368,862.092,601.242,958.911,571.86,455.18,1160.577,651.06,487.935,849.901,735.247,509.147,894.713,627.292,582.701,849.696,607.549,477.21,936.719,286.236,772.961,1733.32,286.481,746.229,1741.646,314.198,772.769,1731.879,284.803,764.634,1706.625,215.884,704.495,1726.847,355.627,698.74,1722.878,205.481,569.351,1701.883,344.978,550.666,1690.422,200.218,606.5,1636.417,359.729,609.606,1631.169,286.012,748.008,1732.305,273.375,507.537,1548.631,270.161,481.544,1511.755,282.279,437.379,1242.215,293.25,648.357,1471.855,284.632,695.162,1280.445,371.278,429.01,1398.568,114.416,586.314,1512.809,24.58,598.365,1416.795,-2.71,715.755,1203.339,47.277,868.924,1087.052,119.482,944.035,1063.712,30.219,912.613,972.672,74.73,963.202,1003.842,451.885,562.975,1505.081,543.362,511.598,1402.753,598.379,491.818,1165.12,642.768,501.072,980.616,634.597,551.585,897.664,662.525,423.267,910.887,665.708,491.626,857.698,159.238,651.89,1022.461,395.077,667.704,1028.482,267.422,440.359,1078.455,327.094,439.959,1077.909,110.935,505.344,743.428,148.591,639.541,835.84,179.035,573.177,664.539,147.162,427.037,546.743,150.972,349.451,364.625,200.32,431.182,419.29,220.214,390.339,324.578,198.751,249.946,114.542,247.073,186.598,96.952,230.997,353.98,100.264,260.967,403.629,59.451,180.338,369.004,47.492,242.535,446.754,46.353,484.527,669.09,753.873,421.414,730.729,884.797,413.358,802.406,691.768,460.363,762.81,542.073,475.785,827.999,367.46,418.518,865.358,461.834,417.819,896.573,383.949,444.299,947.288,116.7,395.585,913.688,67.938,415.326,1044.64,176.22,380.777,1110.528,165.092,465.257,1087.287,138.45,403.348,1147.707,190.783,324.006,700.081,1381.785,326.633,695.007,1420.571,275.915,708.888,1386.843,269.599,410.018,1018.336,274.789,415.744,1056.128,317.954,412.587,1010.155,98.364,473.908,677.978,89.177,477.028,715.865,100.544,522.33,673.123,141.923,310.969,283.612,131.025,322.003,320.49,147.154,358.142,272.808,493.835,692.687,659.133,498.254,675.304,694.02,498.225,737.224,678.825,483.587,846.35,260.423,487.832,831.015,296.472,489.027,891.729,278.908,193.634,574.845,954.178,376.632,590.176,959.015,203.527,429.421,543.735,409.227,764.163,522.774,236.229,267.97,121.308,409.277,956.34,138.491,238.788,339.127,95.689,407.672,1028.98,161.044,120.655,584.17,1456.19,442.159,561.61,1448.93,21.721,681.529,1182.35,570.59,454.564,1166.6,86.999,960.127,992.482,651.06,487.935,849.901,288.49,606.953,1060.53,239.035,270.289,98.608,-5.37,-1.629,1.455,1.942,2.975,-17.611,13.429,-1.768,14.692,-31.582,3.974,2.856,35.328,-5.947,-7.444,-2.721,4.823,-22.754,3.431,-2.162,18.728,-37.337,1.448,8.004,-3.971,-0.317,-11.771,-3.971,0.317,11.771,23.982,27.033,23.578,46.125,0,-0,1.942,24.109,92.569,8.001,-5.514,7.587,-7.784,22.047,30.949,27.674,-0,-0,-5.884,13.447,77.185,8.001,5.514,-7.587,-82.084,1.244,-5.705,-118.72,-0.067,-6.385,13.423,-1.318,-4.541,13.423,1.318,4.541,9.305,-2.54,7.498,9.305,2.54,-7.498,-17.325,2.933,-0.502,-17.325,-2.933,0.502,0.507,1.276,11.379,0,0,0,2.719,0.791,-9.202,2.929,0.62,-10.315,11.279,0.285,0.349,0.14,0.04,1.93,-0.674,0.011,0.881,-0.236,-0.171,-0.476,1093.65,-370.367,-88.495,0,0,0,-901.761,858.176,226.907,-411.2,580.645,267.607,1593.47,165.425,138.13,627.588,-102.079,-48.794,-545.818,-43.787,7.717,39.601,-1.996,10.167,0,0,-0.581,0,0,0.459,0,0,-0.357,0,0,0.114,0,0,-1.183,0,0,-0.019
31.56,286.462,599.528,953.514,272.414,777.679,910.95,103.448,584.143,949.524,279.028,641.627,1132.173,204.229,442.666,542.422,181.652,861.853,395.364,-239.939,418.834,542.682,196.595,589.526,962.216,235.518,270.273,123.857,83.737,655.732,-43.125,-183.424,118.354,153.975,204.715,437.13,537.026,238.183,340.804,96.573,234.136,375.692,313.518,19.494,319.045,95.993,259.57,124.915,131.69,238.183,340.804,96.573,237.916,386.314,149.369,168.49,339.706,97.167,239.403,288.019,142.08,410.178,779.269,519.197,422.608,1194.517,692.314,-37.909,806.183,486.814,369.947,607.805,933.367,409.684,978.653,138.216,595.262,1334.412,315.88,12.069,1147.406,215.628,404.121,784.937,531.931,407.623,1050.86,162.096,407.184,940.704,354.686,186.981,1071.292,173.279,384.335,859.356,52.509,407.623,1050.86,162.096,410.55,1059.637,232.326,336.957,1047.29,165.487,411.583,980.659,170.704,294.635,658.605,1469.78,316.383,823.344,1443.827,461.257,638.249,1480.191,301.692,631.546,1303.938,24.599,699.721,1180.68,-159.706,464.787,1162.125,239.813,541.532,1045.898,120.628,603.342,1447.132,93.468,938.604,1010.27,-94.635,851.503,812.143,299.74,786.987,881.088,27.949,711.339,1172.386,90.805,981.374,996.744,30.344,995.342,1052.802,33.246,959.849,940.027,95.761,901.783,1021.921,571.977,469.163,1163.74,667.482,200.353,1311.312,852.07,608.552,1236.375,447.141,576.257,1439.609,629.462,494.002,894.402,749.259,251.603,897.616,865.274,611.355,955.554,573.248,469.712,1157.782,653.517,499.153,847.032,737.741,519.787,892.044,630.861,594.184,845.86,609.487,489.726,933.738,289.229,789.674,1730.57,289.493,762.929,1738.855,317.187,789.481,1729.058,287.727,781.387,1703.867,218.811,721.243,1724.189,358.538,715.456,1719.836,208.344,586.124,1699.046,347.888,567.445,1687.175,202.948,623.381,1633.652,362.446,626.498,1628.009,289,764.722,1729.521,275.829,524.449,1545.705,272.634,498.492,1508.826,284.107,454.501,1239.211,295.54,665.462,1468.704,286.396,712.203,1277.219,373.103,445.941,1395.282,116.835,603.141,1510.105,27.123,615.217,1414.329,-0.381,733.423,1201.865,50.442,888.335,1089.005,123.018,963.485,1067.551,33.867,934.616,975.566,78.514,984.214,1008.139,454.245,579.883,1501.681,545.319,527.773,1399.332,599.889,506.311,1161.952,644.962,513.507,977.589,637.534,563.455,894.187,663.984,434.876,908.588,668.172,502.743,854.864,160.175,668.311,1019.581,396.221,685.214,1025.259,269.813,457.352,1075.242,329.036,457.038,1074.85,111.897,519.791,741.735,148.996,654.992,832.968,179.209,587.602,661.894,147.89,439.677,545.714,151.085,357.981,365.366,200.714,440.965,417.924,220.286,397.629,324.179,197.982,252.043,117.359,246.086,188.13,101.243,230.444,355.765,100.825,260.786,404.285,59.05,180.074,369.556,47.492,242.482,446.773,46.055,487.055,684.932,750.723,422.205,747.518,880.031,413.118,816.707,688.667,461.145,779.776,539.171,476.439,847.15,365.346,418.858,883.063,460.328,418.224,915.326,382.777,444.74,970.069,116.242,396.373,937.043,66.94,415.131,1066.119,177.519,380.211,1132.007,167.881,464.942,1109.922,140.586,402.584,1168.827,194.346,326.036,717.039,1378.549,328.784,712.012,1417.336,278.001,725.93,1383.72,272.12,426.91,1015.257,277.337,432.62,1053.038,320.513,429.77,1007.08,99.152,487.823,676.672,90.102,491.297,714.584,101.189,536.241,671.31,141.656,317.482,285.361,130.915,329.436,321.942,147.019,364.345,273.368,495.627,709.12,655.742,500.439,691.653,690.508,500.413,753.616,675.458,484.327,867.07,258.533,488.555,851.223,294.343,489.518,912.21,277.669,194.996,591.441,951.213,377.927,607.615,955.815,204.229,442.666,542.422,410.178,779.269,519.197,235.518,270.273,123.857,409.684,978.653,138.216,238.183,340.804,96.573,407.623,1050.86,162.096,122.915,601.046,1453.47,444.457,578.561,1445.54,24.599,699.721,1180.68,571.977,469.163,1163.74,90.805,981.374,996.744,653.517,499.153,847.032,289.983,623.373,1057.96,238.265,271.947,101.034,-5.905,-1.779,1.214,2.854,2.831,-17.052,13.504,-1.768,14.692,-31.651,3.608,3.201,35.367,-5.795,-6.53,-3.596,4.493,-23.761,3.684,-2.181,18.902,-37.114,1.175,8.09,-3.966,-0.437,-11.975,-3.966,0.437,11.975,24.298,26.883,22.95,46.725,0,0,2.652,24.22,93.362,7.953,-5.524,7.545,-8.268,22.096,30.548,27.445,-0,0,-6.058,13.543,77.091,7.953,5.524,-7.545,-80.761,1.06,-5.585,-119.78,-0.114,-6.025,13.4,-1.245,-4.805,13.4,1.245,4.805,9.267,-2.405,7.436,9.267,2.405,-7.436,-17.242,3.074,-0.54,-17.242,-3.074,0.54,0.555,1.452,11.597,0,0,0,2.787,0.826,-9.392,3.145,0.624,-10.485,11.506,0.244,0.48,0.211,-0.009,1.976,-0.596,0.028,0.854,-0.221,-0.171,-0.464,1141.61,-392.494,-80.156,0,0,0,-971.75,897.377,225.306,-364.025,615.462,273.488,1639.82,192.906,134.39,601.687,-61.044,-43.487,-519.836,-41.314,5.833,40.973,-1.724,8.258,0,0,-0.497,0,0,0.552,0,0,0.011,0,0,0.005,0,0,-0.506,0,0,-0.021
31.57,287.881,616.767,950.733,273.064,794.861,908.192,104.927,600.64,946.939,280.468,658.829,1129.402,205.015,456.821,540.953,179.323,874.698,390.714,-238.998,430.348,543.25,198.231,606.924,959.613,234.642,272.98,126.782,83.716,654.449,-49.858,-184.726,123.332,161.924,205.473,450.704,535.515,237.486,342.724,97.56,234.01,383.586,313.47,18.724,321.7,98.017,258.226,127.812,138.566,237.486,342.724,97.56,237.021,389.738,149.02,167.787,341.914,97.67,238.159,291.268,144.576,411.032,795.511,516.603,414.853,1210.846,689.915,-37.413,813.625,483.079,373.119,623.106,930.601,409.678,997.522,136.661,595.211,1352.632,315.666,12.035,1165.69,215.196,404.632,802.112,529.545,407.475,1069.51,161.171,406.875,957.665,352.784,186.786,1089.535,172.168,384.638,878.945,49.866,407.475,1069.51,161.171,410.547,1077.722,231.464,336.826,1065.741,164.699,411.624,999.251,169.198,297.067,675.806,1466.86,318.684,840.573,1440.976,463.725,655.498,1476.766,303.646,648.883,1300.976,27.544,717.487,1179.01,-154.517,481.015,1157.995,244.806,562.202,1044.138,123.24,620.15,1445.233,96.889,958.691,1013.01,-88.84,873.603,811.793,305.124,809.856,883.741,30.807,728.839,1171.203,94.395,1001.79,1000.51,33.834,1014.59,1056.74,36.914,981.828,943.146,99.037,921.597,1023.764,573.376,484.131,1160.96,666.507,215.002,1309.463,854.69,621.293,1233.115,449.495,593.279,1436.455,631.53,506.555,891.608,748.962,263.034,896.688,868.37,622.033,952.356,574.652,484.623,1155.052,655.849,511.067,844.264,740.124,531.08,889.46,634.293,606.34,842.271,611.368,502.814,930.86,292.375,806.506,1728.02,292.658,779.75,1736.267,320.329,806.312,1726.431,290.799,798.256,1701.309,221.891,738.113,1721.738,361.624,732.295,1716.994,211.351,603.014,1696.434,350.903,584.331,1684.135,205.812,640.375,1631.105,365.285,643.5,1625.051,292.14,781.556,1726.934,278.374,541.464,1542.976,275.208,515.553,1506.095,285.905,471.78,1236.378,297.967,682.664,1465.776,288.356,729.393,1274.245,375.031,462.959,1392.231,119.366,620.099,1507.613,29.748,632.175,1412.068,2.012,750.693,1200.335,53.524,907.088,1090.599,126.404,982.247,1070.859,37.362,955.702,978.07,82.083,1004.393,1011.941,456.713,596.884,1498.467,547.398,544.141,1396.027,601.411,521.172,1158.885,647.098,526.509,974.669,640.384,575.929,890.883,665.359,447.13,906.304,670.513,514.549,852.128,161.267,685.07,1016.945,397.413,702.878,1022.352,272.193,474.634,1072.351,330.987,474.312,1072.137,113.031,535.01,739.955,149.703,670.993,830.216,179.669,602.793,659.29,148.682,453.31,544.529,151.166,367.325,366.186,201.158,451.544,416.476,220.344,405.587,323.839,197.028,254.554,120.576,244.881,190.071,106.167,229.8,357.915,101.386,260.591,405.012,58.528,179.778,370.227,47.418,242.444,446.746,45.829,489.306,702.193,748.367,422.637,764.53,876.481,412.825,832.353,687.026,461.87,797.303,536.672,476.759,865.117,362.987,419.227,900.604,458.351,418.491,933.159,380.824,444.722,988.967,114.895,396.255,956.197,65.911,414.927,1084.496,176.672,379.886,1150.266,167.668,464.717,1128.624,139.944,402.35,1186.922,194.397,328.231,734.095,1375.55,331.104,729.111,1414.339,280.251,743.108,1380.863,274.711,444.116,1012.29,279.916,449.709,1050.076,323.134,447.278,1004.168,100.059,502.627,675.266,91.13,506.411,713.216,101.991,551.043,669.474,141.304,324.708,287.324,130.744,337.638,323.576,146.87,371.184,274.074,497.123,726.993,653.159,502.371,709.319,687.736,502.01,771.366,673.123,484.515,885.511,256.335,488.778,869.509,292.034,489.645,930.56,275.657,196.446,608.308,948.53,379.315,625.225,952.936,205.015,456.821,540.953,411.032,795.511,516.603,234.642,272.98,126.782,409.678,997.522,136.661,237.486,342.724,97.56,407.475,1069.51,161.171,125.297,618.058,1450.96,446.847,595.613,1442.34,27.544,717.487,1179.01,573.376,484.131,1160.96,94.395,1001.79,1000.51,655.849,511.067,844.264,291.515,639.921,1055.58,237.341,273.993,103.777,-6.343,-1.941,1.031,3.932,2.65,-16.543,13.422,-1.768,14.697,-31.755,3.237,3.579,35.48,-5.654,-5.618,-3.81,4.195,-24.848,3.972,-2.192,19.006,-37.145,0.956,8.172,-3.982,-0.593,-12.16,-3.982,0.593,12.16,24.493,26.684,22.333,47.313,0,0,3.365,24.374,94.156,7.92,-5.518,7.519,-8.705,22.152,30.143,27.222,-0,0,-6.202,13.634,77,7.92,5.518,-7.519,-79.197,0.91,-5.415,-120.289,-0.156,-5.908,13.393,-1.183,-5.038,13.393,1.183,5.038,9.219,-2.242,7.39,9.219,2.242,-7.39,-17.164,3.227,-0.58,-17.164,-3.227,0.58,0.522,1.644,12.03,0,0,0,2.91,0.787,-9.796,3.462,0.546,-10.85,11.939,0.099,0.69,0.276,-0.057,2.031,-0.509,0.036,0.832,-0.209,-0.166,-0.436,1190.05,-406.507,-64.606,0,0,0,-1104.4,844.82,209.624,-277.839,592.647,261.793,1699.19,197.659,118.631,563.467,-22.431,-38.416,-476.274,-38.101,2.967,41.225,-1.432,5.231,0,0,-0.427,0,0,0.558,0,0,0.552,0,0,-0.062,0,0,0.05,0,0,-0.02
31.58,289.428,634.27,948.297,274.013,812.313,905.754,106.527,617.538,944.548,281.92,676.313,1126.967,205.887,471.904,539.348,177.896,888.718,386.587,-238,443.612,543.487,200.049,624.609,957.08,233.628,276.213,130.119,83.57,653.197,-56.602,-186.175,129.151,170.58,206.299,465.303,533.848,236.714,344.958,98.64,233.617,392.835,313.11,17.873,324.82,99.975,256.657,131.414,146.599,236.714,344.958,98.64,236.056,393.713,148.452,167.013,344.494,98.174,236.72,295.144,147.398,411.748,812.807,515.006,408.013,1227.966,688.742,-36.863,823.235,480.444,375.841,639.344,928.74,409.387,1013.28,133.931,595.723,1369.077,310.725,12.112,1182.311,212.474,404.969,819.875,527.813,407.273,1085.3,158.357,406.572,973.68,350.102,186.61,1105.597,169.366,384.193,894.632,47.279,407.273,1085.3,158.357,410.591,1093.953,228.585,336.636,1081.576,162.153,411.429,1015.092,166.811,299.64,693.096,1464.2,321.187,857.89,1438.427,466.328,672.763,1473.547,305.682,666.355,1298.266,30.533,734.79,1177.4,-149.169,496.702,1154.42,249.875,582.23,1042.784,125.943,637.084,1443.591,100.159,977.95,1015.28,-83.173,894.403,811.238,310.39,831.73,886.258,33.705,745.865,1170.02,97.762,1021.37,1003.74,37.093,1033,1060.105,40.382,1002.808,945.808,102.217,940.665,1025.187,574.815,499.469,1158.27,665.707,229.95,1307.453,857.304,634.429,1229.984,451.949,610.385,1433.513,633.498,519.761,888.924,748.651,275.191,895.587,871.328,633.385,949.301,576.09,499.91,1152.418,658.043,523.697,841.612,742.38,543.06,886.976,637.562,619.19,838.93,613.173,516.502,928.102,295.673,823.465,1725.71,295.972,796.698,1733.923,323.623,823.266,1724.043,294.021,815.249,1698.994,225.129,755.104,1719.54,364.883,749.267,1714.405,214.502,620.021,1694.11,354.033,601.33,1681.372,208.809,657.474,1628.834,368.252,660.605,1622.357,295.429,798.516,1724.592,281.013,558.571,1540.497,277.866,532.718,1503.617,287.692,489.229,1233.757,300.537,699.955,1463.127,290.516,746.749,1271.584,377.051,480.063,1389.444,122.008,637.178,1505.392,32.452,649.217,1410.048,4.448,767.532,1198.767,56.503,925.165,1091.821,129.617,1000.326,1073.627,40.709,975.834,980.142,85.429,1023.725,1015.202,459.291,613.948,1495.481,549.599,560.682,1392.875,602.961,536.41,1155.948,649.163,540.101,971.87,643.12,589.032,887.766,666.648,460.056,904.05,672.718,527.066,849.505,162.514,702.227,1014.542,398.674,720.709,1019.876,274.481,492.221,1069.832,332.9,491.798,1069.796,114.347,551.012,738.101,150.731,687.564,827.617,180.457,618.768,656.773,149.524,467.977,543.199,151.228,377.521,367.113,201.627,462.974,414.96,220.368,414.295,323.582,195.928,257.576,124.235,243.53,192.569,111.818,229.081,360.493,101.911,260.388,405.807,57.861,179.449,371.017,47.276,242.416,446.663,45.688,491.138,720.767,746.825,422.854,781.832,874.374,412.595,849.319,686.624,462.543,815.298,534.585,476.776,882.067,360.461,419.585,918.026,455.978,418.598,950.196,378.195,444.402,1004.353,112.767,395.419,971.454,64.955,414.737,1100.156,173.777,379.793,1165.683,164.51,464.606,1143.803,136.603,402.62,1202.434,190.978,330.603,751.248,1372.858,333.6,746.296,1411.648,282.675,760.419,1378.332,277.291,461.645,1009.518,282.438,467.046,1047.321,325.727,465.093,1001.506,101.104,518.349,673.769,92.288,522.393,711.763,102.962,566.764,667.629,140.897,332.699,289.538,130.529,346.651,325.431,146.681,378.719,274.977,498.304,746.053,651.418,503.956,728.089,685.767,502.972,790.241,671.799,484.254,901.951,253.897,488.593,886.124,289.616,489.477,947.059,272.987,198.021,625.51,946.116,380.834,643.03,950.478,205.887,471.904,539.348,411.748,812.807,515.006,233.628,276.213,130.119,409.387,1013.28,133.931,236.714,344.958,98.64,407.273,1085.3,158.357,127.779,635.204,1448.72,449.336,612.744,1439.37,30.533,734.79,1177.4,574.815,499.469,1158.27,97.762,1021.37,1003.74,658.043,523.697,841.612,293.105,656.614,1053.42,236.305,276.531,106.865,-6.686,-2.142,0.899,5.176,2.438,-16.138,13.128,-1.773,14.738,-31.885,2.893,3.994,35.621,-5.496,-4.82,-3.447,3.963,-25.878,4.221,-2.198,19.054,-37.433,0.798,8.227,-4.013,-0.81,-12.312,-4.013,0.81,12.312,24.55,26.439,21.73,47.89,0,0,4.075,24.569,94.93,7.912,-5.494,7.507,-9.093,22.211,29.765,27.009,-0,0,-6.333,13.722,76.899,7.912,5.494,-7.507,-77.342,0.811,-5.206,-120.224,-0.182,-5.971,13.393,-1.169,-5.227,13.393,1.169,5.227,9.155,-2.059,7.366,9.155,2.059,-7.366,-17.094,3.383,-0.613,-17.094,-3.383,0.613,0.553,1.766,11.938,0,0,0,2.919,0.801,-9.686,3.663,0.532,-10.686,11.835,0.016,0.948,0.328,-0.1,2.094,-0.42,0.034,0.819,-0.2,-0.155,-0.392,1222.02,-416.465,-53.338,0,0,0,-1183.35,851.713,199.5,-197.632,597.869,260.157,1705.13,219.213,114.542,510.095,9.795,-33.698,-419.22,-35.521,0.104,39.949,-1.175,2.123,0,0,-0.233,0,0,0.539,0,0,1.257,0,0,-0.079,0,0,0.427,0,0,-0.013
31.59,291.105,652.06,946.249,275.313,830.068,903.699,108.247,634.903,942.338,283.341,694.078,1124.914,206.836,487.958,537.62,177.422,904.007,383.051,-236.972,458.719,543.373,202.056,642.56,954.668,232.525,280.12,133.902,82.998,651.975,-63.239,-187.592,135.648,180.042,207.172,480.995,532.029,235.896,347.591,99.807,232.906,403.688,312.276,16.976,328.383,101.798,254.975,135.971,155.948,235.896,347.591,99.807,235.066,398.331,147.592,166.201,347.528,98.663,235.107,299.798,150.541,412.339,830.972,514.338,402.832,1245.862,688.496,-36.315,835.499,479.062,378.068,656.613,927.834,408.943,1026.33,130.304,596.277,1384.137,301.91,12.131,1197.04,207.546,405.166,838.18,526.73,407.055,1098.62,153.921,406.416,989.17,346.912,186.464,1119.602,165.09,383.295,906.771,45.04,407.055,1098.62,153.921,410.702,1108.687,223.944,336.426,1095.15,158.098,411.079,1028.588,163.779,302.351,710.465,1461.89,323.905,875.284,1436.283,469.058,690.024,1470.643,307.816,683.961,1295.899,33.543,751.609,1175.84,-143.679,511.809,1151.44,254.994,601.583,1041.831,128.719,654.166,1442.21,103.274,996.362,1017.07,-77.639,913.871,810.455,315.526,852.571,888.63,36.615,762.389,1168.85,100.905,1040.07,1006.4,40.103,1050.548,1062.849,43.661,1022.71,947.963,105.302,958.941,1026.195,576.311,515.174,1155.72,665.205,245.229,1305.334,859.893,648.061,1226.993,454.506,627.547,1430.844,635.352,533.645,886.369,748.402,288.135,894.313,874.102,645.524,946.374,577.585,515.572,1149.912,660.084,537.068,839.093,744.491,555.767,884.604,640.636,632.759,835.847,614.888,530.813,925.486,299.116,840.555,1723.68,299.433,813.781,1731.867,327.061,840.351,1721.931,297.383,832.364,1696.961,228.527,772.212,1717.642,368.309,766.378,1712.116,217.797,637.147,1692.137,357.291,618.445,1678.958,211.931,674.669,1626.897,371.352,677.805,1619.987,298.863,815.607,1722.541,283.749,575.764,1538.326,280.596,549.982,1501.447,289.487,506.863,1231.396,303.248,717.325,1460.819,292.87,764.28,1269.298,379.152,497.253,1386.948,124.755,654.373,1503.497,35.24,666.312,1408.295,6.903,783.92,1197.184,59.363,942.553,1092.66,132.638,1017.729,1075.848,43.912,994.975,981.738,88.545,1042.195,1017.877,461.98,631.043,1492.769,551.91,577.372,1389.919,604.549,552.03,1153.172,651.139,554.305,969.211,645.714,602.796,884.849,667.85,473.679,901.842,674.771,540.322,847.012,163.908,719.817,1012.358,400.019,738.699,1017.939,276.599,510.114,1067.719,334.721,509.495,1067.84,115.846,567.807,736.199,152.087,704.714,825.214,181.596,635.562,654.384,150.394,483.733,541.737,151.286,388.623,368.176,202.081,475.329,413.39,220.332,423.861,323.43,194.746,261.231,128.383,242.14,195.819,118.297,228.308,363.561,102.364,260.19,406.667,57.032,179.098,371.924,47.092,242.396,446.515,45.637,492.503,740.368,746.047,423.065,799.494,873.773,412.571,867.422,687.112,463.199,833.654,532.945,476.587,898.243,357.934,419.892,935.36,453.373,418.542,966.576,375.097,443.95,1016.739,110.094,394.098,983.3,64.242,414.578,1113.551,169.119,379.893,1178.689,158.719,464.607,1155.977,130.883,403.324,1215.84,184.402,333.157,768.497,1370.541,336.272,763.56,1409.332,285.281,777.859,1376.192,279.768,479.487,1007.02,284.808,484.652,1044.852,328.196,483.169,999.179,102.299,535.025,672.19,93.601,539.267,710.23,104.106,583.441,665.791,140.473,341.519,292.047,130.299,356.531,327.552,146.426,387.028,276.128,499.213,765.901,650.476,505.171,747.614,684.594,503.398,809.871,671.361,483.721,916.787,251.389,488.169,901.421,287.255,489.12,962.088,269.898,199.721,643.087,943.987,382.489,661.033,948.511,206.836,487.958,537.62,412.339,830.972,514.338,232.525,280.12,133.902,408.943,1026.33,130.304,235.896,347.591,99.807,407.055,1098.62,153.921,130.362,652.485,1446.81,451.925,629.928,1436.67,33.543,751.609,1175.84,576.311,515.174,1155.72,100.905,1040.07,1006.4,660.084,537.068,839.093,294.764,673.459,1051.53,235.224,279.69,110.33,-6.93,-2.391,0.811,6.589,2.212,-15.89,12.565,-1.785,14.845,-32.033,2.619,4.462,35.744,-5.303,-4.222,-2.613,3.815,-26.68,4.347,-2.194,19.021,-37.946,0.695,8.219,-4.052,-1.093,-12.42,-4.052,1.093,12.42,24.455,26.155,21.145,48.465,-0,0,4.761,24.795,95.663,7.941,-5.465,7.52,-9.43,22.271,29.438,26.811,0,-0,-6.462,13.81,76.779,7.941,5.465,-7.52,-75.142,0.782,-4.98,-119.576,-0.166,-6.148,13.396,-1.22,-5.36,13.396,1.22,5.36,9.072,-1.862,7.367,9.072,1.862,-7.367,-17.043,3.547,-0.65,-17.043,-3.547,0.65,0.557,1.959,12.06,0,0,0,2.917,0.813,-9.807,3.91,0.496,-10.733,11.94,-0.1,1.258,0.362,-0.134,2.16,-0.334,0.023,0.817,-0.195,-0.14,-0.338,1244.69,-432.321,-44.324,0,0,0,-1283.43,836.766,192.157,-98.729,586.318,261.207,1712,235.429,117.196,438.987,33.24,-29.078,-353.969,-34.376,-1.981,36.493,-1.009,-0.221,0,0,0.01,0,0,0.421,0,0,2.133,0,0,-0.062,0,0,0.62,0,0,-0.002
31.6,292.93,670.138,944.622,277.033,848.141,902.087,110.102,652.768,940.26,284.681,712.092,1123.28,207.833,505.05,535.771,177.87,920.682,380.191,-235.949,475.734,542.922,204.261,660.753,952.421,231.4,284.877,138.161,81.689,650.806,-69.64,-188.768,142.66,190.434,208.06,497.877,530.06,235.067,350.727,101.057,231.822,416.383,310.765,16.08,332.339,103.426,253.321,141.801,166.75,235.067,350.727,101.057,234.097,403.686,146.368,165.391,351.105,99.124,233.353,305.408,153.99,412.859,849.765,514.468,399.9,1264.454,688.881,-35.801,850.662,479,379.831,674.873,927.841,408.455,1037.09,126.155,596.06,1398.286,290.198,11.765,1209.321,200.598,405.345,856.973,526.301,406.847,1109.87,148.257,406.545,1004.489,343.501,186.354,1131.711,159.705,382.189,915.851,43.5,406.847,1109.87,148.257,410.914,1122.221,217.89,336.229,1106.822,152.923,410.657,1040.185,160.395,305.195,727.901,1459.97,326.833,892.743,1434.587,471.909,707.271,1468.108,310.057,701.692,1293.913,36.537,767.922,1174.37,-138.141,526.344,1149.172,260.065,620.178,1041.278,131.562,671.388,1441.125,106.232,1013.91,1018.36,-72.296,931.997,809.453,320.473,872.305,890.797,39.507,778.406,1167.724,103.822,1057.88,1008.44,42.86,1067.277,1064.907,46.753,1041.469,949.559,108.287,976.421,1026.816,577.872,531.242,1153.35,665.092,260.856,1303.154,862.436,662.265,1224.156,457.153,644.739,1428.491,637.075,548.237,883.969,748.275,301.916,892.867,876.652,658.546,943.581,579.142,531.606,1147.571,661.959,551.204,836.735,746.441,569.239,882.375,643.495,647.073,833.029,616.491,545.783,923.041,302.7,857.779,1721.97,303.034,831,1730.142,330.639,857.568,1720.137,300.885,849.603,1695.252,232.085,789.434,1716.094,371.892,783.633,1710.175,221.235,654.387,1690.578,360.689,635.679,1676.957,215.169,691.95,1625.349,374.589,695.093,1617.999,302.436,832.832,1720.824,286.582,593.037,1536.518,283.389,567.335,1499.642,291.303,524.676,1229.349,306.096,734.762,1458.913,295.402,781.988,1267.45,381.327,514.526,1384.773,127.593,671.676,1501.979,38.121,683.419,1406.834,9.349,799.842,1195.615,62.09,959.241,1093.113,135.451,1034.46,1077.511,46.976,1013.095,982.823,91.429,1059.79,1019.924,464.774,648.139,1490.377,554.314,594.18,1387.208,606.177,568.032,1150.59,653.01,569.139,966.715,648.138,617.26,882.158,668.96,488.024,899.702,676.659,554.342,844.676,165.438,737.845,1010.395,401.462,756.816,1016.633,278.469,528.291,1066.029,336.398,527.382,1066.28,117.516,585.411,734.276,153.768,722.449,823.055,183.082,653.229,652.158,151.257,500.649,540.155,151.355,400.706,369.402,202.474,488.711,411.775,220.214,434.416,323.393,193.566,265.675,133.07,240.843,200.064,125.703,227.511,367.178,102.719,260.019,407.603,56.046,178.742,372.949,46.912,242.377,446.292,45.666,493.449,760.581,745.932,423.51,817.566,874.545,412.898,886.366,688.122,463.896,852.265,531.805,476.343,913.932,355.628,420.123,952.613,450.753,418.336,982.424,371.796,443.516,1026.71,107.174,392.533,992.333,63.933,414.465,1125.127,163.129,380.143,1189.71,150.835,464.695,1165.705,123.301,404.365,1227.585,175.224,335.885,785.843,1368.669,339.108,780.896,1407.463,288.065,795.416,1374.504,282.047,497.606,1004.865,286.933,502.527,1042.737,330.449,501.441,997.256,103.637,552.698,670.535,95.078,557.066,708.618,105.414,601.118,663.977,140.072,351.258,294.891,130.09,367.356,329.974,146.093,396.205,277.57,499.934,786.079,650.241,506.061,767.483,684.153,503.487,829.833,671.624,483.151,930.465,249.043,487.731,915.802,285.163,488.705,976.067,266.693,201.562,661.059,942.135,384.297,679.218,947.11,207.833,505.05,535.771,412.859,849.765,514.468,231.4,284.877,138.161,408.455,1037.09,126.155,235.067,350.727,101.057,406.847,1109.87,148.257,133.036,669.891,1445.27,454.601,647.138,1434.3,36.537,767.922,1174.37,577.872,531.242,1153.35,103.822,1057.88,1008.44,661.959,551.204,836.735,296.494,690.454,1049.94,234.177,283.621,114.211,-7.073,-2.714,0.746,8.182,1.995,-15.849,11.674,-1.806,15.043,-32.193,2.457,4.996,35.812,-5.047,-3.895,-1.414,3.762,-27.064,4.291,-2.174,18.835,-38.626,0.627,8.132,-4.089,-1.46,-12.469,-4.089,1.46,12.469,24.202,25.841,20.589,49.04,0,-0,5.379,25.035,96.32,8.013,-5.431,7.554,-9.713,22.329,29.179,26.633,-0,0,-6.612,13.899,76.628,8.013,5.431,-7.554,-72.545,0.849,-4.764,-118.366,-0.078,-6.381,13.392,-1.361,-5.427,13.392,1.361,5.427,8.969,-1.657,7.395,8.969,1.657,-7.395,-17.014,3.716,-0.684,-17.014,-3.716,0.684,0.582,2.162,11.997,0,0,0,2.817,0.861,-9.766,4.082,0.487,-10.607,11.853,-0.189,1.601,0.371,-0.159,2.224,-0.259,0.006,0.826,-0.195,-0.12,-0.278,1242.54,-425.684,-25.168,0,0,0,-1345.88,831.138,167.404,-1.162,570.892,246.697,1686.07,238.441,112.308,350.483,46.692,-24.273,-285.849,-34.471,-3.029,30.501,-0.975,-1.501,0,0,0.345,0,0,0.238,0,0,3.101,0,0,-0.038,0,0,0.668,0,0,0.007
31.61,294.901,688.472,943.445,279.207,866.506,900.966,112.091,671.13,938.3,285.905,730.305,1122.095,208.833,523.274,533.778,179.127,938.89,378.104,-234.976,494.697,542.172,206.675,679.159,950.369,230.332,290.684,142.912,79.359,649.741,-75.683,-189.487,150.069,201.892,208.927,516.082,527.927,234.274,354.482,102.409,230.303,431.095,308.355,15.245,336.613,104.833,251.864,149.275,179.086,234.274,354.482,102.409,233.2,409.869,144.715,164.633,355.303,99.566,231.517,312.17,157.733,413.387,868.968,515.242,399.586,1283.603,689.72,-35.311,868.76,480.246,381.227,693.945,928.627,408.002,1045.97,121.885,594.183,1412.011,276.542,10.636,1218.465,191.986,405.683,876.184,526.527,406.676,1119.37,141.844,407.045,1019.779,340.104,186.293,1142.105,153.674,381.049,922.418,42.957,406.676,1119.37,141.844,411.25,1134.673,210.857,336.076,1116.888,147.073,410.223,1050.25,156.936,308.162,745.388,1458.52,329.964,910.25,1433.406,474.872,724.485,1466.028,312.4,719.52,1292.392,39.485,783.72,1173.04,-132.625,540.32,1147.718,265.02,637.964,1041.146,134.453,688.755,1440.378,109.03,1030.59,1019.14,-67.186,948.763,808.247,325.193,890.889,892.725,42.358,793.922,1166.677,106.512,1074.8,1009.84,45.349,1083.179,1066.249,49.674,1059.093,950.545,111.166,993.092,1027.024,579.496,547.665,1151.18,665.425,276.836,1300.931,864.913,677.095,1221.482,459.869,661.933,1426.479,638.648,563.563,881.756,748.31,316.576,891.258,878.943,672.531,940.943,580.757,548.003,1145.433,663.655,566.13,834.568,748.211,583.515,880.324,646.115,662.157,830.496,617.958,561.44,920.796,306.419,875.132,1720.63,306.768,848.352,1728.798,334.352,874.911,1718.713,304.521,866.959,1693.917,235.798,806.768,1714.941,375.618,801.024,1708.62,224.811,671.739,1689.487,364.229,653.028,1675.426,218.513,709.309,1624.241,377.964,712.457,1616.446,306.143,850.185,1719.481,289.505,610.385,1535.127,286.233,584.77,1498.25,293.136,542.639,1227.681,309.069,752.25,1457.467,298.09,799.864,1266.098,383.564,531.873,1382.955,130.505,689.082,1500.885,41.09,700.499,1405.691,11.765,815.294,1194.097,64.675,975.226,1093.179,138.047,1050.526,1078.606,49.9,1030.162,983.366,94.078,1076.498,1021.306,467.658,665.213,1488.352,556.787,611.077,1384.795,607.841,584.41,1148.244,654.759,584.619,964.416,650.36,632.462,879.726,669.972,503.114,897.661,678.368,569.155,842.53,167.102,756.276,1008.674,403.014,775.007,1016.013,280.028,546.71,1064.768,337.885,545.413,1065.135,119.329,603.849,732.349,155.762,740.762,821.192,184.874,671.841,650.116,152.074,518.814,538.453,151.451,413.871,370.809,202.751,503.247,410.116,219.99,446.116,323.47,192.484,271.092,138.348,239.78,205.592,134.131,226.725,371.404,102.976,259.895,408.641,54.94,178.412,374.108,46.818,242.351,445.993,45.747,494.097,780.942,746.347,424.412,836.039,876.396,413.687,905.811,689.362,464.696,871.053,531.234,476.227,929.401,353.769,420.272,969.771,448.351,418.018,997.836,368.571,443.217,1034.831,104.298,390.951,999.182,64.124,414.417,1135.264,156.31,380.497,1199.119,141.542,464.84,1173.52,114.498,405.628,1238.019,164.172,338.77,803.28,1367.305,342.091,798.294,1406.1,291.013,813.077,1373.321,284.049,515.951,1003.104,288.731,520.641,1041.023,332.414,519.829,995.787,105.093,571.418,668.797,96.708,575.827,706.921,106.868,619.847,662.196,139.738,362.031,298.101,129.943,379.231,332.723,145.688,406.368,279.329,500.58,806.17,650.594,506.731,787.316,684.348,503.482,849.74,672.392,482.787,943.407,247.094,487.52,929.639,283.549,488.364,989.383,263.683,203.543,679.406,940.566,386.258,697.537,946.324,208.833,523.274,533.778,413.387,868.968,515.242,230.332,290.684,142.912,408.002,1045.97,121.885,234.274,354.482,102.409,406.676,1119.37,141.844,135.794,687.413,1444.15,457.338,664.35,1432.3,39.485,783.72,1173.04,579.496,547.665,1151.18,106.512,1074.8,1009.84,663.655,566.13,834.568,298.289,707.589,1048.71,233.253,288.498,118.554,-7.104,-3.123,0.686,9.97,1.814,-16.052,10.413,-1.841,15.355,-32.373,2.451,5.597,35.814,-4.709,-3.873,0.068,3.799,-26.857,4.044,-2.126,18.394,-39.387,0.576,7.953,-4.111,-1.916,-12.449,-4.111,1.916,12.449,23.794,25.505,20.071,49.613,0,0,5.936,25.302,96.878,8.127,-5.393,7.609,-9.931,22.387,28.999,26.481,-0,0,-6.796,13.993,76.445,8.127,5.393,-7.609,-69.511,1.039,-4.591,-116.661,0.096,-6.632,13.375,-1.605,-5.419,13.375,1.605,5.419,8.851,-1.444,7.451,8.851,1.444,-7.451,-17.011,3.887,-0.716,-17.011,-3.887,0.716,0.597,2.305,11.408,0,0,0,2.552,0.898,-9.22,4.048,0.475,-9.99,11.23,-0.249,1.903,0.352,-0.175,2.279,-0.201,-0.013,0.844,-0.201,-0.098,-0.216,1231.56,-422.18,-17.957,0,0,0,-1282.05,829.282,154.653,35.34,556.006,248.689,1619.85,253.051,127.715,252.044,49.549,-19.312,-220.554,-34.681,-3.289,22.273,-1.089,-1.972,0,0,0.744,0,0,0.173,0,0,4.026,0,0,-0.026,0,0,0.621,0,0,0.01
31.62,296.997,706.999,942.747,281.832,885.106,900.383,114.193,689.952,936.516,287.025,748.642,1121.39,209.783,542.758,531.601,180.98,958.802,376.905,-234.09,515.596,541.195,209.31,697.751,948.53,229.394,297.746,148.168,75.787,648.851,-81.242,-189.554,157.841,214.564,209.729,535.76,525.609,233.565,358.981,103.905,228.275,447.907,304.81,14.532,341.121,106.043,250.757,158.801,192.963,233.565,358.981,103.905,232.419,416.95,142.596,163.979,360.188,100.036,229.677,320.292,161.756,413.999,888.404,516.518,401.959,1303.104,690.971,-34.79,889.59,482.724,382.4,713.54,930.014,407.633,1053.28,117.86,589.835,1425.669,261.724,8.423,1223.737,182.231,406.376,895.676,527.406,406.557,1127.35,135.162,407.919,1034.978,336.882,186.289,1150.94,147.451,379.993,927.009,43.601,406.557,1127.35,135.162,411.727,1146.024,203.298,335.985,1125.541,141.013,409.84,1059.043,153.634,311.233,762.909,1457.56,333.275,927.782,1432.728,477.927,741.658,1464.426,314.826,737.397,1291.362,42.368,798.998,1171.86,-127.204,553.764,1147.108,269.808,654.895,1041.429,137.36,706.254,1439.968,111.662,1046.37,1019.38,-62.351,964.109,806.832,329.651,908.253,894.367,45.148,808.924,1165.733,108.973,1090.79,1010.55,47.576,1098.27,1066.832,52.413,1075.496,950.882,113.929,1008.916,1026.838,581.168,564.434,1149.26,666.207,293.154,1298.701,867.308,692.557,1219.015,462.637,679.102,1424.866,640.053,579.645,879.772,748.508,332.134,889.5,880.957,687.513,938.499,582.418,564.757,1143.543,665.157,581.875,832.629,749.786,598.627,878.486,648.47,678.043,828.293,619.277,577.799,918.791,310.263,892.604,1719.68,310.629,865.828,1727.859,338.19,892.373,1717.675,308.278,884.42,1692.976,239.651,824.209,1714.223,379.467,818.536,1707.481,228.517,689.19,1688.905,367.899,670.478,1674.4,221.946,726.736,1623.615,381.467,729.886,1615.361,309.974,867.657,1718.54,292.507,627.806,1534.195,289.117,602.275,1497.311,294.971,560.698,1226.453,312.15,769.771,1456.529,300.906,817.881,1265.283,385.85,549.279,1381.533,133.471,706.582,1500.252,44.132,717.522,1404.902,14.138,830.279,1192.678,67.113,990.508,1092.864,140.416,1065.932,1079.119,52.681,1046.154,983.346,96.492,1092.307,1021.991,470.612,682.249,1486.743,559.3,628.034,1382.734,609.528,601.156,1146.179,656.369,600.754,962.356,652.355,648.43,877.598,670.876,518.965,895.752,679.882,584.79,840.608,168.908,775.031,1007.236,404.69,793.203,1016.094,281.229,565.306,1063.934,339.159,563.527,1064.423,121.245,623.156,730.42,158.048,759.635,819.669,186.889,691.489,648.272,152.809,538.33,536.618,151.594,428.25,372.402,202.865,519.078,408.403,219.648,459.126,323.645,191.59,277.695,144.275,239.08,212.722,143.658,225.988,376.298,103.173,259.832,409.833,53.794,178.141,375.436,46.934,242.307,445.63,45.833,494.607,801.03,747.164,425.937,854.831,878.934,414.987,925.431,690.675,465.647,889.964,531.299,476.41,944.846,352.541,420.353,986.791,446.355,417.64,1012.854,365.656,443.12,1041.577,101.702,389.538,1004.419,64.818,414.449,1144.232,149.169,380.916,1207.201,131.575,465.012,1179.873,105.146,406.988,1247.358,152.055,341.79,820.802,1366.495,345.195,815.742,1405.29,294.103,830.824,1372.683,285.72,534.456,1001.758,290.147,538.936,1039.733,334.045,538.257,994.792,106.629,591.236,666.955,98.456,595.579,705.122,108.435,639.68,660.444,139.515,373.984,301.687,129.9,392.29,335.804,145.232,417.655,281.412,501.266,825.869,651.422,507.323,806.827,685.073,503.604,869.307,673.505,482.842,955.927,245.732,487.742,943.206,282.576,488.205,1002.319,261.114,205.643,698.082,939.325,388.35,715.916,946.169,209.783,542.758,531.601,413.999,888.404,516.518,229.394,297.746,148.168,407.633,1053.28,117.86,233.565,358.981,103.905,406.557,1127.35,135.162,138.613,705.03,1443.5,460.122,681.536,1430.72,42.368,798.998,1171.86,581.168,564.434,1149.26,108.973,1090.79,1010.55,665.157,581.875,832.629,300.132,724.848,1047.87,232.534,294.51,123.416,-7.008,-3.616,0.606,11.974,1.697,-16.513,8.75,-1.889,15.793,-32.592,2.64,6.244,35.762,-4.287,-4.142,1.775,3.909,-25.94,3.639,-2.04,17.6,-40.14,0.512,7.706,-4.106,-2.45,-12.353,-4.106,2.45,12.353,23.241,25.146,19.597,50.175,0,-0,6.399,25.576,97.325,8.277,-5.356,7.688,-10.075,22.442,28.895,26.356,0,0,-7.014,14.092,76.23,8.277,5.356,-7.688,-66.016,1.383,-4.487,-114.561,0.354,-6.877,13.341,-1.944,-5.328,13.341,1.944,5.328,8.727,-1.224,7.532,8.727,1.224,-7.532,-17.039,4.066,-0.75,-17.039,-4.066,0.75,0.514,2.505,11.148,0,0,0,2.294,0.867,-9.012,4.11,0.364,-9.693,10.913,-0.427,2.306,0.305,-0.181,2.318,-0.163,-0.032,0.865,-0.211,-0.074,-0.156,1179.79,-417.755,12.242,0,0,0,-1302.52,731.986,121.404,147.84,492.22,218.362,1524.03,249.992,118.899,156.533,41.603,-14.499,-162.119,-33.656,-3.22,12.496,-1.337,-2.122,0,0,1.093,0,0,-0.261,0,0,4.824,0,0,-0.027,0,0,0.526,0,0,0.006
31.63,299.211,725.623,942.537,284.9,903.84,900.339,116.406,709.146,934.945,288.061,767.024,1121.166,210.627,563.632,529.182,183.15,980.582,376.7,-233.328,538.357,540.07,212.169,716.494,946.895,228.652,306.263,153.937,70.911,648.241,-86.204,-188.822,166.104,228.566,210.436,557.072,523.074,232.982,364.35,105.632,225.652,466.761,299.944,14.005,345.766,107.167,250.128,170.79,208.294,232.982,364.35,105.632,231.78,424.973,140.013,163.471,365.799,100.648,227.933,329.978,166.062,414.742,907.95,518.187,406.753,1322.723,692.699,-34.165,912.707,486.33,383.538,733.32,931.812,407.374,1059.25,114.354,582.589,1439.344,246.249,5.046,1224.712,171.997,407.571,915.309,528.901,406.501,1133.97,128.652,409.061,1049.833,333.932,186.347,1158.365,141.396,379.097,930.129,45.447,406.501,1133.97,128.652,412.318,1156.149,195.676,335.969,1132.896,135.128,409.545,1066.703,150.647,314.386,780.445,1457.15,336.735,945.316,1432.584,481.052,758.777,1463.355,317.304,755.276,1290.887,45.177,813.765,1170.89,-121.93,566.721,1147.406,274.389,670.957,1042.148,140.275,723.863,1439.927,114.123,1061.27,1019.09,-57.842,978.03,805.26,333.811,924.394,895.697,47.873,823.447,1164.949,111.205,1105.84,1010.55,49.541,1112.555,1066.635,54.974,1090.657,950.544,116.569,1023.879,1026.261,582.866,581.543,1147.63,667.4,309.782,1296.484,869.608,708.628,1216.809,465.433,696.228,1423.699,641.276,596.495,878.059,748.843,348.59,887.616,882.686,703.49,936.301,584.098,581.859,1141.944,666.451,598.463,830.956,751.149,614.61,876.901,650.527,694.753,826.47,620.428,594.864,917.063,314.222,910.175,1719.14,314.602,883.406,1727.343,342.142,909.929,1717.044,312.146,901.967,1692.451,243.625,841.747,1713.965,383.417,836.143,1706.77,232.34,706.727,1688.852,371.671,688.009,1673.889,225.453,744.221,1623.496,385.083,747.363,1614.759,313.919,885.227,1718.019,295.57,645.29,1533.748,292.027,619.833,1496.848,296.786,578.787,1225.713,315.316,787.307,1456.129,303.82,835.999,1265.027,388.167,566.721,1380.544,136.471,724.165,1500.108,47.215,734.469,1404.508,16.469,844.809,1191.411,69.4,1005.092,1092.18,142.554,1080.688,1079.036,55.313,1061.053,982.755,98.669,1107.209,1021.953,473.612,699.239,1485.589,561.821,645.032,1381.077,611.22,618.259,1144.441,657.828,617.549,960.582,654.095,665.183,875.823,671.667,535.591,894.014,681.189,601.273,838.95,170.884,793.992,1006.139,406.505,811.325,1016.85,282.054,583.993,1063.516,340.217,581.653,1064.161,123.214,643.366,728.471,160.594,779.036,818.523,189.008,712.26,646.632,153.437,559.288,534.627,151.803,443.996,374.168,202.782,536.347,406.619,219.189,473.61,323.896,190.957,285.713,150.905,238.84,221.785,154.333,225.333,381.931,103.398,259.831,411.262,52.731,177.962,377.003,47.431,242.231,445.246,45.861,495.145,820.537,748.275,428.174,873.785,881.766,416.773,944.96,692.036,466.771,908.961,532.032,477.01,960.336,352.043,420.394,1003.595,444.875,417.263,1027.467,363.2,443.243,1047.295,99.539,388.432,1008.5,65.928,414.566,1152.185,142.153,381.361,1214.147,121.614,465.187,1185.103,95.877,408.321,1255.69,139.658,344.915,838.389,1366.258,348.391,833.223,1405.051,297.305,848.633,1372.607,287.035,553.045,1000.819,291.152,557.337,1038.857,335.321,556.653,994.262,108.198,612.186,664.977,100.275,616.336,703.192,110.074,660.653,658.71,139.44,387.282,305.639,130,406.693,339.2,144.758,430.224,283.815,502.098,845.024,652.63,507.992,825.869,686.231,504.017,888.386,674.86,483.441,968.194,245.058,488.522,956.634,282.317,488.289,1015.012,259.132,207.858,716.991,938.434,390.564,734.254,946.64,210.627,563.632,529.182,414.742,907.95,518.187,228.652,306.263,153.937,407.374,1059.25,114.354,232.982,364.35,105.632,406.501,1133.97,128.652,141.485,722.719,1443.35,462.921,698.68,1429.6,45.177,813.765,1170.89,582.866,581.543,1147.63,111.205,1105.84,1010.55,666.451,598.463,830.956,302.005,742.207,1047.46,232.087,301.858,128.865,-6.761,-4.191,0.485,14.222,1.663,-17.214,6.684,-1.951,16.35,-32.893,3.056,6.888,35.69,-3.773,-4.657,3.678,4.059,-24.293,3.165,-1.913,16.406,-40.796,0.421,7.424,-4.067,-3.056,-12.179,-4.067,3.056,12.179,22.563,24.769,19.172,50.713,-0,0,6.761,25.858,97.645,8.45,-5.314,7.783,-10.131,22.494,28.855,26.259,-0,0,-7.257,14.199,75.997,8.45,5.314,-7.783,-62.059,1.917,-4.475,-112.205,0.666,-7.095,13.292,-2.369,-5.15,13.292,2.369,5.15,8.608,-0.994,7.638,8.608,0.994,-7.638,-17.095,4.252,-0.78,-17.095,-4.252,0.78,0.506,2.687,10.505,0,0,0,1.875,0.906,-8.449,3.969,0.332,-9.072,10.223,-0.483,2.611,0.233,-0.18,2.335,-0.147,-0.049,0.883,-0.223,-0.05,-0.104,1122.76,-396.919,26.665,0,0,0,-1179.02,706.305,95.476,185.203,462.767,204.783,1409.68,245.302,131.547,78.295,25.206,-10.247,-111.343,-29.914,-3.232,2.272,-1.683,-2.377,0,0,1.458,0,0,-0.492,0,0,5.379,0,0,-0.026,0,0,0.405,0,0,-0.004
31.64,301.525,744.241,942.806,288.371,922.601,900.836,118.717,728.606,933.656,289.069,785.351,1121.416,211.318,586.018,526.464,185.299,1004.366,377.598,-232.71,562.827,538.9,215.253,735.351,945.436,228.148,316.416,160.227,64.804,648.04,-90.458,-187.213,175.133,243.973,211.031,580.164,520.286,232.562,370.721,107.713,222.359,487.456,293.637,13.727,350.482,108.411,250.055,185.621,224.891,232.562,370.721,107.713,231.3,433.95,137.025,163.142,372.17,101.598,226.405,341.418,170.658,415.624,927.483,520.17,413.365,1342.207,694.965,-33.378,937.358,490.938,384.852,752.952,933.869,407.229,1064.07,111.545,572.45,1452.828,230.446,0.7,1221.399,162.044,409.338,934.907,530.926,406.5,1139.33,122.668,410.314,1063.966,331.309,186.449,1164.455,135.766,378.424,932.172,48.353,406.5,1139.33,122.668,412.949,1164.888,188.418,336.015,1138.998,129.711,409.349,1073.265,148.069,317.591,797.975,1457.28,340.302,962.829,1432.931,484.219,775.836,1462.806,319.802,773.105,1290.961,47.918,828.032,1170.19,-116.855,579.25,1148.648,278.744,686.136,1043.337,143.186,741.547,1440.285,116.402,1075.27,1018.25,-53.716,990.458,803.562,337.639,939.271,896.668,50.54,837.499,1164.37,113.205,1119.96,1009.83,51.246,1126.047,1065.662,57.349,1104.603,949.519,119.068,1037.983,1025.273,584.556,598.982,1146.33,668.926,326.695,1294.312,871.792,725.265,1214.926,468.219,713.304,1423.013,642.303,614.116,876.659,749.273,365.931,885.637,884.129,720.435,934.41,585.767,599.299,1140.672,667.53,615.914,829.583,752.296,631.489,875.601,652.261,712.31,825.082,621.409,612.627,915.65,318.286,927.818,1719,318.68,901.06,1727.239,346.199,927.554,1716.808,316.114,919.574,1692.329,247.697,859.365,1714.175,387.447,853.807,1706.483,236.256,724.329,1689.321,375.51,705.595,1673.875,229.017,761.748,1623.885,388.782,764.867,1614.626,317.965,902.868,1717.92,298.672,662.823,1533.793,294.946,637.423,1496.869,298.555,596.841,1225.487,318.536,804.836,1456.267,306.801,854.156,1265.324,390.496,584.174,1380.018,139.486,741.814,1500.466,50.297,751.334,1404.552,18.774,858.903,1190.354,71.537,1018.99,1091.14,144.459,1094.805,1078.343,57.784,1074.851,981.594,100.61,1121.203,1021.177,476.63,716.182,1484.922,564.323,662.06,1379.865,612.894,635.705,1143.073,659.126,635.007,959.141,655.56,682.726,874.449,672.341,553,892.485,682.279,618.624,837.59,173.067,813.013,1005.445,408.48,829.297,1018.22,282.52,602.674,1063.495,341.078,599.715,1064.347,125.186,664.499,726.473,163.364,798.915,817.777,191.087,734.218,645.201,153.953,581.755,532.451,152.097,461.265,376.082,202.496,555.185,404.749,218.629,489.712,324.2,190.63,295.379,158.289,239.11,233.099,166.161,224.788,388.387,103.789,259.877,413.05,51.92,177.899,378.92,48.523,242.106,444.928,45.765,495.852,839.317,749.612,431.126,892.696,884.586,418.951,964.207,693.512,468.059,927.978,533.406,478.059,975.798,352.263,420.439,1020.069,443.926,416.949,1041.605,361.261,443.558,1052.204,97.883,387.706,1011.742,67.307,414.751,1159.186,135.611,381.791,1220.077,112.207,465.349,1189.444,87.211,409.507,1263.017,127.651,348.113,856.013,1366.581,351.647,850.718,1405.369,300.581,866.473,1373.077,288,571.647,1000.256,291.751,575.764,1038.362,336.25,574.954,994.163,109.755,634.271,662.825,102.106,638.076,701.096,111.743,682.767,656.983,139.541,402.102,309.929,130.274,422.609,342.878,144.306,444.24,286.519,503.157,863.621,654.148,508.874,844.415,687.738,504.801,906.955,676.411,484.6,980.215,245.072,489.874,969.901,282.746,488.618,1027.446,257.77,210.172,736.03,937.924,392.879,752.451,947.688,211.318,586.018,526.464,415.624,927.483,520.17,228.148,316.416,160.227,407.229,1064.07,111.545,232.562,370.721,107.713,406.5,1139.33,122.668,144.391,740.453,1443.7,465.71,715.769,1428.98,47.918,828.032,1170.19,584.556,598.982,1146.33,113.205,1119.96,1009.83,667.53,615.914,829.583,303.884,759.64,1047.49,231.949,310.743,134.975,-6.345,-4.835,0.297,16.736,1.72,-18.108,4.233,-2.024,17,-33.325,3.711,7.443,35.628,-3.168,-5.332,5.75,4.205,-22.011,2.721,-1.748,14.836,-41.285,0.31,7.143,-3.99,-3.709,-11.929,-3.99,3.709,11.929,21.781,24.373,18.804,51.2,-0,0,7.044,26.15,97.84,8.633,-5.273,7.891,-10.094,22.541,28.863,26.192,-0,0,-7.509,14.315,75.761,8.633,5.273,-7.891,-57.664,2.67,-4.565,-109.734,0.993,-7.27,13.224,-2.855,-4.888,13.224,2.855,4.888,8.505,-0.754,7.761,8.505,0.754,-7.761,-17.176,4.449,-0.809,-17.176,-4.449,0.809,0.446,2.733,9.584,0,0,0,1.437,0.869,-7.587,3.739,0.248,-8.172,9.219,-0.567,2.873,0.142,-0.172,2.328,-0.153,-0.062,0.893,-0.235,-0.03,-0.061,1024.45,-359.488,41.764,0,0,0,-1066.24,617.293,66.156,246.57,398.83,176.249,1239.48,223.453,134.33,31.125,5.291,-7.029,-68.382,-23.094,-3.491,-7.121,-2.075,-2.877,0,0,1.692,0,0,-0.918,0,0,5.465,0,0,-0.012,0,0,0.274,0,0,-0.014
31.65,303.926,762.744,943.543,292.19,941.269,901.857,121.118,748.204,932.738,290.125,803.537,1122.127,211.831,609.996,523.411,187.067,1030.216,379.693,-232.235,588.748,537.8,218.559,754.275,944.115,227.897,328.349,167.048,57.752,648.428,-93.91,-184.754,185.381,260.74,211.508,605.132,517.222,232.319,378.229,110.314,218.348,509.64,285.913,13.754,355.25,110.121,250.564,203.581,242.465,232.319,378.229,110.314,230.951,443.856,133.763,162.992,379.341,103.159,225.209,354.766,175.564,416.621,946.845,522.411,420.993,1361.331,697.732,-32.412,962.582,496.403,386.538,772.177,936.103,407.197,1067.92,109.505,560.209,1465.564,214.552,-4.065,1214.643,153.144,411.618,954.255,533.332,406.536,1143.58,117.457,411.541,1077.057,329.058,186.565,1169.302,130.747,378.019,933.488,52.083,406.536,1143.58,117.457,413.524,1172.2,181.877,336.097,1143.922,124.945,409.25,1078.782,145.95,320.814,815.478,1457.93,343.925,980.298,1433.728,487.395,792.829,1462.761,322.289,790.843,1291.568,50.61,841.819,1169.8,-111.98,591.398,1150.811,282.896,700.466,1045.023,146.081,759.264,1441.051,118.493,1088.37,1016.87,-50.001,1001.347,801.787,341.128,952.89,897.276,53.167,851.103,1164.045,114.972,1133.14,1008.36,52.71,1138.796,1063.899,59.519,1117.274,947.81,121.414,1051.229,1023.924,586.207,616.743,1145.39,670.669,343.851,1292.2,873.861,742.376,1213.427,470.973,730.336,1422.834,643.132,632.507,875.606,749.726,384.126,883.584,885.31,738.279,932.887,587.396,617.073,1139.754,668.388,634.242,828.535,753.221,649.282,874.608,653.647,730.726,824.182,622.219,631.07,914.581,322.433,945.495,1719.27,322.843,918.751,1727.552,350.337,945.211,1716.972,320.154,937.208,1692.622,251.84,877.037,1714.839,391.532,871.489,1706.594,240.233,741.972,1690.282,379.375,723.203,1674.312,232.618,779.3,1624.762,392.521,782.368,1614.924,322.094,920.544,1718.229,301.781,680.383,1534.317,297.854,655.017,1497.361,300.262,614.8,1225.776,321.776,822.338,1456.915,309.814,872.281,1266.136,392.816,601.611,1379.972,142.496,759.508,1501.321,53.336,768.118,1405.067,21.079,872.585,1189.557,73.529,1032.222,1089.762,146.133,1108.297,1077.028,60.08,1087.552,979.878,102.315,1134.294,1019.654,479.635,733.087,1484.75,566.781,679.117,1379.126,614.531,653.476,1142.105,660.26,653.121,958.071,656.738,701.056,873.515,672.901,571.194,891.194,683.149,636.859,836.552,175.504,831.945,1005.202,410.63,847.051,1020.118,282.683,621.249,1063.846,341.78,617.643,1064.957,127.119,686.542,724.401,166.312,819.206,817.447,192.977,757.378,643.988,154.376,605.746,530.073,152.486,480.201,378.11,202.034,575.683,402.791,218.009,507.539,324.546,190.617,306.911,166.456,239.89,246.937,179.089,224.363,395.778,104.525,259.939,415.366,51.557,177.969,381.349,50.451,241.908,444.823,45.492,496.822,857.372,751.145,434.719,911.35,887.225,421.394,983.044,695.185,469.479,946.883,535.315,479.497,991.02,353.08,420.543,1036.065,443.437,416.752,1055.161,359.808,444,1056.427,96.737,387.374,1014.344,68.791,414.965,1165.25,129.773,382.163,1225.064,103.733,465.487,1193.048,79.523,410.449,1269.308,116.546,351.342,873.635,1367.417,354.926,868.203,1406.2,303.882,884.303,1374.047,288.644,590.191,1000.017,291.98,594.136,1038.195,336.863,593.111,994.442,111.263,657.443,660.475,103.9,660.729,698.81,113.402,705.971,655.259,139.834,418.608,314.513,130.74,440.203,346.789,143.921,459.862,289.499,504.488,881.724,655.916,510.068,862.515,689.52,505.955,925.059,678.139,486.223,991.869,245.679,491.694,982.847,283.742,489.146,1039.477,256.958,212.573,755.081,937.833,395.279,770.406,949.254,211.831,609.996,523.411,416.621,946.845,522.411,227.897,328.349,167.048,407.197,1067.92,109.505,232.319,378.229,110.314,406.536,1143.58,117.457,147.308,758.204,1444.54,468.471,732.803,1428.85,50.61,841.819,1169.8,586.207,616.743,1145.39,114.972,1133.14,1008.36,668.388,634.242,828.535,305.751,777.113,1047.96,232.127,321.358,141.807,-5.745,-5.53,0.021,19.532,1.856,-19.107,1.448,-2.102,17.686,-33.941,4.587,7.806,35.592,-2.474,-6.06,7.942,4.297,-19.327,2.389,-1.561,13.029,-41.57,0.203,6.889,-3.876,-4.381,-11.61,-3.876,4.381,11.61,20.919,23.956,18.495,51.613,-0,0,7.211,26.422,97.909,8.811,-5.245,8.014,-9.962,22.58,28.895,26.156,0,-0,-7.743,14.44,75.546,8.811,5.245,-8.014,-52.886,3.657,-4.762,-107.285,1.303,-7.385,13.139,-3.372,-4.548,13.139,3.372,4.548,8.423,-0.503,7.899,8.423,0.503,-7.899,-17.274,4.669,-0.842,-17.274,-4.669,0.842,0,0,0,0,0,0,0.761,-0.292,2.371,0.227,-0.073,1.192,-0.355,-0.054,0.025,0.038,-0.16,2.295,-0.175,-0.07,0.89,-0.246,-0.014,-0.027,0,0,0,0,0,0,-523.124,-54.756,30.71,15.882,-60.752,6.54,3.503,-5.454,6.672,22.632,-12.442,-4.869,-32.344,-14.68,-3.784,-14.843,-2.453,-3.354,0,0,0.585,0,0,-0.053,0,0,0.011,0,0,0.011,0,0,0.144,0,0,-0.018
31.66,306.416,781.04,944.704,296.304,959.744,903.358,123.616,767.808,932.222,291.295,821.495,1123.258,212.169,635.579,520.03,188.11,1058.089,383.064,-231.876,615.756,536.882,222.072,773.222,942.889,227.898,342.167,174.407,50.25,649.655,-96.502,-181.594,197.439,278.661,211.887,632.001,513.875,232.249,387.022,113.617,213.66,532.862,276.97,14.127,360.172,112.766,251.642,224.822,260.634,232.249,387.022,113.617,230.675,454.647,130.44,163,387.388,105.668,224.449,370.129,180.792,417.692,965.806,524.848,428.791,1379.911,700.771,-31.299,987.326,502.519,388.735,790.852,938.499,407.253,1070.96,108.207,547.066,1476.936,198.785,-8.646,1205.787,145.868,414.265,973.115,535.928,406.575,1146.87,113.132,412.654,1088.86,327.196,186.652,1172.983,126.454,377.897,934.318,56.346,406.575,1146.87,113.132,413.951,1178.127,176.271,336.172,1147.765,120.914,409.211,1083.308,144.291,324.015,832.933,1459.02,347.539,997.705,1434.885,490.543,809.763,1463.146,324.732,808.458,1292.629,53.281,855.166,1169.76,-107.286,603.23,1153.836,286.896,714.019,1047.251,148.932,776.982,1442.239,120.384,1100.61,1014.93,-46.695,1010.676,799.941,344.293,965.327,897.51,55.782,864.317,1163.981,116.507,1145.39,1006.15,53.941,1150.796,1061.372,61.475,1128.723,945.43,123.587,1063.621,1022.177,587.786,634.82,1144.78,672.47,361.194,1290.09,875.824,759.836,1212.328,473.679,747.325,1423.131,643.767,651.654,874.914,750.1,403.12,881.468,886.268,756.906,931.783,588.946,635.168,1139.19,669.024,653.448,827.825,753.929,667.997,873.921,654.663,750.004,823.801,622.869,650.169,913.874,326.646,963.169,1719.91,327.069,936.44,1728.239,354.54,962.858,1717.497,324.25,954.835,1693.287,256.024,894.73,1715.928,395.644,889.14,1707.065,244.228,759.63,1691.685,383.227,740.796,1675.137,236.23,796.858,1626.083,396.251,799.836,1615.595,326.283,938.216,1718.917,304.862,697.936,1535.285,300.731,672.584,1498.295,301.901,632.615,1226.556,324.994,839.791,1458.016,312.821,890.292,1267.397,395.115,619.004,1380.401,145.485,777.217,1502.647,56.298,784.831,1406.067,23.409,885.892,1189.061,75.378,1044.816,1088.065,147.581,1121.182,1075.08,62.185,1099.171,977.632,103.788,1146.493,1017.384,482.593,749.965,1485.065,569.179,696.211,1378.868,616.113,671.553,1141.554,661.237,671.88,957.393,657.624,720.161,873.044,673.36,590.167,890.155,683.798,655.98,835.846,178.231,850.652,1005.436,412.966,864.533,1022.449,282.632,639.625,1064.54,342.38,635.381,1065.948,128.981,709.433,722.249,169.383,839.832,817.538,194.542,781.685,643.017,154.75,631.216,527.503,152.971,500.914,380.214,201.464,597.887,400.769,217.389,527.149,324.937,190.897,320.49,175.401,241.144,263.499,192.985,224.053,404.246,105.802,259.973,418.427,51.85,178.178,384.506,53.451,241.603,445.161,45.02,498.102,874.808,752.867,438.81,929.576,889.654,423.975,1001.375,697.09,470.984,965.45,537.574,481.191,1005.7,354.297,420.773,1051.417,443.277,416.718,1068.008,358.754,444.488,1060.034,96.055,387.389,1016.423,70.231,415.156,1170.388,124.758,382.43,1229.174,96.394,465.586,1196.017,73.036,411.076,1274.549,106.671,354.554,891.212,1368.694,358.187,885.649,1407.469,307.157,902.073,1375.444,289.018,608.62,1000.046,291.908,612.386,1038.297,337.216,611.084,995.037,112.706,681.59,657.935,105.621,684.173,696.334,115.016,730.153,653.561,140.318,436.937,319.336,131.399,459.609,350.877,143.645,477.225,292.719,506.091,899.39,657.873,511.608,880.213,691.504,507.421,942.742,680.025,488.123,1002.945,246.716,493.789,995.224,285.119,489.794,1050.879,256.559,215.067,774.032,938.155,397.765,788.048,951.253,212.169,635.579,520.03,417.692,965.806,524.848,227.898,342.167,174.407,407.253,1070.96,108.207,232.249,387.022,113.617,406.575,1146.87,113.132,150.204,775.942,1445.86,471.183,749.785,1429.22,53.281,855.166,1169.76,587.786,634.82,1144.78,116.507,1145.39,1006.15,669.024,653.448,827.825,307.597,794.586,1048.83,232.598,333.872,149.394,-4.954,-6.26,-0.365,22.615,2.044,-20.097,-1.59,-2.174,18.324,-34.774,5.623,7.871,35.572,-1.695,-6.743,10.179,4.299,-16.538,2.216,-1.372,11.175,-41.645,0.129,6.666,-3.728,-5.049,-11.233,-3.728,5.049,11.233,19.999,23.514,18.247,51.922,-0,-0,7.307,26.676,97.88,8.974,-5.228,8.131,-9.737,22.601,28.919,26.146,-0,-0,-7.933,14.566,75.386,8.974,5.228,-8.131,-47.811,4.871,-5.062,-104.958,1.583,-7.427,13.038,-3.896,-4.14,13.038,3.896,4.14,8.367,-0.244,8.041,8.367,0.244,-8.041,-17.382,4.909,-0.869,-17.382,-4.909,0.869,0,0,0,0,0,0,0.727,-0.293,2.364,0.203,-0.074,1.219,-0.366,-0.058,0.019,-0.069,-0.143,2.237,-0.209,-0.073,0.873,-0.251,-0.001,-0.003,0,0,0,0,0,0,-536.08,-50.774,34.717,28.345,-60.212,6.475,-2.857,-5.833,6.36,50.941,-21.01,-3.498,-2.287,-6.394,-3.804,-20.623,-2.767,-3.469,0,0,0.792,0,0,-0.128,0,0,-0.021,0,0,0.029,0,0,0.026,0,0,-0.015
31.67,309.014,799.049,946.236,300.668,977.931,905.267,126.233,787.286,932.109,292.634,839.171,1124.754,212.357,662.708,516.382,188.104,1087.828,387.78,-231.586,643.396,536.263,225.775,792.144,941.728,228.134,357.927,182.299,42.89,652.036,-98.206,-177.981,211.886,297.37,212.189,660.698,510.284,232.328,397.26,117.789,208.441,556.651,267.197,14.864,365.522,116.88,253.245,249.32,278.957,232.328,397.26,117.789,230.371,466.277,127.355,163.128,396.453,109.455,224.187,387.529,186.329,418.804,984.054,527.39,436.043,1397.802,703.659,-30.096,1010.601,508.98,391.483,808.945,941.087,407.357,1073.4,107.548,534.533,1486.474,183.472,-12.524,1196.613,140.51,417.067,991.201,538.497,406.576,1149.45,109.705,413.616,1099.292,325.714,186.667,1175.707,122.969,378.014,934.927,60.823,406.576,1149.45,109.705,414.141,1182.878,171.699,336.192,1150.74,117.598,409.171,1087.009,143.057,327.147,850.318,1460.49,351.073,1015.03,1436.345,493.619,826.639,1463.918,327.105,825.931,1294.084,55.946,868.111,1170.08,-102.785,614.819,1157.646,290.757,726.856,1050.008,151.732,794.647,1443.822,122.072,1112.01,1012.47,-43.822,1018.46,798.107,347.127,976.623,897.386,58.407,877.186,1164.22,117.813,1156.73,1003.22,54.955,1162.093,1058.113,63.208,1138.96,942.428,125.579,1075.191,1020.079,589.268,653.197,1144.54,674.231,378.709,1288.049,877.669,777.58,1211.701,476.294,764.293,1423.917,644.223,671.542,874.581,750.368,422.886,879.291,887.031,776.262,931.124,590.403,653.576,1138.966,669.443,673.525,827.449,754.435,687.632,873.523,655.305,770.134,823.949,623.379,669.902,913.533,330.895,980.801,1720.89,331.33,954.087,1729.267,358.777,980.458,1718.348,328.367,972.42,1694.294,260.219,912.409,1717.396,399.754,906.713,1707.845,248.189,777.277,1693.469,387.028,758.338,1676.278,239.817,814.4,1627.791,399.921,817.238,1616.575,330.502,955.847,1719.948,307.875,715.446,1536.652,303.55,690.089,1499.631,303.48,650.25,1227.783,328.143,857.174,1459.494,315.778,908.111,1269.022,397.382,636.327,1381.287,148.432,794.906,1504.4,59.16,801.481,1407.542,25.788,898.865,1188.887,77.09,1056.807,1086.069,148.815,1133.48,1072.496,64.083,1109.738,974.889,105.035,1157.821,1014.379,485.469,766.828,1485.833,571.509,713.357,1379.078,617.631,689.912,1141.413,662.067,691.269,957.108,658.227,740.026,873.04,673.735,609.906,889.366,684.232,675.98,835.466,181.271,869.033,1006.134,415.49,881.705,1025.115,282.489,657.726,1065.547,342.948,652.885,1067.262,130.761,733.049,720.054,172.511,860.705,818.053,195.685,807.006,642.329,155.13,658.054,524.787,153.54,523.453,382.364,200.878,621.776,398.738,216.836,548.54,325.4,191.428,336.241,185.068,242.809,282.884,207.629,223.835,413.958,107.797,259.94,422.505,52.981,178.526,388.66,57.708,241.154,446.256,44.375,499.685,891.758,754.771,443.205,947.267,891.937,426.597,1019.113,699.168,472.527,983.364,539.951,482.973,1019.501,355.68,421.186,1065.962,443.291,416.87,1080.024,357.979,444.935,1063.072,95.757,387.666,1018.051,71.514,415.263,1174.628,120.591,382.554,1232.478,90.243,465.632,1198.431,67.827,411.35,1278.768,98.18,357.696,908.699,1370.321,361.38,903.026,1409.089,310.344,919.728,1377.176,289.19,626.884,1000.298,291.626,630.453,1038.617,337.386,628.842,995.891,114.088,706.541,655.256,107.254,708.236,693.711,116.555,755.133,651.944,140.978,457.173,324.336,132.235,480.91,355.081,143.515,496.421,296.139,507.911,916.602,659.939,513.457,897.489,693.609,509.108,959.979,682.012,490.071,1013.2,247.994,495.92,1006.749,286.668,490.473,1061.401,256.408,217.674,792.776,938.864,400.354,805.323,953.608,212.357,662.708,516.382,418.804,984.054,527.39,228.134,357.927,182.299,407.357,1073.4,107.548,232.328,397.26,117.789,406.576,1149.45,109.705,153.053,793.633,1447.6,473.822,766.724,1430.03,55.946,868.111,1170.08,589.268,653.197,1144.54,117.813,1156.73,1003.22,669.443,673.525,827.449,309.424,812.009,1050.04,233.322,348.421,157.713,-3.971,-7.018,-0.882,25.966,2.236,-20.95,-4.776,-2.23,18.814,-35.804,6.707,7.565,35.533,-0.838,-7.303,12.348,4.203,-13.961,2.214,-1.203,9.489,-41.532,0.134,6.459,-3.555,-5.693,-10.809,-3.555,5.693,10.809,19.044,23.052,18.066,52.104,0,-0,7.323,26.894,97.758,9.11,-5.241,8.24,-9.43,22.603,28.917,26.168,0,0,-8.06,14.683,75.297,9.11,5.241,-8.24,-42.549,6.268,-5.462,-102.836,1.833,-7.397,12.925,-4.411,-3.682,12.925,4.411,3.682,8.337,0.015,8.179,8.337,-0.015,-8.179,-17.491,5.179,-0.895,-17.491,-5.179,0.895,0,0,0,0,0,0,0.673,-0.289,2.343,0.17,-0.074,1.226,-0.371,-0.062,0.014,-0.172,-0.124,2.159,-0.249,-0.073,0.841,-0.251,0.008,0.013,0,0,0,0,0,0,-537.581,-46.922,38.841,45.799,-59.149,6.352,-10.222,-6.147,5.683,105.883,-16.553,-2.586,21.138,0.13,-3.393,-24.354,-2.98,-3.069,0,0,0.985,0,0,-0.251,0,0,-0.06,0,0,0.037,0,0,-0.063,0,0,-0.005
31.68,311.72,816.726,948.079,305.211,995.775,907.508,128.97,806.533,932.411,294.198,856.531,1126.56,212.443,691.239,512.593,186.816,1119.151,393.9,-231.292,671.167,536.037,229.64,810.997,940.63,228.587,375.648,190.691,36.318,655.964,-99.058,-174.242,229.214,316.329,212.443,691.051,506.538,232.521,409.119,122.938,202.962,580.619,257.15,15.945,371.788,122.942,255.322,276.858,296.967,232.521,409.119,122.938,229.916,478.748,124.877,163.337,406.758,114.769,224.427,406.89,192.135,419.937,1001.27,529.91,442.379,1414.905,705.856,-28.853,1031.792,515.399,394.668,826.544,943.899,407.45,1075.44,107.37,524.014,1494.006,168.88,-15.431,1188.854,136.984,419.799,1008.299,540.853,406.495,1151.51,107.09,414.396,1108.32,324.57,186.571,1177.68,120.277,378.276,935.466,65.21,406.495,1151.51,107.09,414.015,1186.662,168.129,336.105,1153.013,114.896,409.073,1090.028,142.179,330.166,867.611,1462.27,354.456,1032.258,1438.046,496.584,843.466,1465.035,329.395,843.242,1295.864,58.61,880.707,1170.77,-98.504,626.25,1162.156,294.483,739.045,1053.287,154.452,812.219,1445.78,123.549,1122.6,1009.48,-41.396,1024.745,796.31,349.623,986.824,896.878,61.038,889.762,1164.731,118.896,1167.17,999.567,55.773,1172.717,1054.137,64.704,1148.006,938.829,127.373,1085.96,1017.627,590.636,671.863,1144.61,675.836,396.352,1286.003,879.414,795.505,1211.523,478.807,781.242,1425.123,644.516,692.149,874.588,750.462,443.376,877.039,887.64,796.245,930.922,591.745,672.28,1139.048,669.654,694.454,827.389,754.754,708.171,873.381,655.577,791.096,824.612,623.771,690.246,913.543,335.145,998.352,1722.18,335.589,971.651,1730.599,363.014,997.97,1719.497,332.471,989.93,1695.611,264.391,930.038,1719.191,403.823,924.166,1708.884,252.059,794.887,1695.567,390.745,775.793,1677.67,243.339,831.904,1629.821,403.479,834.546,1617.802,334.716,973.397,1721.278,310.778,732.872,1538.362,306.286,707.496,1501.318,305.026,667.678,1229.406,331.177,874.464,1461.264,318.639,925.671,1270.92,399.612,653.555,1382.592,151.315,812.533,1506.52,61.908,818.075,1409.454,28.222,911.557,1189.036,78.667,1068.237,1083.787,149.846,1145.214,1069.275,65.758,1119.294,971.687,106.064,1168.304,1010.657,488.227,783.687,1487.003,573.766,730.573,1379.719,619.079,708.53,1141.655,662.764,711.262,957.196,658.56,760.632,873.49,674.047,630.39,888.805,684.461,696.841,835.392,184.616,887.034,1007.251,418.19,898.551,1028.022,282.386,675.502,1066.844,343.561,670.13,1068.842,132.465,757.215,717.898,175.617,881.727,818.996,196.362,833.14,641.984,155.572,686.092,522.024,154.173,547.799,384.537,200.381,647.271,396.791,216.421,571.653,325.978,192.163,354.217,195.334,244.823,305.073,222.704,223.678,425.105,110.629,259.811,427.929,55.079,179.012,394.133,63.312,240.521,448.512,43.645,501.514,908.3,756.826,447.676,964.392,894.163,429.199,1036.154,701.266,474.067,1000.276,542.207,484.673,1032.126,357.011,421.818,1079.557,443.325,417.207,1091.11,357.358,445.265,1065.583,95.754,388.093,1019.288,72.574,415.234,1178.032,117.227,382.508,1235.061,85.216,465.61,1200.36,63.857,411.266,1282.043,91.088,360.714,926.055,1372.204,364.449,920.303,1410.966,313.385,937.211,1379.144,289.247,644.934,1000.745,291.248,648.286,1039.126,337.471,646.356,996.958,115.429,732.071,652.54,108.808,732.715,691.037,117.993,780.686,650.495,141.787,479.331,329.445,133.212,504.116,359.345,143.553,517.486,299.718,509.855,933.238,662.018,515.516,914.232,695.747,510.918,976.656,684.002,491.842,1022.414,249.33,497.854,1017.166,288.197,491.106,1070.819,256.344,220.395,811.238,939.935,403.045,822.214,956.222,212.443,691.239,512.593,419.937,1001.27,529.91,228.587,375.648,190.691,407.45,1075.44,107.37,232.521,409.119,122.938,406.495,1151.51,107.09,155.824,811.24,1449.71,476.365,783.63,1431.25,58.61,880.707,1170.77,590.636,671.863,1144.61,118.896,1167.17,999.567,669.654,694.454,827.389,311.244,829.336,1051.55,234.25,365.089,166.667,-2.807,-7.786,-1.544,29.547,2.376,-21.545,-7.982,-2.258,19.055,-36.959,7.69,6.886,35.419,0.061,-7.698,14.334,4.03,-11.842,2.377,-1.07,8.154,-41.28,0.261,6.259,-3.369,-6.287,-10.352,-3.369,6.287,10.352,18.073,22.576,17.958,52.14,0,0,7.261,27.061,97.562,9.213,-5.292,8.326,-9.051,22.572,28.864,26.219,-0,0,-8.109,14.781,75.302,9.213,5.292,-8.326,-37.235,7.772,-5.955,-100.97,2.058,-7.307,12.806,-4.893,-3.193,12.806,4.893,3.193,8.331,0.263,8.305,8.331,-0.263,-8.305,-17.589,5.479,-0.914,-17.589,-5.479,0.914,0,0,0,0,0,0,0.602,-0.281,2.306,0.13,-0.075,1.212,-0.37,-0.067,0.012,-0.261,-0.103,2.065,-0.287,-0.07,0.797,-0.244,0.013,0.022,0,0,0,0,0,0,-531.368,-43.945,43.239,69.36,-58.638,5.976,-18.509,-6.381,4.382,169.987,-1.437,-1.756,36.554,3.737,-2.575,-26.094,-3.074,-2.212,0,0,1.154,0,0,-0.43,0,0,-0.102,0,0,0.054,0,0,-0.108,0,0,0.006
31.69,314.546,834.044,950.176,309.874,1013.237,909.992,131.841,825.448,933.089,295.998,873.576,1128.614,212.483,720.963,508.841,184.12,1151.685,401.476,-230.915,698.599,536.256,233.632,829.735,939.625,229.247,395.309,199.504,31.13,661.86,-99.159,-170.72,249.696,334.864,212.66,722.794,502.781,232.799,422.787,129.087,197.6,604.547,247.507,17.313,379.658,131.234,257.814,307.02,314.211,232.799,422.787,129.087,229.21,492.166,123.402,163.613,418.603,121.703,225.108,428.05,198.165,421.081,1017.13,532.255,447.693,1431.111,706.802,-27.604,1050.57,521.352,398.083,843.761,946.947,407.465,1077.22,107.494,516.476,1499.594,155.29,-17.347,1183.755,134.933,422.271,1024.134,542.845,406.294,1153.25,105.146,414.974,1116.022,323.696,186.337,1179.165,118.296,378.56,936.068,69.253,406.294,1153.25,105.146,413.547,1189.731,165.432,335.875,1154.803,112.678,408.851,1092.549,141.571,333.03,884.787,1464.26,357.627,1049.369,1439.904,499.398,860.243,1466.424,331.593,860.377,1297.864,61.26,893.016,1171.78,-94.475,637.609,1167.216,298.06,750.677,1057.01,157.067,829.661,1448.03,124.81,1132.42,1005.99,-39.43,1029.629,794.606,351.771,995.994,895.989,63.672,902.104,1165.49,119.762,1176.77,995.219,56.414,1182.737,1049.483,65.951,1155.946,934.689,128.956,1095.999,1014.833,591.884,690.801,1144.95,677.241,414.115,1283.933,881.055,813.573,1211.766,481.198,798.176,1426.688,644.666,713.45,874.898,750.382,464.566,874.686,888.122,816.812,931.151,592.971,691.267,1139.387,669.67,716.211,827.62,754.897,729.592,873.476,655.493,812.86,825.766,624.054,711.175,913.871,339.358,1015.79,1723.72,339.804,989.102,1732.178,367.211,1015.358,1720.886,336.527,1007.332,1697.179,268.502,947.583,1721.259,407.809,941.462,1710.138,255.787,812.436,1697.922,394.348,793.13,1679.263,246.752,849.347,1632.115,406.887,851.732,1619.227,338.884,990.837,1722.863,313.542,750.18,1540.362,308.917,724.774,1503.309,306.57,684.88,1231.37,334.054,891.637,1463.248,321.355,942.926,1273.003,401.807,670.668,1384.273,154.109,830.05,1508.938,64.537,834.608,1411.742,30.703,924.027,1189.489,80.107,1079.152,1081.234,150.688,1156.41,1065.423,67.196,1127.889,968.074,106.884,1177.976,1006.246,490.839,800.548,1488.517,575.952,747.878,1380.743,620.458,727.385,1142.234,663.341,731.834,957.621,658.64,781.955,874.363,674.313,651.593,888.435,684.5,718.539,835.599,188.22,904.653,1008.719,421.033,915.073,1031.083,282.459,692.925,1068.415,344.292,687.101,1070.646,134.113,781.711,715.911,178.616,902.798,820.373,196.598,859.839,642.056,156.117,715.131,519.358,154.835,573.859,386.725,200.067,674.236,395.052,216.196,596.375,326.732,193.063,374.385,206.004,247.13,329.907,237.819,223.554,437.897,114.336,259.581,435.085,58.196,179.633,401.298,70.215,239.678,452.414,42.98,503.495,924.42,758.971,451.99,980.978,896.384,431.74,1052.394,703.175,475.563,1015.871,544.142,486.155,1043.364,358.125,422.663,1092.094,443.255,417.704,1101.206,356.779,445.417,1067.616,95.952,388.56,1020.195,73.392,415.034,1180.692,114.573,382.289,1237.021,81.182,465.512,1201.873,61.002,410.854,1284.487,85.302,363.554,943.247,1374.26,367.339,937.454,1413.018,316.226,954.472,1381.265,289.297,662.722,1001.386,290.901,665.835,1039.822,337.584,663.601,998.215,116.762,757.94,649.939,110.314,757.4,688.454,119.304,806.563,649.331,142.71,503.347,334.597,134.28,529.154,363.624,143.765,540.387,303.419,511.804,949.111,664.015,517.642,930.269,697.831,512.761,992.601,685.872,493.256,1030.428,250.58,499.407,1026.292,289.561,491.634,1078.98,256.244,223.242,829.354,941.323,405.849,838.733,959.029,212.483,720.963,508.841,421.081,1017.13,532.255,229.247,395.309,199.504,407.465,1077.22,107.494,232.799,422.787,129.087,406.294,1153.25,105.146,158.487,828.721,1452.12,478.793,800.508,1432.81,61.26,893.016,1171.78,591.884,690.801,1144.95,119.762,1176.77,995.219,669.67,716.211,827.62,313.073,846.52,1053.29,235.342,383.902,176.077,-1.476,-8.558,-2.351,33.294,2.407,-21.793,-11.066,-2.248,18.97,-38.127,8.42,5.915,35.176,0.966,-7.929,16.027,3.822,-10.322,2.675,-0.983,7.282,-40.947,0.524,6.05,-3.184,-6.822,-9.877,-3.184,6.822,9.877,17.105,22.099,17.932,52.017,0,0,7.125,27.167,97.307,9.286,-5.386,8.376,-8.61,22.502,28.753,26.303,0,0,-8.076,14.857,75.406,9.286,5.386,-8.376,-32.02,9.277,-6.536,-99.384,2.26,-7.181,12.691,-5.337,-2.694,12.691,5.337,2.694,8.346,0.489,8.41,8.346,-0.489,-8.41,-17.677,5.804,-0.918,-17.677,-5.804,0.918,0,0,0,0,0,0,0.518,-0.269,2.256,0.088,-0.078,1.176,-0.363,-0.073,0.013,-0.33,-0.081,1.963,-0.318,-0.065,0.747,-0.233,0.016,0.025,0,0,0,0,0,0,-521.752,-42.368,47.95,99.192,-59.648,4.975,-27.527,-6.523,2.091,223.569,18.74,-1.108,42.802,5.324,-1.564,-26.155,-3.048,-1.149,0,0,1.296,0,0,-0.66,0,0,-0.141,0,0,0.097,0,0,-0.108,0,0,0.015
31.7,317.47,851.002,952.471,314.561,1030.31,912.633,134.822,843.961,934.119,298.03,890.321,1130.861,212.532,751.625,505.339,180.06,1185,410.552,-230.374,725.346,536.915,237.696,848.311,938.781,230.109,416.857,208.603,27.749,670.131,-98.645,-167.699,273.316,352.282,212.842,755.601,499.212,233.151,438.465,136.145,192.771,628.445,238.984,18.88,389.925,141.683,260.652,339.217,330.29,233.151,438.465,136.145,228.217,506.792,123.271,163.977,432.338,130.14,226.133,450.816,204.386,422.227,1031.45,534.287,452.114,1446.344,706.113,-26.36,1067.001,526.471,401.448,860.706,950.183,407.348,1078.82,107.758,512.169,1503.5,142.792,-18.435,1181.761,133.845,424.375,1038.596,544.405,405.95,1154.78,103.715,415.314,1122.472,323.018,185.955,1180.359,116.877,378.75,936.772,72.759,405.95,1154.78,103.715,412.729,1192.261,163.441,335.483,1156.241,110.797,408.465,1094.689,141.14,335.706,901.821,1466.41,360.526,1066.344,1441.882,502.035,876.974,1468.062,333.698,877.32,1300.033,63.867,905.093,1173.09,-90.792,648.993,1172.739,301.419,761.789,1061.108,159.557,846.926,1450.519,125.849,1141.51,1002.03,-37.966,1033.257,793.057,353.531,1004.159,894.7,66.271,914.266,1166.451,120.417,1185.52,990.207,56.894,1192.18,1044.185,66.938,1162.765,930.079,130.316,1105.326,1011.751,593.02,709.992,1145.5,678.466,432.007,1281.811,882.59,831.789,1212.372,483.451,815.097,1428.528,644.687,735.412,875.472,750.157,486.446,872.216,888.479,837.954,931.772,594.085,710.517,1139.931,669.506,738.759,828.112,754.879,751.858,873.778,655.073,835.385,827.378,624.244,732.655,914.481,343.486,1033.1,1725.48,343.931,1006.422,1733.97,371.321,1032.611,1722.485,340.485,1024.613,1698.967,272.509,965.015,1723.55,411.667,958.578,1711.579,259.33,829.897,1700.484,397.809,810.325,1681.028,250.014,866.706,1634.625,410.115,868.777,1620.823,342.959,1008.143,1724.664,316.149,767.342,1542.604,311.427,741.896,1505.557,308.145,701.851,1233.626,336.739,908.669,1465.388,323.882,959.853,1275.205,403.975,687.65,1386.284,156.789,847.41,1511.581,67.05,851.062,1414.33,33.21,936.333,1190.213,81.407,1089.601,1078.42,151.353,1167.089,1060.952,68.378,1135.583,964.103,107.503,1186.874,1001.182,493.287,817.411,1490.313,578.076,765.287,1382.089,621.772,746.458,1143.095,663.808,752.952,958.338,658.484,803.961,875.623,674.547,673.481,888.215,684.361,741.038,836.058,191.99,921.928,1010.468,423.97,931.288,1034.217,282.823,709.988,1070.251,345.198,703.796,1072.653,135.734,806.308,714.25,181.422,923.812,822.193,196.481,886.839,642.628,156.781,744.957,516.971,155.49,601.467,388.941,200.002,702.495,393.667,216.188,622.555,327.728,194.11,396.634,216.821,249.688,357.083,252.533,223.457,452.564,118.867,259.273,444.412,62.282,180.392,410.573,78.223,238.637,458.517,42.577,505.506,940.016,761.117,455.938,997.073,898.586,434.179,1067.736,704.696,476.981,1029.934,545.635,487.332,1053.123,358.933,423.673,1103.513,442.995,418.313,1110.291,356.156,445.356,1069.225,96.271,388.974,1020.841,73.984,414.655,1182.716,112.515,381.911,1238.464,77.975,465.34,1203.038,59.084,410.166,1286.233,80.663,366.171,960.249,1376.426,370.001,954.454,1415.185,318.821,971.478,1383.474,289.463,680.192,1002.253,290.717,683.055,1040.736,337.84,680.549,999.668,118.119,783.923,647.629,111.816,782.111,686.137,120.471,832.534,648.58,143.713,529.084,339.735,135.386,555.867,367.889,144.141,565.022,307.213,513.649,964.031,665.853,519.689,945.426,699.796,514.559,1007.642,687.507,494.208,1037.176,251.653,500.474,1034.054,290.682,492.022,1085.828,256.031,226.193,847.09,942.984,408.746,854.913,961.957,212.532,751.625,505.339,422.227,1031.45,534.287,230.109,416.857,208.603,407.348,1078.82,107.758,233.151,438.465,136.145,405.95,1154.78,103.715,161.02,846.037,1454.75,481.088,817.363,1434.63,63.867,905.093,1173.09,593.02,709.992,1145.5,120.417,1185.52,990.207,669.506,738.759,828.112,314.921,863.527,1055.18,236.573,404.823,185.7,0.003,-9.319,-3.284,37.126,2.285,-21.659,-13.88,-2.198,18.533,-39.198,8.783,4.801,34.768,1.826,-8.023,17.371,3.623,-9.401,3.09,-0.944,6.883,-40.588,0.928,5.835,-3.013,-7.281,-9.399,-3.013,7.281,9.399,16.154,21.636,17.999,51.732,-0,0,6.886,27.187,96.994,9.328,-5.536,8.39,-8.121,22.389,28.584,26.421,0,0,-7.96,14.911,75.601,9.328,5.536,-8.39,-27.076,10.673,-7.189,-98.082,2.437,-7.042,12.589,-5.733,-2.208,12.589,5.733,2.208,8.377,0.684,8.487,8.377,-0.684,-8.487,-17.75,6.154,-0.915,-17.75,-6.154,0.915,0,0,0,0,0,0,0.428,-0.254,2.193,0.048,-0.081,1.12,-0.351,-0.079,0.02,-0.374,-0.058,1.86,-0.339,-0.059,0.694,-0.218,0.017,0.025,0,0,0,0,0,0,-512.186,-42.524,52.742,134.122,-62.453,3.012,-36.824,-6.57,-1.43,251.854,36.252,-0.819,42.405,6.13,-0.675,-24.782,-2.916,-0.219,0,0,1.418,0,0,-0.919,0,0,-0.17,0,0,0.165,0,0,-0.083,0,0,0.02
31.71,320.429,867.609,954.917,319.135,1046.993,915.339,137.84,862.009,935.504,300.266,906.81,1133.253,212.634,782.954,502.31,174.869,1218.66,421.149,-229.609,751.262,537.952,241.764,866.674,938.195,231.185,440.219,217.796,26.387,681.132,-97.668,-165.33,299.756,367.944,212.964,789.117,496.071,233.6,456.349,143.902,188.85,652.555,232.217,20.558,403.302,153.803,263.756,372.754,344.903,233.6,456.349,143.902,227.018,523.03,124.693,164.484,448.327,139.737,227.405,475.002,210.778,423.352,1044.16,535.912,455.825,1460.54,703.626,-25.141,1081.308,530.523,404.523,877.419,953.522,407.075,1080.29,108.04,510.981,1505.995,131.43,-18.85,1182.866,133.224,426.039,1051.625,545.518,405.471,1156.16,102.653,415.384,1127.772,322.474,185.438,1181.401,115.835,378.776,937.568,75.627,405.471,1156.16,102.653,411.623,1194.365,161.986,334.943,1157.438,109.142,407.9,1096.523,140.802,338.172,918.694,1468.67,363.117,1083.17,1443.952,504.476,893.657,1469.907,335.702,894.069,1302.318,66.395,916.996,1174.64,-87.528,660.483,1178.59,304.501,772.438,1065.482,161.895,863.979,1453.164,126.652,1149.91,997.634,-37.04,1035.772,791.719,354.867,1011.36,893.012,68.802,926.303,1167.566,120.861,1193.49,984.591,57.217,1201.106,1038.299,67.653,1168.607,925.069,131.421,1114.017,1008.374,594.064,729.424,1146.23,679.578,450.049,1279.626,884.021,850.195,1213.286,485.577,831.998,1430.6,644.593,757.997,876.272,749.841,509.004,869.618,888.71,859.675,932.727,595.111,730.016,1140.634,669.173,762.06,828.843,754.706,774.935,874.273,654.33,858.625,829.423,624.347,754.65,915.337,347.475,1050.26,1727.44,347.911,1023.591,1735.958,375.291,1049.706,1724.284,344.301,1041.749,1700.954,276.364,982.313,1726.021,415.352,975.506,1713.189,262.66,847.246,1703.216,401.103,827.361,1682.955,253.097,883.956,1637.316,413.147,885.668,1622.58,346.889,1025.298,1726.651,318.595,784.339,1545.052,313.813,758.844,1508.025,309.777,718.593,1236.131,339.21,925.54,1467.644,326.184,976.456,1277.478,406.13,704.487,1388.584,159.334,864.565,1514.386,69.445,867.404,1417.138,35.712,948.533,1191.165,82.557,1099.632,1075.36,151.848,1177.27,1055.879,69.281,1142.441,959.833,107.923,1195.035,995.509,495.569,834.274,1492.337,580.149,782.805,1383.697,623.034,765.739,1144.181,664.17,774.586,959.302,658.107,826.609,877.23,674.762,696.022,888.112,684.056,764.3,836.748,195.781,938.922,1012.448,426.932,947.226,1037.352,283.558,726.698,1072.35,346.31,720.22,1074.863,137.353,830.792,713.077,183.968,944.671,824.466,196.153,913.902,643.783,157.554,775.368,515.068,156.102,630.41,391.218,200.208,731.848,392.782,216.4,650.025,329.038,195.309,420.788,227.482,252.452,386.168,266.404,223.418,469.348,124.091,258.942,456.384,67.193,181.289,422.414,86.996,237.46,467.424,42.65,507.428,954.949,763.174,459.372,1012.723,900.691,436.463,1082.121,705.695,478.286,1042.392,546.651,488.168,1061.422,359.419,424.771,1113.796,442.512,418.979,1118.381,355.442,445.076,1070.473,96.647,389.274,1021.288,74.39,414.117,1184.224,110.936,381.409,1239.496,75.429,465.11,1203.918,57.905,409.277,1287.418,76.985,368.533,977.051,1378.666,372.403,971.287,1417.429,321.144,988.213,1385.734,289.87,697.291,1003.396,290.825,699.908,1041.92,338.347,697.178,1001.344,119.524,809.844,645.796,113.358,806.72,684.266,121.484,858.417,648.366,144.77,556.345,344.818,136.487,584.034,372.132,144.667,591.228,311.086,515.311,977.879,667.492,521.542,959.595,701.604,516.246,1021.671,688.835,494.673,1042.695,252.515,501.033,1040.489,291.544,492.263,1091.411,255.683,229.181,864.418,944.9,411.676,870.799,964.934,212.634,782.954,502.31,423.352,1044.16,535.912,231.185,440.219,217.796,407.075,1080.29,108.04,233.6,456.349,143.902,405.471,1156.16,102.653,163.401,863.144,1457.55,483.254,834.194,1436.69,66.395,916.996,1174.64,594.064,729.424,1146.23,120.861,1193.49,984.591,669.173,762.06,828.843,316.784,880.341,1057.19,237.935,427.758,195.247,1.617,-10.043,-4.299,40.945,1.996,-21.166,-16.289,-2.112,17.774,-40.084,8.749,3.714,34.192,2.589,-8.015,18.346,3.462,-9.022,3.597,-0.947,6.921,-40.236,1.439,5.612,-2.876,-7.652,-8.934,-2.876,7.652,8.934,15.235,21.198,18.169,51.281,-0,0,6.578,27.125,96.64,9.35,-5.727,8.355,-7.591,22.231,28.367,26.573,0,0,-7.764,14.945,75.878,9.35,5.727,-8.355,-22.582,11.862,-7.887,-97.048,2.58,-6.91,12.513,-6.066,-1.757,12.513,6.066,1.757,8.421,0.841,8.531,8.421,-0.841,-8.531,-17.815,6.51,-0.897,-17.815,-6.51,0.897,0,0,0,0,0,0,0.338,-0.238,2.119,0.014,-0.086,1.046,-0.336,-0.086,0.032,-0.388,-0.037,1.763,-0.347,-0.053,0.646,-0.201,0.016,0.023,0,0,0,0,0,0,-504.184,-43.556,56.786,172.013,-65.985,-0.004,-45.614,-6.528,-6.052,248.97,43.611,-0.947,37.802,6.532,-0.152,-22.26,-2.699,0.323,0,0,1.52,0,0,-1.172,0,0,-0.182,0,0,0.232,0,0,-0.051,0,0,0.021
31.72,323.329,883.898,957.495,323.431,1063.323,918.081,140.793,879.561,937.279,302.654,923.073,1135.778,212.823,814.688,499.962,168.945,1252.27,433.253,-228.588,776.418,539.268,245.751,884.765,937.978,232.48,465.299,226.834,26.979,695.141,-96.339,-163.613,328.469,381.389,213.01,822.999,493.613,234.193,476.615,152.033,186.106,677.279,227.668,22.276,420.282,166.756,267.023,406.905,357.852,234.193,476.615,152.033,225.805,541.377,127.656,165.202,466.894,149.947,228.855,500.492,217.302,424.417,1055.31,537.101,459.009,1473.655,699.415,-23.98,1093.804,533.448,407.139,893.877,956.858,406.664,1081.67,108.269,512.34,1507.385,121.224,-18.749,1186.527,132.703,427.272,1063.227,546.223,404.885,1157.46,101.845,415.187,1132.112,322.019,184.817,1182.402,115.013,378.629,938.46,77.861,404.885,1157.46,101.845,410.308,1196.198,160.903,334.293,1158.496,107.648,407.195,1098.163,140.528,340.419,935.39,1471.04,365.378,1099.833,1446.119,506.716,910.29,1471.963,337.602,910.611,1304.716,68.802,928.775,1176.38,-84.77,672.155,1184.671,307.223,782.658,1070.022,164.08,880.787,1455.89,127.202,1157.67,992.837,-36.724,1037.364,790.652,355.716,1017.622,890.897,71.223,938.269,1168.773,121.09,1200.7,978.419,57.39,1209.561,1031.87,68.072,1173.51,919.743,132.251,1122.117,1004.748,595.05,749.079,1147.08,680.727,468.292,1277.369,885.335,868.901,1214.418,487.574,848.872,1432.82,644.394,781.163,877.272,749.542,532.255,866.904,888.788,882.042,933.965,596.076,749.747,1141.464,668.679,786.066,829.797,754.382,798.783,874.95,653.27,882.522,831.877,624.372,777.12,916.413,351.272,1067.26,1729.56,351.694,1040.599,1738.105,379.068,1066.638,1726.247,347.928,1058.727,1703.102,280.016,999.462,1728.639,418.824,992.251,1714.967,265.766,864.457,1706.09,404.206,844.23,1685.049,255.983,901.073,1640.163,415.979,902.398,1624.505,350.623,1042.296,1728.799,320.894,801.165,1547.675,316.082,775.608,1510.682,311.477,735.113,1238.847,341.458,942.234,1470.002,328.239,992.758,1279.801,408.286,721.172,1391.137,161.726,881.476,1517.296,71.721,883.587,1420.086,38.178,960.679,1192.299,83.545,1109.286,1072.069,152.174,1186.966,1050.234,69.877,1148.532,955.333,108.141,1202.496,989.285,497.698,851.131,1494.545,582.185,800.434,1385.514,624.258,785.224,1145.444,664.425,796.705,960.474,657.518,849.849,879.15,674.968,719.183,888.104,683.591,788.279,837.654,199.419,955.7,1014.645,429.841,962.927,1040.424,284.705,743.069,1074.707,347.634,736.384,1077.285,138.99,855.005,712.533,186.212,965.289,827.201,195.777,940.839,645.596,158.412,806.18,513.842,156.656,660.438,393.61,200.666,762.089,392.533,216.814,678.607,330.725,196.676,446.635,237.668,255.365,416.636,279.032,223.502,488.496,129.816,258.674,471.467,72.695,182.323,437.287,96.087,236.275,479.748,43.391,509.172,969.102,765.073,462.222,1027.948,902.585,438.523,1095.54,706.141,479.451,1053.315,547.234,488.681,1068.378,359.626,425.876,1122.967,441.819,419.652,1125.526,354.63,444.606,1071.43,97.037,389.434,1021.594,74.662,413.461,1185.33,109.725,380.834,1240.215,73.395,464.844,1204.572,57.267,408.269,1288.172,74.079,370.628,993.651,1380.966,374.529,987.943,1419.735,323.186,1004.681,1388.035,290.627,713.974,1004.881,291.327,716.372,1043.438,339.195,713.475,1003.287,120.991,835.601,644.604,114.979,831.163,683,122.346,884.101,648.793,145.872,584.893,349.822,137.565,613.394,376.359,145.334,618.805,315.037,516.758,990.645,668.932,523.141,972.762,703.25,517.773,1034.679,689.839,494.704,1047.108,253.174,501.142,1045.731,292.177,492.369,1095.865,255.22,232.107,881.338,947.076,414.552,886.457,967.913,212.823,814.688,499.962,424.417,1055.31,537.101,232.48,465.299,226.834,406.664,1081.67,108.269,234.193,476.615,152.033,404.885,1157.46,101.845,165.635,880.004,1460.45,485.283,851,1438.91,68.802,928.775,1176.38,595.05,749.079,1147.08,121.09,1200.7,978.419,668.679,786.066,829.797,318.642,896.961,1059.3,239.433,452.566,204.424,3.346,-10.698,-5.331,44.653,1.555,-20.396,-18.188,-2,16.784,-40.735,8.379,2.795,33.458,3.211,-7.945,18.968,3.353,-9.059,4.16,-0.985,7.305,-39.935,2.016,5.396,-2.778,-7.92,-8.5,-2.778,7.92,8.5,14.359,20.797,18.451,50.67,0,0,6.18,26.962,96.248,9.361,-5.949,8.274,-7.026,22.036,28.123,26.759,-0,-0,-7.497,14.961,76.213,9.361,5.949,-8.274,-18.711,12.785,-8.591,-96.25,2.68,-6.796,12.466,-6.318,-1.361,12.466,6.318,1.361,8.473,0.96,8.536,8.473,-0.96,-8.536,-17.875,6.86,-0.87,-17.875,-6.86,0.87,0,0,0,0,0,0,0.252,-0.222,2.038,-0.013,-0.09,0.958,-0.318,-0.092,0.048,-0.373,-0.017,1.68,-0.342,-0.047,0.606,-0.184,0.013,0.018,0,0,0,0,0,0,-496.456,-44.098,59.144,209.609,-68.729,-3.727,-52.795,-6.406,-11.122,220.026,37.262,-1.47,29.243,6.738,0.022,-19.007,-2.428,0.492,0,0,1.597,0,0,-1.372,0,0,-0.17,0,0,0.269,0,0,-0.023,0,0,0.019
31.73,326.06,899.902,960.189,327.273,1079.335,920.831,143.557,896.596,939.49,305.134,939.14,1138.428,213.12,846.6,498.461,162.786,1285.519,446.795,-227.324,801.07,540.763,249.573,902.546,938.227,233.993,491.993,235.426,29.146,712.367,-94.682,-162.359,358.757,392.434,212.988,856.934,492.088,234.99,499.39,160.122,184.616,703.063,225.534,24.011,440.984,179.503,270.336,441.037,369.035,234.99,499.39,160.122,224.836,562.318,131.916,166.178,488.271,160.086,230.459,527.23,223.864,425.381,1065.1,537.898,461.678,1485.733,693.799,-22.925,1104.73,535.347,409.269,910.013,960.087,406.162,1082.95,108.425,515.53,1507.913,112.123,-18.249,1191.97,132.049,428.121,1073.485,546.599,404.244,1158.66,101.213,414.75,1135.628,321.632,184.142,1183.348,114.283,378.36,939.376,79.533,404.244,1158.66,101.213,408.892,1197.787,160.081,333.593,1159.428,106.281,406.405,1099.614,140.287,342.456,951.899,1473.51,367.305,1116.328,1448.388,508.765,926.87,1474.197,339.389,926.955,1307.215,71.058,940.477,1178.27,-82.581,684.074,1190.894,309.527,792.483,1074.649,166.108,897.326,1458.645,127.474,1164.82,987.697,-37.056,1038.182,789.918,356.036,1022.975,888.382,73.5,950.188,1170.026,121.091,1207.17,971.768,57.411,1217.579,1024.963,68.16,1177.547,914.201,132.769,1129.663,1000.914,596.021,768.946,1148.05,682.093,486.79,1275.082,886.531,888.033,1215.722,489.471,865.712,1435.175,644.094,804.865,878.461,749.369,556.209,864.103,888.677,905.126,935.434,597.026,769.697,1142.406,668.026,810.728,830.971,753.905,823.372,875.809,651.889,907.014,834.727,624.324,800.021,917.694,354.819,1084.09,1731.82,355.229,1057.438,1740.394,382.596,1083.403,1728.358,351.313,1075.533,1705.391,283.417,1016.455,1731.376,422.05,1008.834,1716.92,268.652,881.504,1709.082,407.094,860.929,1687.32,258.666,918.03,1643.144,418.615,918.97,1626.61,354.111,1059.135,1731.092,323.068,817.82,1550.452,318.255,792.189,1513.5,313.243,751.425,1241.74,343.49,958.743,1472.463,330.042,1008.796,1282.173,410.464,737.702,1393.915,163.959,898.117,1520.271,73.877,899.556,1423.108,40.583,972.818,1193.575,84.358,1118.599,1068.574,152.325,1196.18,1044.053,70.13,1153.93,950.681,108.146,1209.287,982.582,499.697,867.974,1496.904,584.203,818.166,1387.499,625.467,804.915,1146.853,664.567,819.28,961.827,656.717,873.626,881.361,675.174,742.935,888.189,682.969,812.928,838.773,202.721,972.31,1017.076,432.622,978.435,1043.376,286.255,759.119,1077.316,349.156,752.304,1079.931,140.655,878.86,712.713,188.15,985.609,830.402,195.51,967.531,648.12,159.323,837.233,513.463,157.171,691.291,396.193,201.326,793.019,393.022,217.412,708.135,332.837,198.228,473.964,247.061,258.342,447.933,290.096,223.803,510.233,135.804,258.576,490.067,78.489,183.481,455.615,104.988,235.255,496.051,44.911,510.692,982.432,766.788,464.505,1042.747,904.162,440.291,1108.031,706.104,480.46,1062.882,547.486,488.929,1074.169,359.631,426.92,1131.09,440.968,420.301,1131.799,353.745,444.007,1072.166,97.421,389.464,1021.802,74.849,412.745,1186.137,108.793,380.235,1240.709,71.755,464.57,1205.052,56.993,407.224,1288.611,71.778,372.458,1010.054,1383.326,376.388,1004.419,1422.103,324.957,1020.902,1390.385,291.8,730.217,1006.766,292.289,732.446,1045.348,340.441,729.439,1005.543,122.518,861.17,644.171,116.699,855.441,682.454,123.07,909.553,649.932,147.03,614.483,354.732,138.636,643.676,380.586,146.146,647.537,319.066,517.998,1002.42,670.21,524.482,985.007,704.756,519.11,1046.744,690.562,494.406,1050.602,253.67,500.915,1049.974,292.64,492.375,1099.383,254.691,234.853,897.858,949.529,417.268,901.946,970.85,213.12,846.6,498.461,425.381,1065.1,537.898,233.993,491.993,235.426,406.162,1082.95,108.425,234.99,499.39,160.122,404.244,1158.66,101.213,167.725,896.592,1463.41,487.202,867.773,1441.29,71.058,940.477,1178.27,596.021,768.946,1148.05,121.091,1207.17,971.768,668.026,810.728,830.971,320.459,913.404,1061.49,241.073,479.083,212.95,5.173,-11.25,-6.307,48.153,1.007,-19.475,-19.525,-1.879,15.703,-41.123,7.809,2.115,32.609,3.666,-7.831,19.287,3.291,-9.398,4.754,-1.047,7.93,-39.688,2.608,5.193,-2.725,-8.075,-8.112,-2.725,8.075,8.112,13.536,20.436,18.85,49.906,-0,0,5.703,26.684,95.836,9.371,-6.189,8.157,-6.431,21.812,27.88,26.979,0,-0,-7.165,14.964,76.586,9.371,6.189,-8.157,-15.606,13.429,-9.255,-95.646,2.733,-6.7,12.452,-6.47,-1.038,12.452,6.47,1.038,8.531,1.045,8.498,8.531,-1.045,-8.498,-17.939,7.193,-0.845,-17.939,-7.193,0.845,0,0,0,0,0,0,0.177,-0.208,1.951,-0.032,-0.092,0.861,-0.299,-0.098,0.068,-0.332,-0.002,1.615,-0.326,-0.042,0.577,-0.168,0.009,0.014,0,0,0,0,0,0,-485.511,-42.796,58.977,242.97,-69.053,-7.42,-57.439,-6.21,-15.638,176.804,19.347,-1.781,19.487,6.075,0.067,-15.482,-2.134,0.508,0,0,1.639,0,0,-1.479,0,0,-0.136,0,0,0.261,0,0,-0.006,0,0,0.016
31.74,328.511,915.652,962.98,330.5,1095.065,923.562,146.007,913.106,942.183,307.653,955.038,1141.195,213.542,878.512,497.923,156.897,1318.204,461.652,-225.861,825.57,542.368,253.159,920.002,939.015,235.71,520.189,243.259,32.264,732.955,-92.656,-161.267,389.913,401.171,212.956,890.672,491.701,236.044,524.723,167.724,184.295,730.277,225.764,25.777,465.202,191.047,273.577,474.685,378.404,236.044,524.723,167.724,224.373,586.225,137.066,167.43,512.568,169.46,232.23,555.193,230.3,426.215,1073.72,538.395,463.757,1496.822,687.156,-22.019,1114.181,536.436,410.999,925.726,963.155,405.634,1084.11,108.522,519.789,1507.804,104.049,-17.457,1198.341,131.181,428.676,1082.528,546.74,403.607,1159.76,100.704,414.141,1138.508,321.3,183.469,1184.235,113.574,378.039,940.273,80.78,403.607,1159.76,100.704,407.498,1199.167,159.44,332.905,1160.271,105.045,405.599,1100.898,140.064,344.3,968.224,1476.08,368.917,1132.657,1450.756,510.64,943.401,1476.591,341.062,943.103,1309.815,73.144,952.144,1180.26,-80.983,696.28,1197.156,311.384,801.966,1079.291,167.976,913.583,1461.377,127.442,1171.39,982.277,-38.076,1038.373,789.574,355.785,1027.452,885.503,75.603,962.076,1171.286,120.841,1212.94,964.726,57.261,1225.194,1017.646,67.888,1180.796,908.549,132.95,1136.718,996.925,597.024,789.014,1149.12,683.886,505.612,1272.796,887.595,907.755,1217.137,491.284,882.508,1437.625,643.695,829.057,879.841,749.457,580.887,861.268,888.329,929.026,937.105,598.006,789.857,1143.459,667.22,835.99,832.372,753.27,848.668,876.87,650.182,932.032,837.957,624.202,823.312,919.172,358.072,1100.77,1734.21,358.472,1074.129,1742.817,385.83,1100.025,1730.614,354.422,1092.186,1707.809,286.528,1033.288,1734.212,425.008,1025.279,1719.056,271.333,898.364,1712.173,409.749,877.458,1689.775,261.152,934.809,1646.237,421.065,935.394,1628.907,357.313,1075.821,1733.52,325.143,834.311,1553.362,320.354,808.594,1516.457,315.064,767.543,1244.781,345.325,975.068,1475.032,331.607,1024.613,1284.603,412.681,754.081,1396.893,166.03,914.472,1523.279,75.91,915.256,1426.148,42.912,984.99,1194.963,84.983,1127.597,1064.909,152.289,1204.907,1037.388,70.009,1158.7,945.963,107.916,1215.432,975.484,501.594,884.792,1499.394,586.219,835.989,1389.624,626.682,824.821,1148.39,664.589,842.284,963.35,655.696,897.888,883.848,675.389,767.247,888.38,682.193,838.196,840.115,205.543,988.77,1019.763,435.211,993.793,1046.166,288.167,774.871,1080.163,350.853,768.004,1082.81,142.351,902.357,713.658,189.812,1005.611,834.075,195.47,993.926,651.387,160.266,868.386,514.044,157.707,722.717,399.041,202.121,824.462,394.309,218.18,738.458,335.396,199.972,502.588,255.375,261.277,479.556,299.369,224.419,534.719,141.79,258.755,512.459,84.244,184.742,477.704,113.192,234.586,516.758,47.187,511.996,994.981,768.337,466.305,1057.108,905.362,441.726,1119.667,705.716,481.317,1071.33,547.532,489,1079.003,359.524,427.864,1138.25,440.03,420.914,1137.287,352.836,443.353,1072.744,97.791,389.393,1021.939,74.995,412.032,1186.731,108.067,379.663,1241.049,70.421,464.314,1205.402,56.939,406.216,1288.834,69.944,374.044,1026.272,1385.758,378.005,1020.717,1424.54,326.484,1036.91,1392.804,293.408,746.026,1009.091,293.727,748.154,1047.687,342.096,745.083,1008.145,124.092,886.584,644.563,118.519,879.602,682.685,123.685,934.802,651.82,148.275,644.887,359.532,139.751,674.631,384.824,147.124,677.22,323.163,519.07,1013.353,671.381,525.605,996.461,706.167,520.255,1057.998,691.084,493.914,1053.388,254.055,500.496,1053.439,292.997,492.326,1102.183,254.153,237.301,913.988,952.271,419.721,917.316,973.689,213.542,878.512,497.923,426.215,1073.72,538.395,235.71,520.189,243.259,405.634,1084.11,108.522,236.044,524.723,167.724,403.607,1159.76,100.704,169.678,912.892,1466.42,489.025,884.507,1443.79,73.144,952.144,1180.26,597.024,789.014,1149.12,120.841,1212.94,964.726,667.22,835.99,832.372,322.197,929.686,1063.77,242.848,507.138,220.579,7.081,-11.656,-7.159,51.359,0.412,-18.55,-20.304,-1.767,14.688,-41.232,7.209,1.676,31.687,3.939,-7.68,19.366,3.266,-9.934,5.35,-1.123,8.688,-39.48,3.163,5.01,-2.717,-8.105,-7.784,-2.717,8.105,7.784,12.774,20.115,19.366,48.994,-0,0,5.15,26.288,95.414,9.384,-6.422,8.008,-5.806,21.576,27.669,27.234,0,-0,-6.785,14.962,76.973,9.384,6.422,-8.008,-13.361,13.826,-9.833,-95.187,2.74,-6.617,12.472,-6.5,-0.799,12.472,6.5,0.799,8.592,1.103,8.418,8.592,-1.103,-8.418,-18.011,7.491,-0.826,-18.011,-7.491,0.826,0,0,0,0,0,0,0.115,-0.196,1.862,-0.043,-0.092,0.761,-0.277,-0.101,0.088,-0.271,0.008,1.571,-0.302,-0.038,0.56,-0.156,0.005,0.009,0,0,0,0,0,0,-467.355,-39.075,55.811,268.397,-65.785,-10.214,-59.199,-5.943,-18.617,130.872,-2.378,-1.503,11.078,4.313,0.14,-12.164,-1.847,0.536,0,0,1.633,0,0,-1.469,0,0,-0.085,0,0,0.216,0,0,0.001,0,0,0.012
31.75,330.6,931.172,965.861,333.005,1110.541,926.266,148.052,929.103,945.398,310.174,970.786,1144.075,214.095,910.296,498.404,151.672,1350.212,477.646,-224.267,850.248,544.076,256.463,937.163,940.373,237.596,549.767,250.035,35.537,756.98,-90.162,-159.98,421.315,407.934,213.013,924.015,492.59,237.378,552.573,174.416,184.943,759.131,228.112,27.599,492.517,200.588,276.65,507.563,385.912,237.378,552.573,174.416,224.599,613.269,142.615,168.93,539.757,177.46,234.182,584.359,236.368,426.911,1081.39,538.708,465.146,1507.03,679.86,-21.291,1122.222,536.988,412.478,940.967,966.058,405.139,1085.16,108.593,524.351,1507.323,96.95,-16.506,1204.821,130.158,429.06,1090.489,546.734,403.027,1160.76,100.295,413.457,1140.917,321.028,182.853,1185.056,112.883,377.73,941.121,81.745,403.027,1160.76,100.295,406.227,1200.384,158.926,332.286,1161.036,103.97,404.854,1102.042,139.878,345.981,984.373,1478.78,370.25,1148.826,1453.25,512.37,959.877,1479.157,342.631,959.06,1312.547,75.045,963.809,1182.34,-80.022,708.827,1203.443,312.741,811.109,1083.902,169.712,929.554,1464.07,127.081,1177.4,976.649,-39.849,1038.06,789.719,354.901,1031.043,882.301,77.518,973.96,1172.556,120.315,1218.03,957.394,56.92,1232.408,1010.001,67.217,1183.35,902.887,132.76,1143.306,992.814,598.105,809.274,1150.33,686.326,524.829,1270.603,888.508,928.239,1218.67,493.032,899.25,1440.194,643.188,853.694,881.425,749.934,606.315,858.456,887.681,953.852,938.961,599.059,810.213,1144.638,666.267,861.801,834.016,752.47,874.635,878.173,648.152,957.511,841.563,624.001,846.955,920.841,360.997,1117.31,1736.72,361.394,1090.681,1745.364,388.739,1116.519,1733.01,357.225,1108.693,1710.347,289.326,1049.955,1737.126,427.686,1041.613,1721.384,273.827,915.021,1715.34,412.161,893.824,1692.41,263.449,951.395,1649.415,423.338,951.685,1631.4,360.199,1092.36,1736.075,327.142,850.648,1556.389,322.401,824.838,1519.53,316.929,783.482,1247.939,346.991,991.218,1477.716,332.963,1040.251,1287.11,414.949,770.314,1400.047,167.948,930.543,1526.301,77.829,930.64,1429.165,45.163,997.233,1196.439,85.411,1136.296,1061.118,152.049,1213.131,1030.306,69.487,1162.899,941.268,107.428,1220.948,968.088,503.416,901.569,1502,588.248,853.887,1391.873,627.925,844.952,1150.057,664.481,865.693,965.043,654.443,922.583,886.611,675.61,792.09,888.7,681.266,864.034,841.699,207.807,1005.065,1022.721,437.568,1009.039,1048.764,290.37,790.352,1083.226,352.698,783.51,1085.914,144.072,925.561,715.357,191.251,1025.31,838.215,195.719,1020.026,655.392,161.231,899.512,515.639,158.356,754.488,402.214,202.994,856.263,396.403,219.116,769.445,338.385,201.894,532.359,262.371,264.058,511.135,306.718,225.418,562.014,147.499,259.3,538.733,89.624,186.08,503.673,120.253,234.42,542.07,50.048,513.125,1006.849,769.771,467.75,1071.032,906.185,442.83,1130.542,705.124,482.041,1078.899,547.495,488.99,1083.087,359.385,428.7,1144.551,439.078,421.497,1142.079,351.955,442.716,1073.214,98.147,389.263,1022.025,75.132,411.38,1187.179,107.498,379.155,1241.293,69.334,464.096,1205.656,56.994,405.303,1288.922,68.473,375.418,1042.322,1388.273,379.418,1036.843,1427.056,327.803,1052.74,1395.311,295.409,761.434,1011.862,295.604,763.537,1050.463,344.125,760.432,1011.105,125.693,911.908,645.785,120.42,903.711,683.7,124.222,959.914,654.454,149.641,675.912,364.182,140.974,706.056,389.054,148.293,707.684,327.29,520.024,1023.598,672.514,526.57,1007.262,707.537,521.228,1068.577,691.497,493.361,1055.671,254.38,500.03,1056.341,293.308,492.269,1104.472,253.657,239.366,929.746,955.319,421.833,932.598,976.403,214.095,910.296,498.404,426.911,1081.39,538.708,237.596,549.767,250.035,405.139,1085.16,108.593,237.378,552.573,174.416,403.027,1160.76,100.295,171.517,928.901,1469.44,490.773,901.184,1446.42,75.045,963.809,1182.34,598.105,809.274,1150.33,120.315,1218.03,957.394,666.267,861.801,834.016,323.824,945.826,1066.13,244.738,536.574,227.109,9.051,-11.889,-7.842,54.2,-0.178,-17.758,-20.575,-1.68,13.889,-41.064,6.738,1.432,30.73,4.036,-7.489,19.256,3.268,-10.571,5.919,-1.201,9.468,-39.313,3.647,4.857,-2.752,-8.004,-7.529,-2.752,8.004,7.529,12.078,19.838,20.002,47.94,0,-0,4.552,25.782,94.991,9.403,-6.63,7.838,-5.147,21.34,27.531,27.522,0,-0,-6.374,14.972,77.345,9.403,6.63,-7.838,-12.014,14.034,-10.294,-94.827,2.712,-6.547,12.526,-6.396,-0.649,12.526,6.396,0.649,8.658,1.141,8.299,8.658,-1.141,-8.299,-18.095,7.742,-0.819,-18.095,-7.742,0.819,0,0,0,0,0,0,0.072,-0.188,1.771,-0.049,-0.088,0.662,-0.253,-0.102,0.107,-0.199,0.011,1.55,-0.271,-0.034,0.555,-0.146,0,0.004,0,0,0,0,0,0,-439.134,-33.993,50.232,282.511,-59.231,-11.359,-58.257,-5.599,-19.375,91.736,-19.665,-0.658,3.877,1.709,0.324,-9.353,-1.595,0.668,0,0,1.569,0,0,-1.343,0,0,-0.028,0,0,0.155,0,0,0.002,0,0,0.008
31.76,332.323,946.47,968.818,334.789,1125.774,928.933,149.694,944.589,949.071,312.641,986.387,1147.048,214.784,941.854,499.9,147.392,1381.494,494.555,-222.613,875.365,545.906,259.457,954.081,942.289,239.608,580.608,255.503,38.247,784.447,-87.137,-158.211,452.542,413.104,213.29,956.836,494.791,238.973,582.821,179.866,186.313,789.664,232.228,29.489,522.457,207.644,279.5,539.566,391.492,238.973,582.821,179.866,225.576,643.406,148.106,170.62,569.703,183.674,236.306,614.697,241.797,427.491,1088.3,538.949,465.89,1516.469,672.186,-20.721,1129.019,537.271,413.84,955.753,968.833,404.726,1086.08,108.674,528.713,1506.643,90.724,-15.498,1210.837,129.069,429.376,1097.506,546.658,402.548,1161.62,99.972,412.797,1142.961,320.816,182.339,1185.767,112.231,377.482,941.861,82.568,402.548,1161.62,99.972,405.171,1201.417,158.514,331.779,1161.704,103.085,404.228,1103.019,139.733,347.527,1000.36,1481.58,371.351,1164.845,1455.841,513.979,976.293,1481.849,344.106,974.847,1315.378,76.766,975.497,1184.48,-79.686,721.737,1209.698,313.597,819.94,1088.459,171.322,945.247,1466.705,126.378,1182.87,970.894,-42.374,1037.356,790.416,353.368,1033.775,878.862,79.24,985.842,1173.827,119.484,1222.44,949.884,56.366,1239.181,1002.124,66.122,1185.238,897.332,132.203,1149.441,988.646,599.301,829.715,1151.66,689.584,544.498,1268.525,889.251,949.616,1220.288,494.73,915.925,1442.847,642.564,878.734,883.234,750.894,632.508,855.729,886.676,979.679,941.013,600.22,830.756,1145.958,665.171,888.104,835.925,751.488,901.23,879.772,645.799,983.381,845.539,623.703,870.917,922.704,363.581,1133.71,1739.36,363.981,1107.093,1748.043,391.31,1132.888,1735.561,359.715,1125.057,1713.013,291.811,1066.451,1740.101,430.085,1057.859,1723.9,276.154,931.467,1718.56,414.333,910.036,1695.213,265.571,967.783,1652.648,425.448,967.864,1634.082,362.757,1108.76,1738.748,329.081,866.841,1559.513,324.41,840.936,1522.697,318.823,799.257,1251.187,348.519,1007.208,1480.513,334.153,1055.745,1289.708,417.271,786.414,1403.35,169.724,946.339,1529.321,79.649,945.679,1432.13,47.346,1009.574,1197.992,85.633,1144.701,1057.254,151.588,1220.832,1022.884,68.555,1166.568,936.69,106.653,1225.844,960.504,505.182,918.287,1504.715,590.294,871.841,1394.239,629.211,865.318,1151.862,664.236,889.481,966.919,652.942,947.662,889.654,675.83,817.432,889.183,680.19,890.388,843.554,209.514,1021.151,1025.931,439.682,1024.2,1051.161,292.782,805.596,1086.476,354.669,798.85,1089.224,145.804,948.579,717.759,192.531,1044.752,842.81,196.263,1045.857,660.1,162.227,930.496,518.229,159.217,786.421,405.724,203.909,888.297,399.264,220.228,800.988,341.741,203.964,563.161,267.871,266.6,542.473,312.092,226.811,592.052,152.668,260.248,568.77,94.327,187.471,533.411,125.832,234.832,571.916,53.194,514.134,1018.165,771.152,468.975,1084.541,906.693,443.659,1140.751,704.444,482.67,1085.786,547.471,488.988,1086.612,359.276,429.443,1150.097,438.175,422.06,1146.264,351.153,442.155,1073.602,98.489,389.113,1022.072,75.282,410.834,1187.529,107.051,378.736,1241.478,68.452,463.929,1205.841,57.085,404.525,1288.936,67.292,376.618,1058.22,1390.877,380.669,1052.81,1429.654,328.956,1068.425,1397.922,297.717,776.497,1015.051,297.834,778.655,1053.644,346.445,775.522,1014.405,127.299,937.203,647.791,122.367,927.834,685.457,124.718,984.957,657.795,151.154,707.41,368.61,142.365,737.795,393.22,149.67,738.798,331.377,520.907,1033.279,673.665,527.433,1017.523,708.921,522.07,1078.59,691.881,492.861,1057.626,254.689,499.641,1058.86,293.617,492.247,1106.426,253.241,241.048,945.137,958.635,423.599,947.802,979.001,214.784,941.854,499.9,427.491,1088.3,538.949,239.608,580.608,255.503,404.726,1086.08,108.674,238.973,582.821,179.866,402.548,1161.62,99.972,173.248,944.63,1472.45,492.467,917.791,1449.15,76.766,975.497,1184.48,599.301,829.715,1151.66,119.484,1222.44,949.884,665.171,888.104,835.925,325.329,961.836,1068.56,246.705,567.263,232.38,11.065,-11.949,-8.333,56.626,-0.719,-17.204,-20.41,-1.628,13.413,-40.65,6.498,1.327,29.765,3.985,-7.278,19,3.285,-11.235,6.442,-1.274,10.198,-39.164,4.031,4.736,-2.826,-7.792,-7.349,-2.826,7.792,7.349,11.449,19.6,20.752,46.754,0,0,3.912,25.184,94.572,9.421,-6.799,7.658,-4.453,21.117,27.495,27.844,-0,-0,-5.955,15.014,77.68,9.421,6.799,-7.658,-11.552,14.111,-10.627,-94.528,2.665,-6.487,12.614,-6.171,-0.59,12.614,6.171,0.59,8.727,1.165,8.145,8.727,-1.165,-8.145,-18.182,7.937,-0.827,-18.182,-7.937,0.827,0,0,0,0,0,0,0.047,-0.185,1.683,-0.054,-0.082,0.568,-0.227,-0.101,0.122,-0.123,0.007,1.548,-0.237,-0.03,0.559,-0.14,-0.003,0.001,0,0,0,0,0,0,-401.211,-29.43,43.605,283.036,-50.865,-10.532,-55.168,-5.176,-17.761,63.849,-28.012,0.799,-1.728,-1.879,0.653,-7.235,-1.396,0.949,0,0,1.45,0,0,-1.126,0,0,0.024,0,0,0.101,0,0,-0,0,0,0.005
31.77,333.703,961.552,971.822,335.912,1140.767,931.526,150.964,959.602,953.133,315.043,1001.861,1150.074,215.608,973.124,502.357,144.187,1412.051,512.131,-220.955,901.074,547.904,262.136,970.844,944.718,241.701,612.593,259.497,39.896,815.253,-83.581,-155.791,483.355,416.967,213.881,989.057,498.243,240.775,615.282,183.878,188.207,821.761,237.745,31.432,554.628,212.079,282.137,570.716,395.07,240.775,615.282,183.878,227.235,676.385,153.19,172.435,602.172,187.928,238.554,646.156,246.332,428.001,1094.6,539.205,466.138,1525.245,664.287,-20.258,1134.797,537.484,415.183,970.165,971.532,404.413,1086.84,108.799,532.414,1505.922,85.249,-14.565,1215.892,128.061,429.734,1103.706,546.569,402.187,1162.34,99.731,412.248,1144.753,320.672,181.949,1186.381,111.674,377.299,942.481,83.363,402.187,1162.34,99.731,404.349,1202.282,158.194,331.4,1162.265,102.399,403.753,1103.837,139.642,348.967,1016.2,1484.49,372.267,1180.726,1458.534,515.492,992.645,1484.669,345.507,990.475,1318.322,78.301,987.238,1186.7,-80.038,735.089,1215.968,313.88,828.423,1092.96,172.842,960.673,1469.301,125.328,1187.79,965.113,-45.712,1036.38,791.781,351.121,1035.575,875.269,80.757,997.713,1175.132,118.321,1226.2,942.32,55.565,1245.489,994.116,64.591,1186.532,891.993,131.282,1155.154,984.482,600.632,850.326,1153.16,693.772,564.663,1266.646,889.793,971.972,1222.045,496.383,932.522,1445.62,641.808,904.136,885.289,752.39,659.479,853.141,885.255,1006.551,943.284,601.512,851.476,1147.438,663.936,914.85,838.119,750.313,928.399,881.718,643.139,1009.584,849.882,623.292,895.17,924.758,365.821,1149.98,1742.09,366.232,1123.377,1750.815,393.541,1149.142,1738.227,361.89,1141.286,1715.766,294,1082.766,1743.115,432.213,1074.033,1726.59,278.326,947.705,1721.805,416.283,926.112,1698.158,267.528,983.977,1655.901,427.408,983.947,1636.931,364.987,1125.027,1741.524,330.968,882.903,1562.708,326.39,856.908,1525.933,320.739,814.885,1254.497,349.937,1023.052,1483.411,335.222,1071.123,1292.405,419.641,802.397,1406.768,171.374,961.878,1532.325,81.391,960.37,1435.021,49.473,1022.037,1199.616,85.648,1152.81,1053.375,150.889,1227.985,1015.213,67.218,1169.736,932.318,105.564,1230.125,952.85,506.901,934.929,1507.529,592.352,889.83,1396.717,630.547,885.92,1153.818,663.85,913.623,968.997,651.183,973.079,892.987,676.031,843.24,889.858,678.966,917.208,845.705,210.735,1036.974,1029.35,441.568,1039.291,1053.362,295.318,820.644,1089.878,356.744,814.053,1092.701,147.526,971.526,720.783,193.714,1063.996,847.834,197.068,1071.451,665.444,163.268,961.242,521.734,160.364,818.383,409.514,204.857,920.466,402.805,221.517,832.995,345.36,206.144,594.901,271.77,268.87,573.559,315.496,228.54,624.644,157.071,261.577,602.265,98.116,188.897,566.582,129.73,235.799,605.955,56.267,515.075,1029.038,772.529,470.098,1097.684,906.985,444.314,1150.386,703.743,483.251,1092.128,547.517,489.066,1089.734,359.234,430.124,1154.99,437.362,422.618,1149.926,350.464,441.702,1073.923,98.818,388.974,1022.089,75.454,410.419,1187.813,106.703,378.417,1241.631,67.748,463.817,1205.976,57.165,403.905,1288.918,66.348,377.683,1073.989,1393.567,381.799,1068.635,1432.333,329.981,1083.995,1400.641,300.211,791.29,1018.596,300.296,793.574,1057.172,348.941,790.388,1017.999,128.894,962.509,650.496,124.317,952.013,687.884,125.209,1009.979,661.777,152.823,739.267,372.709,143.96,769.733,397.219,151.253,770.464,335.315,521.749,1042.466,674.868,528.241,1027.312,710.354,522.826,1088.102,692.286,492.492,1059.381,255.013,499.41,1061.13,293.95,492.29,1108.173,252.926,242.371,960.184,962.169,425.036,962.92,981.476,215.608,973.124,502.357,428.001,1094.6,539.205,241.701,612.593,259.497,404.413,1086.84,108.799,240.775,615.282,183.878,402.187,1162.34,99.731,174.9,960.095,1475.46,494.114,934.311,1451.99,78.301,987.238,1186.7,600.632,850.326,1153.16,118.321,1226.2,942.32,663.936,914.85,838.119,326.713,977.716,1071.06,248.705,599.102,236.284,13.104,-11.84,-8.639,58.61,-1.184,-16.939,-19.885,-1.615,13.296,-40.057,6.513,1.323,28.806,3.811,-7.065,18.63,3.317,-11.851,6.909,-1.336,10.811,-39.021,4.329,4.652,-2.938,-7.485,-7.241,-2.938,7.485,7.241,10.887,19.409,21.622,45.446,-0,0,3.238,24.523,94.132,9.441,-6.922,7.476,-3.718,20.916,27.588,28.199,0,0,-5.545,15.107,77.958,9.441,6.922,-7.476,-11.916,14.096,-10.848,-94.258,2.616,-6.441,12.738,-5.839,-0.611,12.738,5.839,0.611,8.801,1.179,7.965,8.801,-1.179,-7.965,-18.278,8.071,-0.85,-18.278,-8.071,0.85,0,0,0,0,0,0,0.041,-0.187,1.596,-0.059,-0.072,0.483,-0.199,-0.098,0.131,-0.053,-0.005,1.56,-0.204,-0.026,0.569,-0.137,-0.006,-0,0,0,0,0,0,0,-356.6,-27.287,37.474,269.837,-42.515,-7.912,-50.586,-4.682,-14.149,45.724,-25.051,2.218,-4.579,-5.033,0.941,-5.914,-1.262,1.206,0,0,1.294,0,0,-0.86,0,0,0.06,0,0,0.066,0,0,-0.002,0,0,0.004
31.78,334.813,976.431,974.852,336.517,1155.535,934.041,151.948,974.208,957.463,317.365,1017.217,1153.118,216.562,1004.06,505.675,142.109,1441.908,530.154,-219.342,927.455,550.087,264.495,987.505,947.582,243.844,645.599,261.954,40.418,849.201,-79.606,-152.735,513.725,419.539,214.832,1020.638,502.792,242.7,649.724,186.403,190.518,855.2,244.331,33.373,588.766,214.064,284.63,601.116,396.589,242.7,649.724,186.403,229.383,711.808,157.646,174.305,636.851,190.284,240.846,678.682,249.78,428.493,1100.38,539.532,466.228,1533.416,656.198,-19.824,1139.926,537.75,416.527,984.316,974.205,404.202,1087.45,108.989,535.191,1505.294,80.408,-13.809,1219.741,127.261,430.217,1109.221,546.502,401.947,1162.91,99.572,411.874,1146.344,320.598,181.69,1186.905,111.263,377.17,942.966,84.2,401.947,1162.91,99.572,403.78,1202.986,157.954,331.149,1162.715,101.928,403.44,1104.499,139.62,350.323,1031.91,1487.48,373.045,1196.482,1461.301,516.928,1008.924,1487.588,346.851,1005.962,1321.347,79.654,999.031,1188.99,-81.075,748.899,1222.266,313.575,836.538,1097.427,174.279,975.858,1471.861,123.942,1192.16,959.4,-49.849,1035.242,793.879,348.145,1036.419,871.642,82.067,1009.553,1176.483,116.809,1229.34,934.824,54.494,1251.277,986.096,62.63,1187.306,886.96,130.025,1160.455,980.358,602.101,871.096,1154.83,698.897,585.342,1264.978,890.107,995.308,1223.976,497.984,949.028,1448.502,640.913,929.86,887.609,754.414,687.215,850.734,883.388,1034.435,945.824,602.936,872.359,1149.086,662.564,941.99,840.62,748.936,956.083,884.057,640.187,1036.062,854.594,622.756,919.688,927.011,367.738,1166.13,1744.91,368.168,1139.54,1753.674,395.452,1165.292,1741.008,363.77,1157.396,1718.605,295.925,1098.895,1746.145,434.088,1090.145,1729.425,280.353,963.746,1725.041,418.04,942.073,1701.208,269.336,999.988,1659.135,429.233,999.951,1639.908,366.909,1141.166,1744.381,332.803,898.843,1565.947,328.34,872.77,1529.208,322.668,830.385,1257.84,351.269,1038.765,1486.385,336.217,1086.406,1295.196,422.04,818.279,1410.259,172.917,977.18,1535.3,83.074,974.735,1437.826,51.559,1034.64,1201.306,85.459,1160.617,1049.541,149.944,1234.564,1007.393,65.497,1172.424,928.237,104.141,1233.796,945.247,508.571,951.473,1510.431,594.401,907.826,1399.305,631.928,906.752,1155.935,663.322,938.09,971.298,649.163,998.788,896.623,676.194,869.48,890.756,677.593,944.442,848.178,211.59,1052.495,1032.914,443.267,1054.313,1055.395,297.892,835.545,1093.385,358.897,829.142,1096.294,149.208,994.49,724.335,194.849,1083.1,853.241,198.082,1096.823,671.332,164.374,991.677,526.023,161.818,850.293,413.454,205.861,952.688,406.908,222.977,865.384,349.108,208.399,627.492,274.035,270.901,604.52,316.975,230.492,659.506,160.539,263.203,638.781,100.84,190.351,602.69,131.892,237.208,643.643,58.933,515.98,1039.547,773.933,471.208,1110.529,907.167,444.919,1159.525,703.036,483.828,1097.996,547.656,489.264,1092.566,359.274,430.782,1159.324,436.66,423.181,1153.137,349.902,441.368,1074.181,99.132,388.869,1022.085,75.652,410.142,1188.05,106.441,378.197,1241.764,67.2,463.758,1206.077,57.214,403.445,1288.896,65.604,378.646,1089.65,1396.332,382.837,1084.337,1435.081,330.914,1099.477,1403.457,302.754,805.901,1022.406,302.852,808.359,1060.961,351.481,805.072,1021.814,130.466,987.832,653.79,126.223,976.259,690.888,125.734,1035,666.31,154.634,771.395,376.346,145.761,801.781,400.924,153.015,802.601,338.979,522.562,1051.187,676.132,529.025,1036.663,711.85,523.537,1097.138,692.724,492.293,1061.013,255.371,499.369,1063.232,294.322,492.411,1109.792,252.716,243.416,974.926,965.849,426.21,977.936,983.854,216.562,1004.06,505.675,428.493,1100.38,539.532,243.844,645.599,261.954,404.202,1087.45,108.989,242.7,649.724,186.403,401.947,1162.91,99.572,176.479,975.319,1478.44,495.713,950.727,1454.9,79.654,999.031,1188.99,602.101,871.096,1154.83,116.809,1229.34,934.824,662.564,941.99,840.62,327.998,993.468,1073.59,250.697,632.013,238.757,15.149,-11.587,-8.778,60.157,-1.554,-16.952,-19.063,-1.637,13.493,-39.389,6.721,1.406,27.848,3.545,-6.885,18.161,3.362,-12.344,7.315,-1.382,11.266,-38.884,4.542,4.607,-3.083,-7.112,-7.191,-3.083,7.112,7.191,10.384,19.264,22.612,44.034,0,0,2.549,23.848,93.66,9.452,-6.999,7.302,-2.941,20.743,27.819,28.587,0,0,-5.161,15.264,78.169,9.452,6.999,-7.302,-13.021,13.998,-10.999,-93.998,2.581,-6.412,12.895,-5.432,-0.696,12.895,5.432,0.696,8.877,1.183,7.766,8.877,-1.183,-7.766,-18.369,8.147,-0.89,-18.369,-8.147,0.89,0,0,0,0,0,0,0.051,-0.195,1.513,-0.067,-0.062,0.408,-0.172,-0.092,0.134,0.006,-0.022,1.58,-0.172,-0.023,0.583,-0.136,-0.008,-0.001,0,0,0,0,0,0,-307.849,-28.689,33.03,245.144,-35.754,-4.13,-45.056,-4.141,-9.318,33.452,-14.102,3.108,-5.125,-6.859,1.055,-5.282,-1.196,1.311,0,0,1.115,0,0,-0.594,0,0,0.079,0,0,0.048,0,0,-0.003,0,0,0.003
31.79,335.729,991.117,977.876,336.759,1170.087,936.458,152.737,988.483,961.943,319.613,1032.464,1156.138,217.639,1034.63,509.728,141.15,1471.101,548.404,-217.806,954.534,552.457,266.532,1004.115,950.785,246.018,679.514,262.902,40.075,886.017,-75.392,-149.194,543.76,420.628,216.121,1051.571,508.216,244.654,685.893,187.511,193.201,889.684,251.702,35.249,624.68,213.997,287.094,630.93,396.022,244.654,685.893,187.511,231.766,749.209,161.365,176.17,673.377,190.959,243.091,712.219,252.034,429.015,1105.72,539.954,466.585,1541.027,647.895,-19.336,1144.872,538.112,417.843,998.343,976.875,404.087,1087.92,109.246,537.202,1504.753,76.1,-13.206,1222.569,126.693,430.83,1114.147,546.47,401.82,1163.33,99.486,411.685,1147.771,320.588,181.555,1187.333,111.003,377.092,943.314,85.107,401.82,1163.33,99.486,403.448,1203.52,157.796,331.016,1163.055,101.653,403.276,1104.998,139.651,351.609,1047.51,1490.5,373.717,1212.129,1464.094,518.297,1025.133,1490.556,348.151,1021.332,1324.403,80.809,1010.89,1191.35,-82.873,763.253,1228.646,312.585,844.216,1101.87,175.652,990.828,1474.386,122.236,1196,953.85,-54.818,1034.111,796.791,344.381,1036.249,868.088,83.155,1021.371,1177.906,114.935,1231.86,927.511,53.142,1256.494,978.186,60.241,1187.563,882.35,128.474,1165.346,976.355,603.689,892.013,1156.66,704.846,606.51,1263.49,890.179,1019.512,1226.122,499.535,965.427,1451.481,639.872,955.873,890.205,756.872,715.68,848.526,881.07,1063.215,948.685,604.471,893.392,1150.9,661.053,969.474,843.439,747.35,984.211,886.811,636.969,1062.76,859.661,622.088,944.455,929.469,369.359,1182.14,1747.79,369.817,1155.562,1756.588,397.071,1181.319,1743.869,365.379,1173.368,1721.499,297.62,1114.838,1749.161,435.736,1106.193,1732.36,282.235,979.606,1728.233,419.639,957.941,1704.315,271.006,1015.83,1662.311,430.939,1015.883,1642.964,368.55,1157.18,1747.287,334.58,914.669,1569.189,330.253,888.534,1532.48,324.604,845.775,1261.177,352.529,1054.357,1489.403,337.176,1101.612,1298.063,424.447,834.08,1413.774,174.37,992.27,1538.229,84.708,988.826,1440.539,53.612,1047.386,1203.054,85.076,1168.116,1045.813,148.75,1240.553,999.525,63.425,1174.655,924.523,102.373,1236.866,937.813,510.183,967.902,1513.405,596.411,925.794,1401.994,633.341,927.798,1158.215,662.655,962.852,973.839,646.89,1024.746,900.57,676.299,896.116,891.897,676.069,972.038,850.986,212.218,1067.709,1036.552,444.83,1069.255,1057.297,300.426,850.351,1096.945,361.097,844.138,1099.938,150.819,1017.514,728.31,195.976,1102.104,858.967,199.254,1121.961,677.659,165.56,1021.746,530.927,163.55,882.113,417.365,206.957,984.9,411.434,224.587,898.08,352.84,210.707,660.847,274.693,272.777,635.559,316.586,232.528,696.307,162.978,265.004,677.832,102.441,191.828,641.176,132.388,238.889,684.343,60.949,516.864,1049.735,775.364,472.366,1123.148,907.328,445.594,1168.236,702.3,484.437,1103.422,547.884,489.589,1095.175,359.396,431.453,1163.183,436.072,423.754,1155.967,349.468,441.149,1074.378,99.432,388.808,1022.066,75.873,409.993,1188.251,106.251,378.063,1241.885,66.789,463.744,1206.153,57.224,403.137,1288.886,65.031,379.536,1105.227,1399.149,383.81,1099.938,1437.88,331.781,1114.887,1406.346,305.213,820.414,1026.376,305.367,823.075,1064.91,353.935,819.617,1025.756,132.011,1013.147,657.552,128.047,1000.552,694.359,126.325,1060.007,671.29,156.559,803.717,379.392,147.74,833.862,404.196,154.914,835.14,342.243,523.338,1059.444,677.441,529.8,1045.585,713.397,524.237,1105.701,693.179,492.263,1062.553,255.775,499.506,1065.202,294.732,492.61,1111.316,252.605,244.267,989.405,969.603,427.191,992.828,986.15,217.639,1034.63,509.728,429.015,1105.72,539.954,246.018,679.514,262.902,404.087,1087.92,109.246,244.654,685.893,187.511,401.82,1163.33,99.486,177.996,990.33,1481.38,497.27,967.024,1457.89,80.809,1010.89,1191.35,603.689,892.013,1156.66,114.935,1231.86,927.511,661.053,969.474,843.439,329.21,1009.09,1076.13,252.652,665.933,239.782,17.183,-11.216,-8.777,61.293,-1.817,-17.188,-17.992,-1.681,13.897,-38.761,7.012,1.589,26.883,3.213,-6.777,17.601,3.416,-12.688,7.663,-1.414,11.588,-38.735,4.678,4.592,-3.256,-6.694,-7.181,-3.256,6.694,7.181,9.933,19.169,23.738,42.536,0,0,1.818,23.195,93.122,9.448,-7.037,7.142,-2.119,20.594,28.176,29.002,0,0,-4.81,15.484,78.322,9.448,7.037,-7.142,-14.767,13.805,-11.134,-93.739,2.564,-6.399,13.08,-4.976,-0.825,13.08,4.976,0.825,8.957,1.178,7.555,8.957,-1.178,-7.555,-18.451,8.171,-0.946,-18.451,-8.171,0.946,0,0,0,0,0,0,0.077,-0.207,1.434,-0.079,-0.052,0.346,-0.146,-0.084,0.13,0.05,-0.043,1.602,-0.144,-0.02,0.597,-0.137,-0.008,-0,0,0,0,0,0,0,-260.851,-32.877,30.604,213.209,-31.294,-0.154,-38.991,-3.591,-4.335,23.994,-1.935,3.442,-3.565,-7.456,0.962,-5.195,-1.194,1.232,0,0,0.938,0,0,-0.364,0,0,0.084,0,0,0.039,0,0,-0.003,0,0,0.002
31.8,336.543,1005.65,980.868,336.831,1184.471,938.8,153.433,1002.553,966.449,321.798,1047.604,1159.107,218.836,1064.76,514.373,141.321,1499.627,566.673,-216.369,982.299,554.993,268.244,1020.668,954.223,248.224,714.225,262.438,39.386,925.4,-71.164,-145.416,573.663,419.883,217.679,1081.848,514.27,246.564,723.526,187.358,196.264,924.887,259.625,37.014,662.198,212.386,289.662,660.348,393.392,246.564,723.526,187.358,234.136,788.133,164.331,177.99,711.368,190.255,245.233,746.696,253.085,429.593,1110.67,540.472,467.53,1548.095,639.339,-18.743,1149.986,538.559,419.097,1012.343,979.535,404.049,1088.26,109.57,538.526,1504.3,72.224,-12.755,1224.494,126.384,431.584,1118.58,546.481,401.787,1163.63,99.468,411.676,1149.071,320.637,181.525,1187.703,110.901,377.04,943.553,86.088,401.787,1163.63,99.468,403.304,1203.928,157.706,330.981,1163.295,101.545,403.244,1105.373,139.742,352.833,1062.99,1493.53,374.313,1227.657,1466.903,519.604,1041.24,1493.556,349.415,1036.584,1327.468,81.748,1022.79,1193.78,-85.502,778.212,1235.201,310.8,851.346,1106.321,176.983,1005.61,1476.874,120.235,1199.31,948.548,-60.641,1033.153,800.563,339.769,1034.987,864.722,84.004,1033.136,1179.41,112.703,1233.8,920.49,51.505,1261.124,970.504,57.45,1187.366,878.25,126.672,1169.843,972.524,605.364,913.06,1158.63,711.436,628.118,1262.138,890.005,1044.407,1228.52,501.03,981.71,1454.533,638.691,982.133,893.083,759.636,744.806,846.53,878.333,1092.716,951.924,606.086,914.558,1152.87,659.401,997.255,846.582,745.557,1012.719,889.981,633.501,1089.625,865.087,621.299,969.432,932.137,370.723,1198.03,1750.67,371.213,1171.463,1759.498,398.436,1197.239,1746.75,366.754,1189.224,1724.389,299.115,1130.607,1752.13,437.183,1122.173,1735.341,283.971,995.307,1731.339,421.11,973.728,1707.424,272.547,1031.521,1665.391,432.536,1031.749,1646.036,369.944,1173.073,1750.202,336.294,930.387,1572.389,332.119,904.21,1535.704,326.537,861.079,1264.469,353.727,1069.839,1492.422,338.134,1116.753,1300.971,426.843,849.817,1417.26,175.748,1007.175,1541.09,86.294,1002.714,1443.153,55.633,1060.266,1204.843,84.511,1175.305,1042.245,147.312,1245.945,991.71,61.041,1176.464,921.241,100.262,1239.354,930.657,511.723,984.206,1516.425,598.348,943.701,1404.773,634.767,949.027,1160.65,661.857,987.871,976.632,644.382,1050.907,904.831,676.334,923.11,893.295,674.392,999.946,854.133,212.764,1082.652,1040.201,446.317,1084.098,1059.114,302.851,865.11,1100.497,363.305,859.059,1103.563,152.334,1040.588,732.603,197.127,1121.027,864.93,200.548,1146.83,684.312,166.841,1051.415,536.26,165.494,913.827,421.045,208.192,1017.042,416.24,226.32,931.009,356.425,213.059,694.885,273.819,274.607,666.891,314.396,234.526,734.712,164.363,266.841,718.954,102.951,193.323,681.521,131.38,240.651,727.435,62.19,517.729,1059.619,776.805,473.611,1135.605,907.516,446.427,1176.577,701.5,485.093,1108.415,548.181,490.022,1097.585,359.589,432.164,1166.64,435.588,424.345,1158.477,349.147,441.025,1074.52,99.719,388.79,1022.042,76.112,409.953,1188.422,106.125,378.001,1241.997,66.494,463.765,1206.213,57.201,402.961,1288.892,64.599,380.376,1120.735,1401.986,384.731,1115.462,1440.698,332.603,1130.237,1409.267,307.472,834.91,1030.392,307.716,837.776,1068.909,356.192,834.068,1029.721,133.524,1038.41,661.66,129.756,1024.849,698.18,127.011,1084.964,676.607,158.568,836.165,381.734,149.85,865.907,406.915,156.91,868.01,344.997,524.064,1067.236,678.768,530.569,1054.088,714.971,524.945,1113.795,693.62,492.368,1063.996,256.23,499.77,1067.035,295.178,492.879,1112.739,252.584,245.02,1003.71,973.353,428.065,1007.6,988.384,218.836,1064.76,514.373,429.593,1110.67,540.472,248.224,714.225,262.438,404.049,1088.26,109.57,246.564,723.526,187.358,401.787,1163.63,99.468,179.464,1005.16,1484.25,498.773,983.195,1460.93,81.748,1022.79,1193.78,605.364,913.06,1158.63,112.703,1233.8,920.49,659.401,997.255,846.582,330.377,1024.6,1078.67,254.566,700.802,239.38,19.18,-10.758,-8.665,62.055,-1.959,-17.565,-16.711,-1.732,14.365,-38.267,7.258,1.882,25.89,2.845,-6.765,16.96,3.48,-12.856,7.961,-1.435,11.789,-38.582,4.767,4.609,-3.446,-6.256,-7.187,-3.446,6.256,7.187,9.52,19.132,25.014,40.985,0,-0,1.035,22.598,92.483,9.435,-7.039,6.997,-1.256,20.469,28.636,29.44,0,0,-4.484,15.755,78.437,9.435,7.039,-6.997,-17.048,13.497,-11.309,-93.479,2.571,-6.404,13.28,-4.502,-0.969,13.28,4.502,0.969,9.036,1.164,7.339,9.036,-1.164,-7.339,-18.525,8.148,-1.013,-18.525,-8.148,1.013,0,0,0,0,0,0,0.112,-0.221,1.357,-0.093,-0.043,0.298,-0.124,-0.076,0.12,0.076,-0.065,1.618,-0.121,-0.017,0.61,-0.139,-0.007,0.002,0,0,0,0,0,0,-219.886,-37.733,29.689,179.184,-28.907,3.069,-32.826,-3.08,-0.213,14.481,7.013,3.15,-0.238,-6.718,0.618,-5.469,-1.247,0.921,0,0,0.78,0,0,-0.19,0,0,0.079,0,0,0.03,0,0,0.001,0,0,0.002
31.81,337.341,1020.09,983.807,336.934,1198.758,941.095,154.128,1016.578,970.863,323.935,1062.659,1162.006,220.149,1094.43,519.456,142.545,1527.507,584.843,-215.028,1010.681,557.665,269.661,1037.125,957.769,250.473,749.642,260.686,38.878,967.067,-67.114,-141.653,603.671,416.984,219.428,1111.468,520.719,248.385,762.383,186.124,199.719,960.494,267.87,38.648,701.126,209.716,292.438,689.593,388.756,248.385,762.383,186.124,236.314,828.196,166.59,179.743,750.487,188.462,247.259,782.024,252.994,430.227,1115.27,541.076,469.283,1554.631,630.47,-18.026,1155.525,539.065,420.268,1026.409,982.165,404.074,1088.55,109.936,539.677,1503.862,68.751,-12.312,1226.12,126.231,432.407,1122.594,546.521,401.825,1163.88,99.501,411.789,1150.302,320.729,181.573,1188.053,110.905,377.024,943.751,87.107,401.825,1163.88,99.501,403.308,1204.279,157.67,331.019,1163.505,101.566,403.311,1105.694,139.875,353.999,1078.36,1496.51,374.848,1243.074,1469.674,520.851,1057.244,1496.532,350.652,1051.734,1330.482,82.449,1034.72,1196.26,-89.005,793.846,1241.98,308.123,857.867,1110.814,178.27,1020.24,1479.307,117.967,1202.13,943.572,-67.305,1032.572,805.196,334.264,1032.624,861.675,84.595,1044.836,1180.993,110.13,1235.2,913.852,49.6,1265.166,963.16,54.286,1186.795,874.716,124.647,1173.945,968.9,607.087,934.217,1160.72,718.442,650.098,1260.89,889.589,1069.791,1231.212,502.446,997.884,1457.628,637.385,1008.61,896.23,762.573,774.527,844.733,875.226,1122.751,955.578,607.746,935.838,1154.967,657.604,1025.29,850.038,743.566,1041.544,893.534,629.804,1116.61,870.854,620.412,994.599,935.01,371.865,1213.8,1753.53,372.392,1187.24,1762.378,399.581,1213.049,1749.626,367.925,1204.968,1727.253,300.43,1146.221,1755.015,438.456,1138.075,1738.308,285.562,1010.868,1734.318,422.476,989.444,1710.476,273.967,1047.076,1668.334,434.031,1047.547,1649.057,371.126,1188.844,1753.079,337.94,946,1575.493,333.927,919.801,1538.825,328.46,876.316,1267.669,354.867,1085.221,1495.394,339.112,1131.839,1303.874,429.213,865.505,1420.663,177.064,1021.927,1543.858,87.822,1016.481,1445.661,57.619,1073.251,1206.641,83.785,1182.194,1038.883,145.645,1250.749,984.044,58.383,1177.905,918.442,97.825,1241.29,923.876,513.18,1000.377,1519.459,600.185,961.517,1407.623,636.187,970.4,1163.223,660.941,1013.11,979.678,641.67,1077.226,909.397,676.295,950.425,894.948,672.561,1028.117,857.606,213.359,1097.391,1043.804,447.787,1098.824,1060.887,305.112,879.865,1103.974,365.47,873.918,1107.094,153.742,1063.66,737.105,198.332,1139.864,871.034,201.945,1171.377,691.187,168.225,1080.655,541.834,167.575,945.429,424.316,209.607,1049.057,421.192,228.153,964.106,359.753,215.455,729.543,271.508,276.496,698.699,310.468,236.409,774.422,164.734,268.594,761.761,102.473,194.823,723.316,129.083,242.329,772.395,62.656,518.574,1069.209,778.226,474.971,1147.946,907.735,447.458,1184.598,700.605,485.795,1112.985,548.525,490.519,1099.794,359.841,432.929,1169.762,435.191,424.96,1160.727,348.917,440.971,1074.621,99.996,388.804,1022.02,76.362,409.992,1188.571,106.049,377.991,1242.1,66.292,463.806,1206.263,57.153,402.888,1288.916,64.281,381.184,1136.189,1404.8,385.613,1130.928,1443.498,333.396,1145.533,1412.169,309.439,849.453,1034.339,309.797,852.507,1072.848,358.172,848.473,1033.596,134.998,1063.569,666.001,131.328,1049.09,702.235,127.811,1109.817,682.154,160.638,868.685,383.29,152.045,897.861,408.988,158.975,901.144,347.16,524.726,1074.578,680.084,531.326,1062.188,716.54,525.671,1121.436,694.013,492.552,1065.315,256.735,500.092,1068.705,295.655,493.199,1114.033,252.641,245.765,1017.94,977.029,428.917,1022.24,990.584,220.149,1094.43,519.456,430.227,1115.27,541.076,250.473,749.642,260.686,404.074,1088.55,109.936,248.385,762.383,186.124,401.825,1163.88,99.501,180.882,1019.84,1487.03,500.214,999.242,1463.97,82.449,1034.72,1196.26,607.087,934.217,1160.72,110.13,1235.2,913.852,657.604,1025.29,850.038,331.528,1039.99,1081.16,256.453,736.56,237.601,21.125,-10.252,-8.475,62.493,-1.978,-17.997,-15.262,-1.776,14.768,-37.946,7.36,2.285,24.85,2.477,-6.853,16.229,3.544,-12.893,8.213,-1.451,11.949,-38.43,4.809,4.647,-3.638,-5.818,-7.18,-3.638,5.818,7.18,9.129,19.154,26.455,39.411,-0,-0,0.205,22.082,91.726,9.403,-7.018,6.869,-0.358,20.365,29.172,29.9,0,0,-4.173,16.054,78.534,9.403,7.018,-6.869,-19.76,13.064,-11.563,-93.222,2.59,-6.418,13.479,-4.041,-1.098,13.479,4.041,1.098,9.111,1.14,7.122,9.111,-1.14,-7.122,-18.578,8.09,-1.089,-18.578,-8.09,1.089,0,0,0,0,0,0,0.153,-0.234,1.282,-0.109,-0.036,0.263,-0.107,-0.066,0.106,0.087,-0.085,1.625,-0.104,-0.013,0.618,-0.141,-0.005,0.004,0,0,0,0,0,0,-186.336,-41.66,29.469,147.492,-27.883,4.953,-27.023,-2.652,2.425,3.876,9.817,2.556,3.277,-5.447,0.164,-5.859,-1.342,0.515,0,0,0.647,0,0,-0.07,0,0,0.07,0,0,0.014,0,0,0.005,0,0,0.002
31.82,338.174,1034.48,986.664,337.2,1213.002,943.356,154.874,1030.679,975.118,326.058,1077.632,1164.815,221.579,1123.57,524.836,144.781,1554.715,602.741,-213.772,1039.586,560.462,270.82,1053.472,961.316,252.779,785.684,257.774,38.974,1010.769,-63.354,-138.111,633.998,411.706,221.294,1140.405,527.367,250.111,802.252,183.986,203.545,996.211,276.238,40.176,741.211,206.354,295.475,718.868,382.198,250.111,802.252,183.986,238.219,869.105,168.239,181.435,790.468,185.823,249.211,818.08,251.863,430.894,1119.58,541.744,471.876,1560.652,621.31,-17.196,1161.6,539.606,421.37,1040.557,984.711,404.14,1088.82,110.33,540.93,1503.378,65.628,-11.804,1227.774,126.158,433.247,1126.258,546.586,401.909,1164.1,99.571,411.972,1151.472,320.851,181.669,1188.389,110.973,377.036,943.927,88.137,401.909,1164.1,99.571,403.412,1204.597,157.672,331.104,1163.705,101.678,403.438,1105.981,140.041,355.11,1093.66,1499.39,375.338,1258.421,1472.368,522.041,1073.173,1499.435,351.863,1066.833,1333.392,82.889,1046.64,1198.76,-93.391,810.198,1249.03,304.463,863.718,1115.385,179.518,1034.745,1481.653,115.461,1204.51,938.981,-74.779,1032.572,810.646,327.827,1029.186,859.069,84.911,1056.448,1182.637,107.248,1236.1,907.673,47.451,1268.665,956.222,50.795,1185.894,871.818,122.433,1177.687,965.556,608.819,955.455,1162.91,725.605,672.345,1259.692,888.972,1095.402,1234.228,503.784,1013.941,1460.743,635.974,1035.26,899.63,765.518,804.733,843.112,871.837,1153.082,959.674,609.412,957.196,1157.155,655.662,1053.52,853.789,741.39,1070.623,897.421,625.907,1143.659,876.919,619.456,1019.936,938.09,372.823,1229.46,1756.31,373.392,1202.905,1765.171,400.544,1228.76,1752.429,368.921,1220.609,1730.034,301.579,1161.701,1757.776,439.579,1153.89,1741.201,287.007,1026.306,1737.126,423.749,1005.088,1713.413,275.271,1062.512,1671.105,435.422,1063.276,1651.964,372.131,1204.497,1755.869,339.518,961.511,1578.445,335.666,935.312,1541.785,330.364,891.506,1270.729,355.952,1100.517,1498.267,340.126,1146.878,1306.714,431.548,881.157,1423.93,178.326,1036.563,1546.499,89.28,1030.206,1448.049,59.558,1086.289,1208.402,82.92,1188.8,1035.759,143.771,1254.991,976.608,55.482,1179.058,916.157,95.092,1242.724,917.543,514.546,1016.419,1522.465,601.907,979.223,1410.516,637.586,991.866,1165.904,659.927,1038.525,982.965,638.792,1103.656,914.254,676.182,978.028,896.847,670.579,1056.5,861.381,214.114,1112.009,1047.32,449.291,1113.415,1062.649,307.168,894.644,1107.308,367.542,888.725,1110.459,155.043,1086.646,741.715,199.627,1158.595,877.185,203.436,1195.546,698.188,169.723,1109.433,547.481,169.726,976.908,427.049,211.233,1080.883,426.171,230.074,997.307,362.748,217.901,764.782,267.869,278.524,731.115,304.869,238.156,815.191,164.177,270.178,805.961,101.161,196.311,766.291,125.737,243.807,818.832,62.445,519.395,1078.52,779.592,476.468,1160.196,907.948,448.677,1192.343,699.597,486.523,1117.157,548.896,491.027,1101.785,360.141,433.745,1172.606,434.862,425.602,1162.773,348.756,440.957,1074.7,100.27,388.833,1022.011,76.62,410.079,1188.706,106.014,378.015,1242.198,66.159,463.853,1206.307,57.089,402.889,1288.955,64.047,381.974,1151.593,1407.544,386.467,1146.349,1446.234,334.173,1160.777,1414.989,311.055,864.091,1038.11,311.54,867.301,1076.62,359.822,862.878,1037.273,136.419,1088.57,670.476,132.748,1073.213,706.414,128.734,1134.504,687.833,162.757,901.237,384.008,154.287,929.692,410.348,161.106,934.487,348.674,525.32,1081.512,681.364,532.054,1069.922,718.075,526.417,1128.663,694.332,492.749,1066.482,257.288,500.395,1070.182,296.16,493.549,1115.168,252.767,246.553,1032.18,980.588,429.795,1036.77,992.741,221.579,1123.57,524.836,430.894,1119.58,541.744,252.779,785.684,257.774,404.14,1088.82,110.33,250.111,802.252,183.986,401.909,1164.1,99.571,182.257,1034.41,1489.68,501.588,1015.16,1466.97,82.889,1046.64,1198.76,608.819,955.455,1162.91,107.248,1236.1,907.673,655.662,1053.52,853.789,332.676,1055.31,1083.58,258.34,773.153,234.523,22.997,-9.722,-8.238,62.641,-1.87,-18.417,-13.685,-1.803,15.013,-37.779,7.271,2.773,23.755,2.127,-7.027,15.422,3.6,-12.833,8.43,-1.468,12.112,-38.283,4.816,4.697,-3.822,-5.383,-7.137,-3.822,5.383,7.137,8.745,19.239,28.073,37.852,-0,0,-0.703,21.633,90.826,9.361,-6.988,6.76,0.569,20.276,29.743,30.38,-0,0,-3.874,16.345,78.646,9.361,6.988,-6.76,-22.816,12.507,-11.912,-92.973,2.616,-6.437,13.663,-3.603,-1.188,13.663,3.603,1.188,9.18,1.106,6.909,9.18,-1.106,-6.909,-18.616,8.011,-1.177,-18.616,-8.011,1.177,0,0,0,0,0,0,0.195,-0.243,1.209,-0.124,-0.032,0.243,-0.096,-0.057,0.089,0.084,-0.101,1.619,-0.092,-0.01,0.622,-0.143,-0.002,0.006,0,0,0,0,0,0,-160.646,-43.213,29.241,121.036,-27.432,5.404,-21.885,-2.339,3.481,-5.597,6.159,1.934,5.809,-4.321,-0.264,-6.202,-1.463,0.14,0,0,0.54,0,0,0.007,0,0,0.061,0,0,-0.007,0,0,0.009,0,0,0.002
31.83,339.091,1048.86,989.405,337.759,1227.261,945.608,155.717,1044.969,979.133,328.188,1092.504,1167.515,223.125,1152.15,530.381,147.879,1581.222,620.316,-212.562,1068.83,563.365,271.789,1069.638,964.751,255.155,822.31,253.813,39.945,1056.329,-59.904,-134.928,664.868,403.966,223.242,1168.642,534.053,251.77,842.975,181.096,207.699,1031.812,284.523,41.656,782.209,202.511,298.769,748.387,373.821,251.77,842.975,181.096,239.876,910.655,169.406,183.091,831.15,182.515,251.165,854.735,249.798,431.553,1123.64,542.456,475.2,1566.17,611.861,-16.294,1168.17,540.17,422.438,1054.798,987.127,404.229,1089.14,110.726,542.717,1502.779,62.849,-11.104,1229.967,126.033,434.022,1129.623,546.664,402.014,1164.37,99.659,412.157,1152.649,320.985,181.785,1188.765,111.043,377.078,944.159,89.14,402.014,1164.37,99.659,403.573,1204.963,157.69,331.212,1163.971,101.839,403.591,1106.319,140.223,356.168,1108.88,1502.12,375.792,1273.687,1474.936,523.173,1089.01,1502.22,353.054,1081.875,1336.149,83.074,1058.53,1201.25,-98.527,827.25,1256.363,299.85,868.98,1120.098,180.727,1049.204,1483.887,112.74,1206.52,934.812,-82.923,1033.279,816.798,320.509,1024.845,857.032,84.961,1067.937,1184.305,104.099,1236.58,902.007,45.106,1271.72,949.737,47.014,1184.778,869.589,120.043,1181.129,962.539,610.52,976.745,1165.13,732.654,694.727,1258.438,888.221,1120.961,1237.525,505.056,1029.892,1463.81,634.484,1062.06,903.251,768.303,835.314,841.627,868.283,1183.477,964.201,611.045,978.615,1159.389,653.584,1081.92,857.805,739.052,1099.914,901.588,621.836,1170.739,883.276,618.473,1045.411,941.35,373.632,1244.99,1758.96,374.244,1218.437,1767.825,401.358,1244.343,1755.109,369.775,1236.128,1732.681,302.577,1177.068,1760.373,440.571,1169.608,1743.96,288.314,1041.636,1739.724,424.94,1020.661,1716.178,276.461,1077.845,1673.67,436.704,1078.933,1654.696,372.989,1220.033,1758.521,341.029,976.925,1581.191,337.329,950.746,1544.533,332.246,906.663,1273.603,356.985,1115.742,1500.989,341.187,1161.877,1309.429,433.843,896.779,1427.016,179.54,1051.13,1548.974,90.654,1043.966,1450.291,61.438,1099.313,1210.069,81.939,1195.153,1032.888,141.714,1258.713,969.469,52.363,1180.027,914.399,92.106,1243.723,911.71,515.817,1032.341,1525.395,603.517,996.814,1413.418,638.953,1013.372,1168.654,658.835,1064.073,986.468,635.792,1130.155,919.373,676,1005.883,898.969,668.455,1085.05,865.423,215.118,1126.578,1050.719,450.868,1127.865,1064.411,308.997,909.463,1110.43,369.471,903.49,1113.59,156.254,1109.451,746.339,201.049,1177.192,883.291,205.021,1219.285,705.234,171.346,1137.706,553.056,171.902,1008.248,429.169,213.086,1112.454,431.079,232.089,1030.56,365.364,220.399,800.602,263.005,280.726,764.232,297.672,239.792,856.839,162.806,271.559,851.352,99.191,197.763,810.303,121.573,245.028,866.482,61.716,520.193,1087.581,780.87,478.11,1172.36,908.089,450.036,1199.852,698.474,487.245,1120.974,549.276,491.498,1103.549,360.48,434.596,1175.224,434.581,426.273,1164.664,348.642,440.953,1074.78,100.545,388.856,1022.022,76.883,410.184,1188.837,106.005,378.055,1242.292,66.072,463.895,1206.35,57.017,402.931,1289.008,63.864,382.761,1166.949,1410.166,387.301,1161.736,1448.856,334.947,1175.972,1417.665,312.289,878.848,1041.609,312.904,882.176,1080.125,361.116,877.323,1040.653,137.765,1113.365,675.002,134.01,1097.156,710.624,129.78,1158.961,693.556,164.919,933.808,383.865,156.549,961.394,410.954,163.318,967.997,349.507,525.85,1088.106,682.589,532.737,1077.345,719.551,527.171,1135.538,694.561,492.899,1067.477,257.883,500.613,1071.448,296.689,493.907,1116.119,252.953,247.431,1046.52,983.966,430.752,1051.21,994.844,223.125,1152.15,530.381,431.553,1123.64,542.456,255.155,822.31,253.813,404.229,1089.14,110.726,251.77,842.975,181.096,402.014,1164.37,99.659,183.585,1048.93,1492.16,502.905,1030.98,1469.9,83.074,1058.53,1201.25,610.52,976.745,1165.13,104.099,1236.58,902.007,653.584,1081.92,857.805,333.835,1070.55,1085.88,260.259,810.535,230.239,24.781,-9.2,-7.985,62.533,-1.647,-18.775,-12.026,-1.808,15.055,-37.704,7,3.308,22.591,1.822,-7.257,14.537,3.639,-12.748,8.613,-1.491,12.345,-38.147,4.789,4.75,-3.982,-4.958,-7.038,-3.982,4.958,7.038,8.346,19.383,29.851,36.349,-0,-0,-1.684,21.218,89.815,9.309,-6.955,6.66,1.517,20.193,30.307,30.876,0,0,-3.552,16.605,78.808,9.309,6.955,-6.66,-26.141,11.846,-12.348,-92.735,2.637,-6.453,13.815,-3.205,-1.216,13.815,3.205,1.216,9.242,1.061,6.702,9.242,-1.061,-6.702,-18.636,7.917,-1.264,-18.636,-7.917,1.264,0,0,0,0,0,0,0.233,-0.246,1.139,-0.136,-0.03,0.235,-0.092,-0.049,0.072,0.071,-0.111,1.597,-0.085,-0.006,0.62,-0.145,0.001,0.009,0,0,0,0,0,0,-141.128,-41.893,28.647,101.358,-26.968,4.777,-17.659,-2.154,3.319,-13.407,-1.762,1.495,6.462,-4.104,-0.595,-6.368,-1.597,-0.139,0,0,0.451,0,0,0.057,0,0,0.052,0,0,-0.028,0,0,0.011,0,0,0.002
31.84,340.12,1063.28,991.996,338.69,1241.593,947.844,156.682,1059.546,982.857,330.352,1107.297,1170.08,224.786,1180.1,535.982,151.709,1606.981,637.401,-211.36,1098.212,566.39,272.64,1085.652,968.004,257.603,859.505,248.89,41.819,1103.592,-56.655,-132.127,696.418,393.844,225.253,1196.14,540.659,253.403,884.445,177.57,212.103,1067.138,292.532,43.152,823.901,198.25,302.265,778.348,363.728,253.403,884.445,177.57,241.367,952.708,170.219,184.746,872.456,178.656,253.202,891.873,246.877,432.161,1127.48,543.191,478.975,1571.195,602.188,-15.375,1175.021,540.755,423.527,1069.068,989.362,404.322,1089.52,111.114,545.18,1502.014,60.364,-10.172,1232.865,125.775,434.681,1132.75,546.749,402.121,1164.72,99.753,412.295,1153.864,321.121,181.899,1189.205,111.075,377.137,944.474,90.1,402.121,1164.72,99.753,403.749,1205.407,157.717,331.321,1164.333,102.013,403.735,1106.734,140.409,357.182,1124.06,1504.65,376.232,1288.913,1477.335,524.257,1104.784,1504.834,354.231,1096.904,1338.7,83.008,1070.35,1203.66,-104.276,844.956,1263.9,294.324,873.731,1124.961,181.888,1063.634,1485.945,109.824,1208.27,931.083,-91.607,1034.839,823.513,312.36,1019.819,855.655,84.75,1079.305,1185.962,100.73,1236.7,896.887,42.608,1274.422,943.707,42.986,1183.534,868.039,117.483,1184.32,959.886,612.154,998.058,1167.34,739.354,717.125,1257.085,887.399,1146.242,1241.088,506.241,1045.761,1466.78,632.938,1088.99,907.057,770.802,866.177,840.222,864.669,1213.747,969.146,612.612,1000.058,1161.609,651.376,1110.43,862.052,736.573,1129.356,905.97,617.639,1197.808,889.845,617.483,1071.029,944.782,374.316,1260.42,1761.43,374.972,1233.867,1770.289,402.048,1259.83,1757.61,370.507,1251.556,1735.145,303.436,1192.337,1762.765,441.45,1185.222,1746.536,289.488,1056.87,1742.074,426.059,1036.168,1718.723,277.547,1093.087,1675.998,437.872,1094.513,1657.201,373.724,1235.457,1760.991,342.476,992.252,1583.685,338.912,966.11,1547.02,334.099,921.798,1276.244,357.975,1130.916,1503.512,342.298,1176.843,1311.961,436.095,912.377,1429.883,180.709,1065.674,1551.243,91.934,1057.821,1452.355,63.244,1112.245,1211.579,80.864,1201.291,1030.27,139.503,1261.974,962.678,49.045,1180.931,913.159,88.915,1244.374,906.405,516.996,1048.156,1528.199,605.029,1014.296,1416.283,640.282,1034.863,1171.428,657.691,1089.711,990.152,632.719,1156.687,924.721,675.751,1033.957,901.283,666.2,1113.72,869.694,216.43,1141.158,1053.974,452.548,1142.172,1066.158,310.594,924.326,1113.281,371.217,918.221,1116.427,157.4,1131.985,750.893,202.635,1195.62,889.272,206.699,1242.556,712.258,173.101,1165.423,558.451,174.083,1039.43,430.651,215.159,1143.708,435.839,234.211,1063.823,367.577,222.945,837.035,257.014,283.101,798.123,288.966,241.368,899.238,160.746,272.745,897.796,96.741,199.162,855.29,116.801,246.001,915.175,60.655,520.968,1096.437,782.031,479.884,1184.43,908.086,451.46,1207.162,697.245,487.926,1124.493,549.655,491.892,1105.096,360.852,435.452,1177.662,434.334,426.965,1166.448,348.559,440.932,1074.881,100.826,388.851,1022.058,77.152,410.283,1188.973,106.014,378.098,1242.387,66.008,463.922,1206.396,56.943,402.99,1289.074,63.703,383.56,1182.256,1412.616,388.128,1177.089,1451.315,335.729,1191.119,1420.138,313.143,893.733,1044.753,313.885,897.136,1083.281,362.053,891.84,1043.657,139.017,1137.907,679.516,135.118,1120.864,714.791,130.944,1183.126,699.252,167.124,966.409,382.853,158.814,992.987,410.783,165.637,1001.653,349.641,526.327,1094.445,683.746,533.361,1084.524,720.947,527.915,1142.136,694.693,492.958,1068.302,258.514,500.7,1072.509,297.239,494.249,1116.888,253.191,248.426,1061.02,987.124,431.814,1065.55,996.867,224.786,1180.1,535.982,432.161,1127.48,543.191,257.603,859.505,248.89,404.322,1089.52,111.114,253.403,884.445,177.57,402.121,1164.72,99.753,184.863,1063.43,1494.44,504.155,1046.7,1472.68,83.008,1070.35,1203.66,612.154,998.058,1167.34,100.73,1236.7,896.887,651.376,1110.43,862.052,335.007,1085.75,1088.04,262.234,848.68,224.856,26.456,-8.71,-7.744,62.176,-1.322,-19.052,-10.335,-1.791,14.903,-37.635,6.59,3.839,21.36,1.577,-7.497,13.587,3.656,-12.692,8.771,-1.525,12.671,-38.018,4.739,4.8,-4.107,-4.544,-6.871,-4.107,4.544,6.871,7.922,19.581,31.768,34.928,-0,-0,-2.729,20.792,88.722,9.244,-6.93,6.577,2.476,20.115,30.83,31.395,0,0,-3.225,16.794,79.04,9.244,6.93,-6.577,-29.68,11.113,-12.846,-92.51,2.645,-6.466,13.924,-2.852,-1.166,13.924,2.852,1.166,9.294,1.005,6.505,9.294,-1.005,-6.505,-18.634,7.819,-1.355,-18.634,-7.819,1.355,0,0,0,0,0,0,0.262,-0.24,1.071,-0.145,-0.029,0.238,-0.096,-0.043,0.056,0.053,-0.114,1.562,-0.083,-0.002,0.615,-0.146,0.004,0.01,0,0,0,0,0,0,-128.893,-37.347,27.833,88.565,-26.389,3.599,-14.535,-2.094,2.485,-18.385,-10.514,1.337,5.29,-5.235,-0.8,-6.283,-1.73,-0.3,0,0,0.384,0,0,0.092,0,0,0.044,0,0,-0.044,0,0,0.009,0,0,0.002
31.85,341.253,1077.77,994.397,340,1256.035,950.05,157.759,1074.461,986.279,332.576,1122.011,1172.482,226.562,1207.38,541.542,156.125,1631.951,653.931,-210.123,1127.527,569.522,273.446,1101.474,971.006,260.115,897.292,243.073,44.51,1152.454,-53.416,-129.678,728.776,381.501,227.335,1222.858,547.098,255.05,926.609,173.495,216.671,1102.102,300.098,44.713,866.15,193.539,305.885,808.941,352.014,255.05,926.609,173.495,242.8,995.174,170.764,186.431,914.382,174.314,255.377,929.442,243.141,432.685,1131.16,543.927,482.908,1575.78,592.355,-14.493,1181.952,541.35,424.674,1083.33,991.367,404.403,1090,111.486,548.313,1501.113,58.156,-9.009,1236.514,125.356,435.203,1135.693,546.838,402.212,1165.15,99.841,412.365,1155.125,321.25,181.992,1189.701,111.052,377.205,944.873,91.015,402.212,1165.15,99.841,403.915,1205.943,157.729,331.414,1164.787,102.18,403.856,1107.239,140.603,358.161,1139.2,1506.93,376.674,1304.097,1479.51,525.299,1120.484,1507.228,355.401,1111.917,1340.998,82.738,1082.06,1205.94,-110.308,863.117,1271.544,288.13,878.209,1130.006,183.009,1078.102,1487.786,106.736,1209.85,927.788,-100.554,1037.204,830.587,303.592,1014.466,855.009,84.325,1090.508,1187.555,97.194,1236.58,892.324,40.011,1276.912,938.113,38.758,1182.318,867.143,114.76,1187.365,957.611,613.708,1019.36,1169.49,745.583,739.437,1255.566,886.573,1171.087,1244.861,507.356,1061.541,1469.602,631.36,1116.01,911.009,772.945,897.223,838.865,861.087,1243.75,974.465,614.099,1021.493,1163.769,649.055,1139.01,866.489,733.982,1158.884,910.511,613.354,1224.817,896.625,616.523,1096.728,948.339,374.903,1275.74,1763.7,375.602,1249.183,1772.545,402.64,1275.208,1759.909,371.14,1266.883,1737.406,304.172,1207.521,1764.916,442.227,1200.73,1748.883,290.539,1072.02,1744.141,427.118,1051.618,1721.005,278.535,1108.254,1678.058,438.925,1110.017,1659.439,374.361,1250.777,1763.239,343.861,1007.503,1585.886,340.417,981.411,1549.207,335.917,936.918,1278.612,358.932,1146.055,1505.792,343.464,1191.781,1314.253,438.301,927.95,1432.501,181.833,1080.248,1553.263,93.12,1071.816,1454.197,64.958,1125.011,1212.871,79.715,1207.255,1027.886,137.169,1264.848,956.266,45.545,1181.895,912.406,85.569,1244.775,901.632,518.087,1063.879,1530.822,606.461,1031.684,1419.061,641.572,1056.288,1174.173,656.52,1115.396,993.974,629.62,1183.221,930.262,675.437,1062.214,903.752,663.832,1142.468,874.149,218.075,1155.792,1057.056,454.343,1156.343,1067.854,311.963,939.232,1115.809,372.755,932.926,1118.92,158.512,1154.169,755.307,204.412,1213.843,895.054,208.47,1265.333,719.193,174.995,1192.53,563.587,176.271,1070.436,431.495,217.429,1174.588,440.395,236.454,1097.068,369.381,225.527,874.138,249.983,285.61,832.86,278.859,242.938,942.313,158.116,273.786,945.188,93.976,200.503,901.23,111.596,246.782,964.791,59.437,521.721,1105.145,783.052,481.755,1196.391,907.872,452.873,1214.306,695.923,488.538,1127.779,550.022,492.19,1106.459,361.251,436.285,1179.962,434.11,427.665,1168.162,348.497,440.875,1075.022,101.118,388.799,1022.12,77.43,410.357,1189.122,106.029,378.133,1242.486,65.949,463.928,1206.447,56.872,403.044,1289.153,63.538,384.385,1197.517,1414.849,388.958,1192.41,1453.561,336.533,1206.222,1422.356,313.64,908.734,1047.485,314.507,912.176,1086.022,362.646,906.445,1046.231,140.161,1162.155,683.964,136.082,1144.286,718.858,132.215,1206.944,704.855,169.374,999.068,380.979,161.076,1024.511,409.826,168.08,1035.454,349.083,526.769,1100.616,684.826,533.919,1091.532,722.25,528.633,1148.538,694.729,492.903,1068.984,259.171,500.638,1073.398,297.804,494.56,1117.5,253.473,249.528,1075.72,990.036,432.978,1079.83,998.758,226.562,1207.38,541.542,432.685,1131.16,543.927,260.115,897.292,243.073,404.403,1090,111.486,255.05,926.609,173.495,402.212,1165.15,99.841,186.096,1077.98,1496.47,505.341,1062.34,1475.28,82.738,1082.06,1205.94,613.708,1019.36,1169.49,97.194,1236.58,892.324,649.055,1139.01,866.489,336.192,1100.92,1090.02,264.274,887.586,218.488,28.016,-8.26,-7.538,61.577,-0.916,-19.246,-8.657,-1.757,14.59,-37.514,6.101,4.328,20.067,1.389,-7.704,12.585,3.65,-12.701,8.904,-1.568,13.094,-37.91,4.671,4.843,-4.19,-4.13,-6.632,-4.19,4.13,6.632,7.451,19.821,33.766,33.618,0,0,-3.8,20.308,87.627,9.17,-6.915,6.506,3.442,20.038,31.29,31.934,0,-0,-2.858,16.902,79.35,9.17,6.915,-6.506,-33.39,10.341,-13.374,-92.295,2.64,-6.472,13.984,-2.533,-1.033,13.984,2.533,1.033,9.337,0.94,6.321,9.337,-0.94,-6.321,-18.615,7.724,-1.444,-18.615,-7.724,1.444,0,0,0,0,0,0,0.279,-0.225,1.008,-0.148,-0.03,0.252,-0.105,-0.038,0.043,0.034,-0.109,1.516,-0.084,0.002,0.606,-0.146,0.007,0.011,0,0,0,0,0,0,-121.433,-29.785,27.109,81.113,-25.786,2.357,-12.358,-2.147,1.5,-17.251,-17.606,1.38,1.793,-7.506,-0.822,-5.953,-1.851,-0.293,0,0,0.331,0,0,0.123,0,0,0.036,0,0,-0.044,0,0,0.003,0,0,0.002
31.86,342.496,1092.35,996.565,341.707,1270.608,952.177,158.953,1089.741,989.348,334.862,1136.668,1174.679,228.443,1233.96,546.977,160.907,1656.109,669.788,-208.81,1156.509,572.756,274.293,1117.149,973.716,262.672,935.71,236.417,47.824,1202.806,-49.938,-127.506,762.019,367.152,229.495,1248.744,553.289,256.739,969.449,168.943,221.31,1136.662,307.086,46.369,908.881,188.305,309.542,840.336,338.767,256.739,969.449,168.943,244.273,1037.996,171.083,188.165,956.96,169.531,257.701,967.449,238.612,433.108,1134.71,544.647,486.697,1579.97,582.416,-13.693,1188.714,541.931,425.889,1097.538,993.112,404.457,1090.57,111.842,551.965,1500.096,56.182,-7.66,1240.77,124.784,435.586,1138.492,546.931,402.272,1165.68,99.919,412.362,1156.475,321.367,182.049,1190.281,110.976,377.259,945.372,91.901,402.272,1165.68,99.919,404.039,1206.59,157.722,331.476,1165.347,102.32,403.93,1107.851,140.797,359.118,1154.31,1508.93,377.144,1319.247,1481.426,526.313,1136.11,1509.363,356.566,1126.921,1343.012,82.29,1093.65,1208.04,-116.428,881.617,1279.174,281.428,882.586,1135.219,184.083,1092.629,1489.365,103.497,1211.35,924.904,-109.582,1040.341,837.857,294.363,1009.057,855.109,83.712,1101.545,1189.054,93.538,1236.29,888.308,37.362,1279.286,932.903,34.371,1181.218,866.872,111.885,1190.338,955.724,615.158,1040.62,1171.51,751.177,761.542,1253.801,885.82,1195.317,1248.766,508.395,1077.25,1472.204,629.77,1143.12,915.066,774.646,928.384,837.489,857.642,1273.361,980.108,615.483,1042.898,1165.805,646.64,1167.62,871.078,731.304,1188.463,915.159,609.035,1251.755,903.522,615.601,1122.539,952.009,375.413,1290.97,1765.71,376.152,1264.407,1774.533,403.155,1290.492,1761.949,371.695,1282.129,1739.404,304.804,1222.63,1766.792,442.914,1216.133,1750.967,291.475,1087.101,1745.897,428.128,1067.019,1722.988,279.438,1123.358,1679.825,439.867,1125.448,1661.38,374.918,1266.004,1765.233,345.184,1022.694,1587.765,341.848,996.66,1551.064,337.689,952.026,1280.673,359.868,1161.174,1507.792,344.686,1206.699,1316.258,440.456,943.498,1434.844,182.909,1094.899,1554.991,94.213,1085.976,1455.772,66.559,1137.546,1213.891,78.506,1213.085,1025.704,134.74,1267.414,950.249,41.888,1183.031,912.084,82.118,1245.033,897.374,519.094,1079.521,1533.214,607.83,1048.993,1421.694,642.825,1077.609,1176.832,655.344,1141.089,997.886,626.54,1209.734,935.955,675.06,1090.619,906.339,661.372,1171.253,878.748,220.044,1170.517,1059.933,456.253,1170.386,1069.439,313.122,954.175,1117.979,374.077,947.614,1121.033,159.625,1175.95,759.523,206.395,1231.828,900.572,210.332,1287.602,725.973,177.023,1218.976,568.411,178.476,1101.253,431.711,219.857,1205.048,444.704,238.825,1130.273,370.779,228.124,911.986,241.996,288.198,868.529,267.48,244.545,986.02,155.024,274.756,993.431,91.037,201.797,948.104,106.099,247.464,1015.223,58.213,522.449,1113.77,783.918,483.661,1208.234,907.401,454.212,1221.316,694.52,489.062,1130.896,550.371,492.389,1107.694,361.672,437.069,1182.162,433.905,428.352,1169.84,348.452,440.77,1075.215,101.424,388.687,1022.21,77.719,410.393,1189.291,106.043,378.154,1242.592,65.881,463.911,1206.508,56.804,403.083,1289.249,63.349,385.248,1212.736,1416.823,389.804,1207.694,1455.552,337.371,1221.29,1424.281,313.824,923.833,1049.767,314.821,927.281,1088.309,362.921,921.148,1048.346,141.203,1186.065,688.302,136.924,1167.378,722.778,133.586,1230.374,710.306,171.668,1031.826,378.263,163.331,1056.012,408.084,170.646,1069.412,347.854,527.194,1106.699,685.823,534.415,1098.438,723.452,529.312,1154.818,694.678,492.732,1069.567,259.841,500.437,1074.171,298.377,494.83,1118.005,253.79,250.743,1090.64,992.655,434.248,1094.05,1000.48,228.443,1233.96,546.977,433.108,1134.71,544.647,262.672,935.71,236.417,404.457,1090.57,111.842,256.739,969.449,168.943,402.272,1165.68,99.919,187.282,1092.6,1498.2,506.462,1077.91,1477.65,82.29,1093.65,1208.04,615.158,1040.62,1171.51,93.538,1236.29,888.308,646.64,1167.62,871.078,337.385,1116.07,1091.78,266.371,927.275,211.252,29.453,-7.871,-7.388,60.73,-0.453,-19.364,-7.027,-1.71,14.167,-37.321,5.593,4.747,18.719,1.258,-7.837,11.542,3.629,-12.792,9.013,-1.62,13.595,-37.816,4.602,4.875,-4.229,-3.722,-6.323,-4.229,3.722,6.323,6.93,20.093,35.802,32.429,-0,0,-4.878,19.723,86.588,9.086,-6.906,6.445,4.41,19.962,31.661,32.497,0,0,-2.482,16.901,79.748,9.086,6.906,-6.445,-37.245,9.56,-13.902,-92.084,2.623,-6.473,13.994,-2.251,-0.815,13.994,2.251,0.815,9.373,0.869,6.153,9.373,-0.869,-6.153,-18.576,7.631,-1.525,-18.576,-7.631,1.525,0,0,0,0,0,0,0.281,-0.201,0.953,-0.148,-0.03,0.273,-0.12,-0.035,0.033,0.018,-0.097,1.461,-0.086,0.005,0.596,-0.146,0.01,0.01,0,0,0,0,0,0,-115.371,-22.259,26.783,77.108,-25.359,1.356,-10.821,-2.289,0.701,-11.885,-21.627,1.565,-3.727,-10.657,-0.643,-5.453,-1.953,-0.097,0,0,0.286,0,0,0.153,0,0,0.03,0,0,-0.033,0,0,-0.007,0,0,0.001
31.87,343.809,1106.99,998.457,343.751,1285.272,954.16,160.224,1105.346,992.081,337.225,1151.257,1176.625,230.42,1259.79,552.208,165.981,1679.436,684.867,-207.408,1185.019,576.059,275.222,1132.668,976.102,265.254,974.831,228.984,51.55,1254.538,-45.959,-125.523,796.235,351.031,231.747,1273.773,559.151,258.487,1012.97,163.979,225.935,1170.838,313.368,48.132,952.083,182.484,313.168,872.722,324.102,258.487,1012.97,163.979,245.849,1081.141,171.168,189.958,1000.228,164.335,260.149,1005.967,233.311,433.44,1138.15,545.34,490.1,1583.809,572.401,-12.996,1195.083,542.459,427.164,1111.669,994.578,404.472,1091.21,112.195,555.827,1499.028,54.364,-6.228,1245.326,124.124,435.868,1141.22,547.03,402.295,1166.28,99.988,412.306,1157.91,321.472,182.07,1190.936,110.874,377.271,945.945,92.792,402.295,1166.28,99.988,404.117,1207.312,157.703,331.5,1165.99,102.429,403.945,1108.537,140.987,360.062,1169.41,1510.63,377.653,1334.382,1483.059,527.306,1151.674,1511.211,357.724,1141.932,1344.723,81.722,1105.1,1209.9,-122.302,900.174,1286.623,274.572,887.138,1140.559,185.114,1107.268,1490.635,100.146,1212.87,922.391,-118.404,1044.083,845.12,284.983,1003.964,855.93,82.971,1112.406,1190.413,89.816,1235.97,884.811,34.69,1281.64,928.037,29.893,1180.388,867.117,108.883,1193.331,954.176,616.51,1061.81,1173.37,756.122,783.385,1251.761,885.185,1218.88,1252.742,509.368,1092.884,1474.555,628.184,1170.29,919.191,775.908,959.609,836.064,854.384,1302.529,986.015,616.772,1064.246,1167.673,644.155,1196.25,875.782,728.571,1218.047,919.875,604.735,1278.614,910.535,614.737,1148.432,955.741,375.86,1306.12,1767.46,376.636,1279.548,1776.255,403.607,1305.695,1763.728,372.185,1297.301,1741.14,305.349,1237.675,1768.366,443.52,1231.437,1752.762,292.301,1102.127,1747.317,429.091,1082.378,1724.645,280.267,1138.415,1681.274,440.713,1140.815,1663.005,375.41,1281.15,1766.947,346.439,1037.843,1589.301,343.208,1011.869,1552.571,339.401,967.123,1282.397,360.794,1176.281,1509.48,345.963,1221.605,1317.941,442.554,959.017,1436.89,183.934,1109.669,1556.39,95.221,1100.31,1457.035,68.022,1149.807,1214.599,77.248,1218.815,1023.679,132.245,1269.758,944.625,38.115,1184.428,912.122,78.609,1245.252,893.598,520.024,1095.092,1535.329,609.144,1066.234,1424.127,644.048,1098.799,1179.351,654.183,1166.758,1001.842,623.517,1236.205,941.762,674.619,1119.127,909.003,658.843,1200.036,883.454,222.294,1185.37,1062.561,458.265,1184.321,1070.838,314.091,969.151,1119.767,375.189,962.298,1122.743,160.764,1197.296,763.491,208.585,1249.547,905.76,212.288,1309.356,732.521,179.173,1244.716,572.879,180.716,1131.878,431.304,222.399,1235.051,448.731,241.317,1163.426,371.775,230.715,950.654,233.138,290.798,905.229,254.975,246.215,1030.337,151.557,275.737,1042.432,88.039,203.075,995.878,100.42,248.152,1066.359,57.098,523.156,1122.371,784.62,485.528,1219.96,906.651,455.44,1228.221,693.044,489.498,1133.901,550.695,492.5,1108.868,362.108,437.793,1184.297,433.715,429.008,1171.506,348.421,440.613,1075.465,101.747,388.511,1022.328,78.025,410.39,1189.481,106.052,378.158,1242.708,65.797,463.873,1206.58,56.741,403.102,1289.364,63.121,386.157,1227.918,1418.506,390.674,1222.941,1457.253,338.25,1236.33,1425.884,313.752,939.005,1051.586,314.886,942.437,1090.124,362.913,935.945,1049.996,142.168,1209.591,692.481,137.673,1190.108,726.511,135.05,1253.38,715.544,174,1064.724,374.735,165.583,1087.531,405.569,173.311,1103.548,345.999,527.621,1112.755,686.735,534.866,1105.3,724.549,529.955,1161.039,694.551,492.46,1070.109,260.511,500.131,1074.897,298.953,495.058,1118.467,254.132,252.032,1105.77,994.966,435.586,1108.22,1001.95,230.42,1259.79,552.208,433.44,1138.15,545.34,265.254,974.831,228.984,404.472,1091.21,112.195,258.487,1012.97,163.979,402.295,1166.28,99.988,188.421,1107.33,1499.61,507.522,1093.42,1479.74,81.722,1105.1,1209.9,616.51,1061.81,1173.37,89.816,1235.97,884.811,644.155,1196.25,875.782,338.578,1131.21,1093.29,268.506,967.783,203.266,30.771,-7.538,-7.301,59.628,0.056,-19.431,-5.481,-1.658,13.684,-37.07,5.11,5.092,17.329,1.156,-7.862,10.474,3.606,-12.954,9.101,-1.675,14.128,-37.721,4.537,4.894,-4.229,-3.308,-5.951,-4.229,3.308,5.951,6.349,20.382,37.804,31.368,-0,-0,-5.9,19.038,85.671,8.994,-6.904,6.398,5.378,19.888,31.939,33.086,0,-0,-2.08,16.797,80.218,8.994,6.904,-6.398,-41.214,8.797,-14.407,-91.87,2.603,-6.476,13.962,-1.989,-0.513,13.962,1.989,0.513,9.404,0.796,6.005,9.404,-0.796,-6.005,-18.524,7.543,-1.603,-18.524,-7.543,1.603,0,0,0,0,0,0,0.268,-0.17,0.91,-0.146,-0.029,0.302,-0.14,-0.034,0.026,0.007,-0.078,1.402,-0.09,0.008,0.585,-0.145,0.012,0.009,0,0,0,0,0,0,-109.991,-16.956,27.002,75.079,-25.312,0.584,-9.838,-2.496,0.088,-5.869,-21.527,1.692,-9.458,-13.873,-0.399,-4.924,-2.032,0.153,0,0,0.248,0,0,0.185,0,0,0.025,0,0,-0.018,0,0,-0.018,0,0,0.001
31.88,345.166,1121.73,1000.02,346.078,1300.057,955.912,161.548,1121.291,994.449,339.653,1165.845,1178.262,232.477,1284.83,557.153,171.312,1701.942,699.032,-205.926,1212.983,579.38,276.237,1148.05,978.139,267.835,1014.71,220.842,55.492,1307.517,-41.214,-123.662,831.483,333.344,234.085,1297.89,564.599,260.296,1057.18,158.669,230.467,1204.671,318.843,49.991,995.787,176.036,316.696,906.262,308.14,260.296,1057.18,158.669,247.552,1124.591,170.999,191.808,1044.218,158.75,262.667,1045.08,227.274,433.708,1141.54,545.99,492.979,1587.38,562.369,-12.402,1200.961,542.875,428.459,1125.716,995.742,404.439,1091.9,112.553,559.628,1497.975,52.656,-4.808,1249.908,123.448,436.088,1143.906,547.135,402.28,1166.92,100.048,412.23,1159.426,321.566,182.057,1191.66,110.776,377.217,946.563,93.719,402.28,1166.92,100.048,404.14,1208.081,157.67,331.486,1166.678,102.506,403.905,1109.269,141.177,360.999,1184.51,1511.98,378.219,1349.512,1484.353,528.285,1167.175,1512.714,358.872,1156.955,1346.083,81.073,1116.4,1211.48,-127.738,918.575,1293.76,267.822,892.034,1145.97,186.096,1122.038,1491.561,96.726,1214.47,920.199,-126.825,1048.253,852.221,275.713,999.423,857.411,82.141,1123.088,1191.604,86.073,1235.71,881.781,32.021,1284.013,923.474,25.388,1179.908,867.757,105.793,1196.389,952.902,617.776,1082.93,1175.01,760.475,804.977,1249.415,884.679,1241.823,1256.7,510.271,1108.467,1476.586,626.611,1197.47,923.352,776.78,990.858,834.585,851.318,1331.244,992.127,617.976,1085.51,1169.338,641.623,1224.83,880.569,725.805,1247.559,924.639,600.494,1305.34,917.609,613.924,1174.362,959.507,376.258,1321.2,1768.9,377.068,1294.618,1777.661,404.009,1320.825,1765.196,372.625,1312.409,1742.565,305.824,1252.668,1769.62,444.057,1246.652,1754.25,293.02,1117.117,1748.383,430,1097.694,1725.958,281.031,1153.442,1682.385,441.485,1156.129,1664.304,375.849,1296.23,1768.361,347.615,1052.969,1590.482,344.498,1027.052,1553.714,341.037,982.213,1283.765,361.716,1191.382,1510.835,347.294,1236.51,1319.274,444.589,974.5,1438.622,184.905,1124.589,1557.429,96.146,1114.813,1457.949,69.322,1161.772,1214.969,75.946,1224.474,1021.761,129.708,1271.966,939.38,34.283,1186.137,912.431,75.085,1245.528,890.257,520.882,1110.599,1537.128,610.406,1083.411,1426.302,645.248,1119.847,1181.682,653.055,1192.37,1005.798,620.578,1262.612,947.647,674.115,1147.696,911.709,656.271,1228.781,888.237,224.759,1200.391,1064.89,460.356,1198.167,1071.969,314.892,984.161,1121.165,376.107,976.997,1124.041,161.936,1218.205,767.167,210.963,1266.987,910.548,214.339,1330.59,738.746,181.424,1269.714,576.952,183,1162.312,430.269,225.014,1264.563,452.444,243.908,1196.51,372.381,233.278,990.21,223.498,293.347,943.059,241.509,247.961,1075.25,147.791,276.805,1092.091,85.082,204.38,1044.504,94.656,248.947,1118.078,56.18,523.85,1130.997,785.153,487.277,1231.583,905.62,456.546,1235.05,691.496,489.859,1136.843,550.992,492.548,1110.045,362.552,438.456,1186.402,433.539,429.614,1173.18,348.406,440.406,1075.768,102.088,388.278,1022.477,78.35,410.35,1189.694,106.052,378.146,1242.839,65.691,463.82,1206.664,56.682,403.103,1289.5,62.847,387.113,1243.071,1419.87,391.574,1238.153,1458.636,339.174,1251.356,1427.144,313.483,954.227,1052.948,314.768,957.631,1091.473,362.666,950.825,1051.194,143.098,1232.688,696.445,138.366,1212.447,730.012,136.61,1275.936,720.499,176.362,1097.8,370.438,167.834,1119.102,402.307,176.029,1137.882,343.577,528.069,1118.829,687.562,535.299,1112.159,725.541,530.572,1167.247,694.358,492.115,1070.667,261.171,499.766,1075.642,299.529,495.247,1118.95,254.488,253.369,1121.11,996.935,436.963,1122.35,1003.11,232.477,1284.83,557.153,433.708,1141.54,545.99,267.835,1014.71,220.842,404.439,1091.9,112.553,260.296,1057.18,158.669,402.28,1166.92,100.048,189.512,1122.22,1500.67,508.516,1108.88,1481.51,81.073,1116.4,1211.48,617.776,1082.93,1175.01,86.073,1235.71,881.781,641.623,1224.83,880.569,339.763,1146.35,1094.51,270.654,1009.155,194.65,31.972,-7.256,-7.27,58.261,0.603,-19.473,-4.045,-1.603,13.183,-36.788,4.68,5.378,15.913,1.064,-7.766,9.396,3.595,-13.172,9.165,-1.729,14.654,-37.622,4.494,4.901,-4.2,-2.887,-5.526,-4.2,2.887,5.526,5.702,20.675,39.721,30.433,-0,0,-6.829,18.277,84.914,8.893,-6.9,6.366,6.345,19.822,32.136,33.702,0,0,-1.674,16.597,80.736,8.893,6.9,-6.366,-45.276,8.073,-14.87,-91.645,2.587,-6.486,13.899,-1.738,-0.137,13.899,1.738,0.137,9.431,0.725,5.877,9.431,-0.725,-5.877,-18.459,7.456,-1.673,-18.459,-7.456,1.673,0,0,0,0,0,0,0.241,-0.134,0.88,-0.144,-0.026,0.337,-0.163,-0.034,0.021,0.004,-0.053,1.345,-0.092,0.01,0.574,-0.144,0.013,0.008,0,0,0,0,0,0,-101.451,-14.494,27.601,73.384,-25.579,-0.049,-9.339,-2.741,-0.413,1.508,-19.607,1.78,-15.155,-16.94,-0.06,-4.441,-2.086,0.487,0,0,0.209,0,0,0.218,0,0,0.022,0,0,-0,0,0,-0.028,0,0,0
31.89,346.533,1136.55,1001.23,348.617,1314.924,957.355,162.895,1137.522,996.455,342.129,1180.464,1179.553,234.597,1309.06,561.723,177.003,1723.677,712.152,-204.394,1240.486,582.655,277.299,1163.308,979.798,270.392,1055.41,212.088,59.527,1361.598,-35.468,-121.891,867.87,314.273,236.498,1321.073,569.542,262.168,1102.09,153.099,234.853,1238.228,323.449,51.929,1040.065,168.957,320.069,941.099,291.042,262.168,1102.09,153.099,249.402,1168.354,170.558,193.71,1088.972,152.83,265.198,1084.894,220.581,433.957,1144.89,546.587,495.312,1590.712,552.334,-11.882,1206.292,543.105,429.724,1139.671,996.598,404.355,1092.62,112.923,563.219,1496.963,50.977,-3.457,1254.36,122.799,436.287,1146.613,547.242,402.227,1167.58,100.101,412.152,1161.019,321.65,182.013,1192.452,110.702,377.077,947.208,94.702,402.227,1167.58,100.101,404.107,1208.876,157.625,331.432,1167.387,102.553,403.813,1110.026,141.367,361.934,1199.61,1512.98,378.858,1364.633,1485.296,529.252,1182.599,1513.87,360.007,1171.979,1347.094,80.364,1127.56,1212.74,-132.652,936.694,1300.496,261.341,897.367,1151.376,187.034,1136.953,1492.097,93.291,1216.22,918.271,-134.726,1052.745,859.04,266.747,995.59,859.456,81.248,1133.622,1192.6,82.352,1235.62,879.159,29.369,1286.45,919.188,20.928,1179.849,868.676,102.676,1199.577,951.829,618.975,1103.96,1176.41,764.304,826.314,1246.761,884.309,1264.174,1260.59,511.112,1123.988,1478.274,625.058,1224.65,927.517,777.313,1022.141,833.032,848.445,1359.536,998.389,619.113,1106.689,1170.763,639.07,1253.34,885.414,723.036,1276.941,929.438,596.362,1331.919,924.744,613.163,1200.295,963.263,376.62,1336.23,1770.04,377.456,1309.636,1778.763,404.377,1335.899,1766.371,373.032,1327.474,1743.688,306.243,1267.625,1770.538,444.533,1261.794,1755.42,293.635,1132.092,1749.083,430.834,1112.96,1726.914,281.739,1168.458,1683.147,442.205,1171.403,1665.269,376.246,1311.258,1769.463,348.702,1068.089,1591.302,345.712,1042.225,1554.488,342.579,997.304,1284.768,362.638,1206.479,1511.835,348.671,1251.427,1320.243,446.548,989.939,1440.02,185.819,1139.679,1558.084,96.986,1129.468,1458.488,70.434,1173.443,1214.991,74.601,1230.083,1019.897,127.148,1274.119,934.488,30.465,1188.175,912.914,71.581,1245.947,887.296,521.677,1126.047,1538.581,611.61,1100.515,1428.171,646.436,1140.753,1183.783,651.969,1217.899,1009.715,617.744,1288.929,953.575,673.548,1176.273,914.423,653.68,1257.454,893.074,227.358,1215.614,1066.86,462.496,1211.954,1072.756,315.551,999.209,1122.171,376.856,991.737,1124.927,163.132,1238.695,770.512,213.502,1284.147,914.86,216.492,1351.3,744.544,183.753,1293.937,580.578,185.327,1192.56,428.599,227.665,1293.548,455.814,246.566,1229.503,372.609,235.792,1030.708,213.185,295.798,982.109,227.257,249.788,1120.748,143.799,278.02,1142.317,82.26,205.756,1093.928,88.901,249.93,1170.261,55.535,524.546,1139.678,785.519,488.843,1243.129,904.315,457.547,1241.83,689.871,490.175,1139.766,551.261,492.558,1111.282,362.998,439.072,1188.51,433.369,430.162,1174.876,348.402,440.15,1076.111,102.444,387.998,1022.661,78.698,410.278,1189.927,106.041,378.118,1242.986,65.561,463.76,1206.761,56.626,403.09,1289.661,62.525,388.114,1258.204,1420.894,392.504,1253.336,1459.677,340.142,1266.379,1428.047,313.081,969.482,1053.874,314.523,972.856,1092.379,362.233,965.775,1051.967,144.048,1255.307,700.125,139.047,1234.369,733.227,138.271,1298.014,725.092,178.74,1131.08,365.431,170.082,1150.742,398.334,178.743,1172.429,340.663,528.556,1124.947,688.302,535.747,1119.05,726.427,531.175,1173.478,694.101,491.733,1071.287,261.818,499.391,1076.462,300.105,495.399,1119.505,254.843,254.721,1136.64,998.535,438.344,1136.46,1003.92,234.597,1309.06,561.723,433.957,1144.89,546.587,270.392,1055.41,212.088,404.355,1092.62,112.923,262.168,1102.09,153.099,402.227,1167.58,100.101,190.558,1137.26,1501.33,509.446,1124.29,1482.94,80.364,1127.56,1212.74,618.975,1103.96,1176.41,82.352,1235.62,879.159,639.07,1253.34,885.414,340.937,1161.49,1095.42,272.793,1051.429,185.528,33.069,-7.015,-7.269,56.624,1.195,-19.526,-2.739,-1.551,12.697,-36.516,4.323,5.618,14.49,0.954,-7.55,8.321,3.609,-13.432,9.213,-1.781,15.147,-37.515,4.479,4.903,-4.153,-2.458,-5.064,-4.153,2.458,5.064,4.992,20.967,41.517,29.623,0,-0,-7.654,17.482,84.312,8.782,-6.882,6.346,7.314,19.767,32.262,34.347,-0,0,-1.261,16.323,81.274,8.782,6.882,-6.346,-49.409,7.403,-15.275,-91.404,2.58,-6.509,13.823,-1.489,0.303,13.823,1.489,-0.303,9.457,0.656,5.776,9.457,-0.656,-5.776,-18.38,7.362,-1.725,-18.38,-7.362,1.725,0,0,0,0,0,0,0.202,-0.096,0.869,-0.145,-0.02,0.377,-0.189,-0.033,0.018,0.01,-0.024,1.293,-0.092,0.011,0.566,-0.143,0.013,0.006,0,0,0,0,0,0,-87.089,-13.932,28.338,70.969,-25.98,-0.521,-9.223,-2.999,-0.769,8.488,-19.036,1.76,-20.566,-19.553,0.314,-4.083,-2.115,0.852,0,0,0.164,0,0,0.248,0,0,0.019,0,0,0.016,0,0,-0.037,0,0,-0
31.9,347.878,1151.46,1002.02,351.292,1329.871,958.378,164.235,1154.003,998.053,344.629,1195.161,1180.42,236.761,1332.39,565.819,183.216,1744.652,724.016,-202.85,1267.619,585.819,278.334,1178.449,981.062,272.906,1096.95,202.841,63.58,1416.583,-28.494,-120.196,905.477,293.987,238.962,1343.265,573.888,264.102,1147.66,147.373,239.053,1271.543,327.163,53.927,1084.958,161.294,323.245,977.306,272.994,264.102,1147.66,147.373,251.382,1212.397,169.869,195.663,1134.461,146.656,267.696,1125.442,213.344,434.233,1148.22,547.128,497.111,1593.841,542.306,-11.402,1211.056,543.114,430.931,1153.555,997.145,404.21,1093.34,113.315,566.357,1496.047,49.258,-2.278,1258.432,122.263,436.521,1149.37,547.348,402.139,1168.24,100.149,412.108,1162.687,321.723,181.947,1193.338,110.685,376.81,947.866,95.765,402.139,1168.24,100.149,404.019,1209.673,157.574,331.343,1168.095,102.571,403.673,1110.784,141.554,362.863,1214.71,1513.62,379.576,1379.748,1485.893,530.204,1197.939,1514.662,361.12,1187.018,1347.742,79.621,1138.58,1213.68,-136.95,954.356,1306.768,255.337,903.235,1156.73,187.916,1152.028,1492.245,89.903,1218.16,916.547,-141.978,1057.393,865.467,258.317,992.592,861.963,80.323,1144.02,1193.378,78.692,1235.77,876.872,26.732,1288.941,915.163,16.595,1180.214,869.752,99.603,1202.912,950.874,620.14,1124.89,1177.54,767.775,847.457,1243.813,884.04,1286.063,1264.357,511.892,1139.437,1479.58,623.524,1251.8,931.665,777.615,1053.487,831.432,845.704,1387.493,1004.757,620.218,1127.791,1171.935,636.519,1281.78,890.295,720.282,1306.167,934.278,592.369,1358.356,931.917,612.435,1226.22,966.966,376.948,1351.21,1770.86,377.805,1324.602,1779.538,404.71,1350.92,1767.23,373.408,1342.495,1744.487,306.616,1282.561,1771.115,444.957,1276.878,1756.265,294.142,1147.074,1749.414,431.574,1128.172,1727.511,282.396,1183.484,1683.551,442.889,1186.647,1665.9,376.606,1326.251,1770.245,349.684,1083.222,1591.759,346.84,1057.404,1554.893,344.01,1012.406,1285.402,363.559,1221.58,1512.467,350.085,1266.374,1320.836,448.42,1005.326,1441.069,186.674,1154.948,1558.341,97.739,1144.249,1458.636,71.336,1184.835,1214.67,73.214,1235.66,1018.041,124.58,1276.3,929.919,26.74,1190.525,913.474,68.129,1246.579,884.656,522.413,1141.438,1539.664,612.749,1117.532,1429.691,647.625,1161.524,1185.627,650.932,1243.321,1013.563,615.023,1315.13,959.515,672.914,1204.805,917.117,651.094,1286.023,897.948,230.016,1231.057,1068.413,464.657,1225.718,1073.134,316.091,1014.306,1122.794,377.46,1006.54,1125.411,164.323,1258.798,773.487,216.165,1301.047,918.619,218.753,1371.481,749.8,186.131,1317.357,583.696,187.686,1222.629,426.29,230.331,1321.963,458.809,249.254,1262.367,372.48,238.243,1072.192,202.336,298.124,1022.448,212.412,251.696,1166.817,139.67,279.42,1193.028,79.675,207.239,1144.098,83.263,251.154,1222.801,55.245,525.27,1148.427,785.723,490.189,1254.633,902.749,458.471,1248.587,688.159,490.477,1142.71,551.504,492.553,1112.616,363.437,439.661,1190.652,433.195,430.652,1176.609,348.403,439.845,1076.477,102.812,387.687,1022.885,79.067,410.183,1190.179,106.018,378.079,1243.152,65.406,463.7,1206.871,56.572,403.073,1289.849,62.157,389.149,1273.328,1421.561,393.458,1268.502,1460.362,341.146,1281.414,1428.583,312.603,984.762,1054.395,314.205,988.111,1092.876,361.678,980.781,1052.346,145.072,1277.4,703.44,139.769,1255.842,736.088,140.046,1319.582,729.23,181.12,1164.579,359.784,172.322,1182.461,393.699,181.404,1207.191,337.339,529.095,1131.129,688.954,536.24,1125.999,727.203,531.779,1179.754,693.774,491.351,1072.005,262.454,499.044,1077.395,300.682,495.517,1120.166,255.184,256.059,1152.33,999.734,439.696,1150.58,1004.31,236.761,1332.39,565.819,434.233,1148.22,547.128,272.906,1096.95,202.841,404.21,1093.34,113.315,264.102,1147.66,147.373,402.139,1168.24,100.149,191.554,1152.48,1501.6,510.314,1139.65,1483.99,79.621,1138.58,1213.68,620.14,1124.89,1177.54,78.692,1235.77,876.872,636.519,1281.78,890.295,342.094,1176.64,1096.01,274.91,1094.632,176.041,34.062,-6.799,-7.26,54.7,1.843,-19.624,-1.579,-1.502,12.245,-36.283,4.035,5.83,13.073,0.808,-7.223,7.26,3.664,-13.705,9.245,-1.825,15.565,-37.39,4.509,4.904,-4.107,-2.023,-4.582,-4.107,2.023,4.582,4.211,21.25,43.159,28.933,0,-0,-8.378,16.708,83.846,8.662,-6.852,6.347,8.284,19.728,32.351,35.02,0,-0,-0.853,16.009,81.796,8.662,6.852,-6.347,-53.595,6.797,-15.611,-91.14,2.592,-6.555,13.746,-1.237,0.794,13.746,1.237,-0.794,9.478,0.593,5.704,9.478,-0.593,-5.704,-18.287,7.262,-1.768,-18.287,-7.262,1.768,0,0,0,0,0,0,0.155,-0.058,0.878,-0.152,-0.011,0.421,-0.217,-0.032,0.016,0.023,0.007,1.251,-0.088,0.011,0.56,-0.142,0.013,0.004,0,0,0,0,0,0,-67.698,-13.369,28.775,67.439,-26.234,-0.973,-9.654,-3.247,-1.115,10.533,-21.01,1.44,-24.732,-20.896,0.544,-3.957,-2.121,1.075,0,0,0.115,0,0,0.274,0,0,0.017,0,0,0.019,0,0,-0.042,0,0,-0
31.91,349.183,1166.42,1002.39,354.034,1344.842,958.931,165.556,1170.644,999.236,347.119,1209.945,1180.85,238.952,1354.78,569.342,190.048,1764.904,734.449,-201.315,1294.45,588.795,279.282,1193.497,981.913,275.362,1139.36,193.251,67.664,1472.301,-20.081,-118.606,944.461,272.642,241.453,1364.446,577.55,266.095,1193.9,141.621,243.038,1304.703,330.009,55.962,1130.576,153.148,326.188,1014.982,254.209,266.095,1193.9,141.621,253.478,1256.745,169.008,197.661,1180.716,140.348,270.127,1166.781,205.707,434.572,1151.58,547.605,498.446,1596.822,532.295,-10.926,1215.328,542.883,432.069,1167.405,997.381,404.002,1094.04,113.727,569.138,1495.163,47.408,-1.241,1262.209,121.809,436.805,1152.242,547.437,402.017,1168.88,100.195,412.085,1164.401,321.789,181.861,1194.3,110.712,376.416,948.519,96.904,402.017,1168.88,100.195,403.888,1210.45,157.521,331.22,1168.791,102.571,403.483,1111.523,141.739,363.784,1229.82,1513.88,380.385,1394.859,1486.097,531.138,1213.188,1515.084,362.218,1202.055,1348.012,78.838,1149.48,1214.29,-140.705,971.574,1312.56,249.804,909.604,1161.974,188.739,1167.246,1491.982,86.621,1220.31,914.968,-148.581,1062.169,871.433,250.484,990.401,864.826,79.368,1154.303,1193.92,75.124,1236.25,874.843,24.104,1291.502,911.412,12.458,1181.022,870.857,96.642,1206.414,949.943,621.305,1145.75,1178.4,771.044,868.503,1240.609,883.841,1307.642,1267.972,512.629,1154.84,1480.5,622.006,1278.85,935.779,777.774,1084.874,829.814,843.037,1415.148,1011.191,621.321,1148.792,1172.851,633.995,1310.1,895.196,717.572,1335.137,939.169,588.556,1384.594,939.144,611.729,1252.055,970.565,377.251,1366.18,1771.37,378.12,1339.557,1779.999,405.019,1365.925,1767.786,373.764,1357.511,1744.975,306.951,1297.495,1771.346,445.338,1291.924,1756.784,294.546,1162.079,1749.374,432.211,1143.333,1727.749,283.003,1198.537,1683.595,443.542,1201.867,1666.195,376.935,1341.225,1770.702,350.552,1098.382,1591.854,347.864,1072.605,1554.932,345.321,1027.534,1285.669,364.475,1236.694,1512.723,351.524,1281.365,1321.049,450.186,1020.656,1441.752,187.466,1170.391,1558.192,98.402,1159.125,1458.392,72.012,1195.977,1214.021,71.784,1241.223,1016.151,122.013,1278.583,925.639,23.188,1193.151,914.019,64.753,1247.483,882.277,523.097,1156.776,1540.364,613.817,1134.444,1430.831,648.828,1182.175,1187.199,649.948,1268.615,1017.321,612.422,1341.184,965.44,672.209,1233.241,919.77,648.537,1314.458,902.847,232.664,1246.72,1069.489,466.809,1239.501,1073.053,316.534,1029.464,1123.046,377.946,1021.424,1125.504,165.487,1278.545,776.049,218.91,1317.715,921.752,221.126,1391.126,754.398,188.533,1339.942,586.236,190.056,1252.519,423.354,232.998,1349.758,461.398,251.935,1295.057,372.029,240.619,1114.691,191.119,300.317,1064.111,197.185,253.683,1213.443,135.523,281.027,1244.151,77.448,208.854,1194.965,77.875,252.644,1275.612,55.416,526.05,1157.25,785.769,491.313,1266.128,900.928,459.352,1255.348,686.348,490.796,1145.722,551.72,492.547,1114.069,363.861,440.248,1192.865,433,431.097,1178.399,348.396,439.487,1076.845,103.183,387.356,1023.15,79.458,410.067,1190.448,105.983,378.03,1243.339,65.226,463.643,1206.989,56.516,403.058,1290.068,61.747,390.209,1288.456,1421.859,394.428,1283.665,1460.677,342.179,1296.476,1428.745,312.1,1000.067,1054.546,313.856,1003.401,1093.006,361.066,995.833,1052.369,146.226,1298.912,706.296,140.59,1276.821,738.514,141.946,1340.598,732.812,183.483,1198.309,353.58,174.541,1214.264,388.466,183.975,1242.154,333.694,529.694,1137.394,689.509,536.804,1133.033,727.862,532.391,1186.097,693.361,490.999,1072.842,263.083,498.748,1078.462,301.263,495.598,1120.949,255.496,257.367,1168.14,1000.51,440.999,1164.71,1004.27,238.952,1354.78,569.342,434.572,1151.58,547.605,275.362,1139.36,193.251,404.002,1094.04,113.727,266.095,1193.9,141.621,402.017,1168.88,100.195,192.493,1167.85,1501.47,511.13,1154.96,1484.66,78.838,1149.48,1214.29,621.305,1145.75,1178.4,75.124,1236.25,874.843,633.995,1310.1,895.196,343.234,1191.8,1096.24,277,1138.777,166.354,34.959,-6.598,-7.213,52.48,2.546,-19.792,-0.571,-1.458,11.836,-36.096,3.812,6.028,11.679,0.618,-6.808,6.225,3.76,-14.002,9.277,-1.862,15.922,-37.247,4.57,4.905,-4.068,-1.585,-4.1,-4.068,1.585,4.1,3.37,21.527,44.646,28.358,0,0,-9.017,16.025,83.45,8.53,-6.807,6.366,9.265,19.704,32.428,35.719,-0,-0,-0.44,15.7,82.263,8.53,6.807,-6.366,-57.819,6.262,-15.869,-90.856,2.618,-6.626,13.686,-0.984,1.318,13.686,0.984,-1.318,9.502,0.534,5.665,9.502,-0.534,-5.665,-18.183,7.153,-1.793,-18.183,-7.153,1.793,0,0,0,0,0,0,0.103,-0.024,0.91,-0.168,0.002,0.468,-0.245,-0.03,0.012,0.045,0.038,1.223,-0.081,0.011,0.558,-0.141,0.012,0.002,0,0,0,0,0,0,-43.466,-10.996,28.338,62.16,-25.92,-1.527,-10.573,-3.463,-1.562,6.301,-26.613,0.963,-26.983,-21.072,0.641,-4.033,-2.104,1.168,0,0,0.064,0,0,0.29,0,0,0.016,0,0,0.005,0,0,-0.043,0,0,-0
31.92,350.445,1181.46,1002.31,356.793,1359.858,958.943,166.854,1187.419,999.948,349.558,1224.883,1180.805,241.158,1376.19,572.186,197.586,1784.471,743.244,-199.795,1321.044,591.488,280.083,1208.505,982.332,277.748,1182.62,183.502,71.825,1528.525,-10.004,-117.159,984.96,250.418,243.937,1384.558,580.461,268.153,1240.76,136.022,246.824,1337.699,332.1,58.014,1177,144.685,328.86,1054.115,234.901,268.153,1240.76,136.022,255.691,1301.372,168.108,199.709,1227.71,134.092,272.482,1208.908,197.872,434.995,1155.01,548.013,499.389,1599.699,522.333,-10.432,1219.19,542.448,433.158,1181.222,997.306,403.731,1094.72,114.154,571.614,1494.285,45.371,-0.331,1265.744,121.425,437.158,1155.272,547.495,401.867,1169.49,100.235,412.083,1166.143,321.842,181.763,1195.348,110.772,375.881,949.159,98.105,401.867,1169.49,100.235,403.728,1211.205,157.457,331.068,1169.465,102.556,403.254,1112.238,141.927,364.686,1244.97,1513.76,381.284,1410.002,1485.931,532.042,1228.372,1515.142,363.296,1217.142,1347.901,78.044,1160.26,1214.59,-143.847,988.192,1317.856,244.921,916.539,1167.063,189.504,1182.611,1491.328,83.497,1222.71,913.475,-154.446,1066.934,876.857,243.438,989.113,867.922,78.413,1164.485,1194.202,71.677,1237.12,872.997,21.481,1294.144,907.952,8.578,1182.253,871.893,93.858,1210.083,948.958,622.488,1166.51,1178.97,774.186,889.458,1237.168,883.691,1328.947,1271.406,513.318,1170.181,1481.006,620.497,1305.78,939.844,777.835,1116.319,828.183,840.406,1442.537,1017.667,622.442,1169.689,1173.498,631.519,1338.29,900.107,714.924,1363.819,944.123,584.951,1410.647,946.381,611.012,1277.807,974.044,377.532,1381.15,1771.55,378.404,1354.511,1780.128,405.307,1380.922,1768.018,374.102,1372.531,1745.131,307.253,1312.441,1771.233,445.683,1306.948,1756.978,294.853,1177.122,1748.97,432.746,1158.46,1727.636,283.562,1213.634,1683.281,444.155,1217.071,1666.159,377.236,1356.194,1770.831,351.295,1113.584,1591.592,348.765,1087.845,1554.614,346.51,1042.701,1285.571,365.377,1251.837,1512.599,352.976,1296.417,1320.88,451.832,1035.925,1442.059,188.194,1185.994,1557.638,98.982,1174.06,1457.763,72.455,1206.901,1213.069,70.308,1246.792,1014.2,119.457,1281.039,921.612,19.874,1196.011,914.467,61.473,1248.706,880.103,523.733,1172.064,1540.671,614.81,1151.231,1431.568,650.058,1202.722,1188.494,649.016,1293.759,1020.974,609.939,1367.06,971.326,671.428,1261.534,922.368,646.031,1342.73,907.766,235.249,1262.578,1070.041,468.932,1253.348,1072.485,316.904,1044.696,1122.94,378.341,1036.396,1125.224,166.618,1297.944,778.144,221.694,1334.187,924.19,223.607,1410.223,758.222,190.938,1361.656,588.121,192.412,1282.225,419.831,235.662,1376.877,463.56,254.582,1327.514,371.306,242.912,1158.22,179.74,302.381,1107.11,181.816,255.75,1260.607,131.513,282.849,1295.621,75.73,210.616,1246.482,72.904,254.409,1328.619,56.182,526.911,1166.151,785.657,492.246,1277.646,898.851,460.219,1262.142,684.426,491.149,1148.856,551.904,492.546,1115.657,364.261,440.854,1195.186,432.762,431.514,1180.272,348.362,439.072,1077.201,103.553,387.008,1023.452,79.87,409.936,1190.737,105.935,377.975,1243.549,65.02,463.585,1207.112,56.455,403.051,1290.317,61.297,391.279,1303.6,1421.779,395.403,1298.843,1460.614,343.227,1311.583,1428.525,311.619,1015.405,1054.361,313.517,1018.734,1092.808,360.459,1010.929,1052.07,147.56,1319.773,708.598,141.568,1297.24,740.421,143.982,1361.008,735.73,185.809,1232.273,346.92,176.72,1246.152,382.714,186.442,1277.29,329.827,530.355,1143.769,689.954,537.455,1140.185,728.39,533.018,1192.537,692.839,490.691,1073.812,263.711,498.506,1079.674,301.843,495.64,1121.86,255.768,258.642,1184.04,1000.82,442.248,1178.88,1003.8,241.158,1376.19,572.186,434.995,1155.01,548.013,277.748,1182.62,183.502,403.731,1094.72,114.154,268.153,1240.76,136.022,401.867,1169.49,100.235,193.375,1183.38,1500.94,511.893,1170.23,1484.94,78.044,1160.26,1214.59,622.488,1166.51,1178.97,71.677,1237.12,872.997,631.519,1338.29,900.107,344.354,1206.97,1096.11,279.065,1183.859,156.665,35.761,-6.404,-7.094,49.947,3.299,-20.047,0.293,-1.42,11.479,-35.982,3.644,6.209,10.326,0.394,-6.327,5.227,3.895,-14.325,9.316,-1.894,16.221,-37.098,4.659,4.914,-4.055,-1.154,-3.635,-4.055,1.154,3.635,2.463,21.795,45.948,27.895,0,-0,-9.584,15.488,83.104,8.394,-6.751,6.405,10.249,19.695,32.513,36.449,-0,0,-0.052,15.426,82.655,8.394,6.751,-6.405,-62.087,5.796,-16.035,-90.554,2.657,-6.726,13.656,-0.737,1.859,13.656,0.737,-1.859,9.524,0.474,5.664,9.524,-0.474,-5.664,-18.069,7.037,-1.799,-18.069,-7.037,1.799,0,0,0,0,0,0,0.052,0.004,0.964,-0.194,0.018,0.519,-0.273,-0.027,0.006,0.073,0.066,1.21,-0.068,0.01,0.559,-0.141,0.011,0,0,0,0,0,0,0,-13.401,-4.831,26.489,54.351,-24.549,-2.14,-11.575,-3.631,-2.062,-2.715,-35.72,0.318,-27.585,-20.038,0.537,-4.25,-2.067,1.063,0,0,0.012,0,0,0.287,0,0,0.015,0,0,-0.021,0,0,-0.041,0,0,-0
31.93,351.648,1196.54,1001.77,359.505,1374.87,958.369,168.113,1204.24,1000.18,351.924,1239.969,1180.266,243.372,1396.57,574.261,205.677,1803.338,750.25,-198.256,1347.203,593.772,280.747,1223.492,982.306,280.054,1226.71,173.805,76.081,1585.003,1.991,-115.878,1027.099,227.586,246.411,1403.573,582.567,270.276,1288.19,130.771,250.407,1370.551,333.553,60.064,1224.307,136.12,331.225,1094.71,215.326,270.276,1288.19,130.771,258.006,1346.249,167.339,201.807,1275.403,128.1,274.76,1251.799,190.052,435.501,1158.57,548.344,500.01,1602.534,512.433,-9.911,1222.766,541.876,434.243,1195.037,996.923,403.399,1095.39,114.588,573.9,1493.367,43.092,0.497,1269.161,121.049,437.571,1158.523,547.502,401.688,1170.09,100.269,412.071,1167.912,321.883,181.65,1196.487,110.837,375.218,949.809,99.345,401.688,1170.09,100.269,403.542,1211.96,157.377,330.887,1170.142,102.529,402.982,1112.952,142.119,365.564,1260.16,1513.26,382.272,1425.173,1485.384,532.911,1243.485,1514.857,364.367,1232.264,1347.411,77.226,1170.95,1214.57,-146.499,1004.306,1322.663,240.599,923.969,1171.947,190.201,1198.103,1490.262,80.57,1225.38,912.022,-159.629,1071.723,881.726,237.154,988.66,871.17,77.451,1174.616,1194.223,68.373,1238.39,871.271,18.865,1296.871,904.768,4.999,1183.852,872.818,91.302,1213.921,947.878,623.712,1187.18,1179.28,777.321,910.388,1233.573,883.55,1350.093,1274.678,513.959,1185.479,1481.122,618.998,1332.56,943.858,777.874,1147.824,826.599,837.758,1469.718,1024.174,623.605,1190.506,1173.898,629.11,1366.31,905.025,712.358,1392.144,949.16,581.567,1436.47,953.633,610.269,1303.416,977.377,377.797,1396.13,1771.4,378.662,1369.473,1779.925,405.58,1395.921,1767.926,374.426,1387.564,1744.957,307.524,1327.415,1770.775,445.999,1321.967,1756.851,295.079,1192.21,1748.205,433.189,1173.575,1727.18,284.076,1228.784,1682.607,444.714,1232.266,1665.799,377.512,1371.173,1770.634,351.914,1128.84,1590.98,349.528,1103.139,1553.947,347.588,1057.925,1285.105,366.259,1267.026,1512.096,354.431,1311.546,1320.33,453.338,1051.134,1441.98,188.854,1201.738,1556.688,99.489,1189.023,1456.765,72.666,1217.646,1211.841,68.788,1252.392,1012.169,116.92,1283.733,917.808,16.847,1199.07,914.755,58.309,1250.283,878.081,524.325,1187.311,1540.586,615.729,1167.877,1431.894,651.32,1223.175,1189.518,648.137,1318.73,1024.514,607.573,1392.725,977.157,670.572,1289.646,924.91,643.595,1370.809,912.704,237.728,1278.598,1070.035,471.007,1267.303,1071.426,317.22,1060.018,1122.492,378.668,1051.456,1124.588,167.738,1316.973,779.714,224.473,1350.495,925.879,226.183,1428.757,761.164,193.333,1382.46,589.285,194.727,1311.735,415.792,238.329,1403.261,465.286,257.181,1359.678,370.382,245.113,1202.773,168.443,304.331,1151.428,166.576,257.901,1308.279,127.84,284.891,1347.364,74.697,212.541,1298.594,68.551,256.452,1381.749,57.711,527.873,1175.141,785.379,493.045,1289.209,896.511,461.088,1268.999,682.384,491.543,1152.178,552.045,492.544,1117.397,364.626,441.486,1197.661,432.46,431.916,1182.264,348.282,438.599,1077.542,103.921,386.635,1023.783,80.302,409.788,1191.049,105.875,377.915,1243.783,64.786,463.519,1207.234,56.383,403.056,1290.597,60.808,392.346,1318.777,1421.317,396.369,1314.055,1460.169,344.278,1326.75,1427.92,311.197,1030.792,1053.871,313.22,1034.12,1092.316,359.911,1026.074,1051.481,149.112,1339.901,710.25,142.758,1317.018,741.725,146.158,1380.742,737.883,188.074,1266.475,339.929,178.839,1278.131,376.543,188.806,1312.56,325.853,531.072,1150.29,690.266,538.202,1147.495,728.765,533.663,1199.11,692.182,490.429,1074.929,264.337,498.307,1081.046,302.419,495.643,1122.906,255.993,259.868,1199.99,1000.67,443.428,1193.09,1002.87,243.372,1396.57,574.261,435.501,1158.57,548.344,280.054,1226.71,173.805,403.399,1095.39,114.588,270.276,1288.19,130.771,401.688,1170.09,100.269,194.193,1199.06,1500,512.608,1185.46,1484.84,77.226,1170.95,1214.57,623.712,1187.18,1179.28,68.373,1238.39,871.271,629.11,1366.31,905.025,345.453,1222.16,1095.61,281.116,1229.853,147.208,36.466,-6.211,-6.908,47.091,4.07,-20.388,1.016,-1.388,11.182,-35.936,3.518,6.369,9.029,0.14,-5.806,4.275,4.055,-14.682,9.377,-1.921,16.48,-36.95,4.766,4.93,-4.075,-0.729,-3.207,-4.075,0.729,3.207,1.5,22.063,47.084,27.537,-0,0,-10.122,15.116,82.744,8.252,-6.692,6.464,11.24,19.696,32.626,37.207,0,-0,0.318,15.223,82.955,8.252,6.692,-6.464,-66.394,5.399,-16.101,-90.24,2.702,-6.852,13.666,-0.496,2.402,13.666,0.496,-2.402,9.548,0.408,5.702,9.548,-0.408,-5.702,-17.95,6.915,-1.783,-17.95,-6.915,1.783,0,0,0,0,0,0,0.005,0.023,1.039,-0.233,0.036,0.572,-0.3,-0.022,-0.003,0.105,0.09,1.214,-0.052,0.009,0.564,-0.142,0.009,0,0,0,0,0,0,0,21.865,3.707,22.995,42.558,-22.174,-2.946,-12.424,-3.733,-2.751,-16.518,-46.895,-0.439,-27.389,-17.914,0.26,-4.498,-2.01,0.787,0,0,-0.035,0,0,0.252,0,0,0.013,0,0,-0.057,0,0,-0.039,0,0,0
31.94,352.796,1211.66,1000.77,362.129,1389.875,957.193,169.335,1221.056,999.903,354.184,1255.223,1179.228,245.601,1415.89,575.49,214.066,1821.504,755.313,-196.647,1372.645,595.48,281.313,1238.518,981.836,282.267,1271.6,164.405,80.519,1641.495,16.166,-114.823,1071.061,204.433,248.859,1421.47,583.835,272.471,1336.12,126.105,253.81,1403.243,334.54,62.095,1272.574,127.734,333.237,1136.733,195.754,272.471,1336.12,126.105,260.434,1391.333,166.913,203.961,1323.75,122.633,276.963,1295.412,182.508,436.068,1162.32,548.592,500.332,1605.391,502.624,-9.381,1226.169,541.272,435.383,1208.862,996.239,403.015,1096.07,115.021,576.1,1492.378,40.526,1.289,1272.572,120.607,438.023,1162.064,547.441,401.483,1170.7,100.292,412.016,1169.715,321.908,181.52,1197.713,110.866,374.454,950.485,100.598,401.483,1170.7,100.292,403.346,1212.742,157.274,330.68,1170.855,102.492,402.665,1113.688,142.317,366.404,1275.41,1512.38,383.335,1440.396,1484.477,533.73,1258.554,1514.245,365.436,1247.461,1346.538,76.401,1181.56,1214.27,-148.654,1019.854,1327.002,236.909,931.911,1176.6,190.831,1213.704,1488.823,77.868,1228.33,910.568,-164.113,1076.456,886.01,231.709,989.053,874.463,76.499,1184.686,1193.971,65.236,1240.12,869.602,16.257,1299.733,901.86,1.756,1185.826,873.554,88.997,1217.948,946.654,624.979,1207.78,1179.33,780.476,931.326,1229.836,883.405,1371.123,1277.78,514.553,1200.755,1480.849,617.513,1359.13,947.817,777.913,1179.324,825.097,835.084,1496.649,1030.702,624.81,1211.221,1174.066,626.789,1394.15,909.944,709.894,1420.092,954.284,578.415,1462.053,960.881,609.497,1328.869,980.548,378.047,1411.14,1770.94,378.89,1384.465,1779.41,405.838,1410.937,1767.533,374.74,1402.63,1744.47,307.766,1342.429,1769.978,446.287,1336.994,1756.408,295.245,1207.342,1747.089,433.551,1188.698,1726.391,284.547,1243.996,1681.574,445.204,1247.46,1665.124,377.763,1386.177,1770.111,352.414,1144.161,1590.026,350.145,1118.501,1552.942,348.579,1073.219,1284.267,367.109,1282.283,1511.22,355.878,1326.764,1319.402,454.691,1066.293,1441.512,189.443,1217.599,1555.355,99.935,1203.987,1455.421,72.652,1228.248,1210.366,67.227,1258.057,1010.051,114.419,1286.719,914.196,14.129,1202.313,914.837,55.279,1252.245,876.16,524.874,1202.527,1540.115,616.573,1184.37,1431.806,652.61,1243.539,1190.279,647.309,1343.505,1027.94,605.321,1418.148,982.917,669.655,1317.553,927.403,641.249,1398.664,917.659,240.064,1294.744,1069.46,473.025,1281.404,1069.884,317.503,1075.448,1121.716,378.95,1066.597,1123.611,168.89,1335.571,780.691,227.198,1366.668,926.781,228.829,1446.708,763.124,195.716,1402.314,589.676,196.978,1341.031,411.344,241.004,1428.86,466.584,259.735,1391.484,369.351,247.211,1248.317,157.506,306.176,1197.013,151.764,260.146,1356.401,124.741,287.166,1399.278,74.558,214.643,1351.227,65.059,258.79,1434.901,60.202,528.943,1184.245,784.923,493.781,1300.839,893.907,461.962,1275.957,680.217,491.969,1155.762,552.127,492.534,1119.321,364.943,442.137,1200.337,432.075,432.31,1184.415,348.133,438.073,1077.875,104.293,386.226,1024.138,80.757,409.621,1191.387,105.804,377.852,1244.041,64.526,463.431,1207.35,56.295,403.076,1290.904,60.28,393.397,1334.005,1420.473,397.316,1329.324,1459.341,345.319,1341.995,1426.931,310.868,1046.242,1053.099,312.995,1049.575,1091.554,359.461,1041.283,1050.628,150.909,1359.197,711.171,144.201,1336.057,742.356,148.466,1399.716,739.18,190.252,1300.911,332.76,180.874,1310.201,370.082,191.077,1347.916,321.914,531.834,1157.002,690.42,539.041,1155.011,728.966,534.335,1205.864,691.361,490.201,1076.213,264.96,498.137,1082.597,302.983,495.604,1124.1,256.168,261.048,1215.96,1000.04,444.544,1207.37,1001.51,245.601,1415.89,575.49,436.068,1162.32,548.592,282.267,1271.6,164.405,403.015,1096.07,115.021,272.471,1336.12,126.105,401.483,1170.7,100.292,194.938,1214.86,1498.68,513.277,1200.67,1484.33,76.401,1181.56,1214.27,624.979,1207.78,1179.33,65.236,1240.12,869.602,626.789,1394.15,909.944,346.528,1237.39,1094.75,283.161,1276.707,138.252,37.07,-6.021,-6.671,43.896,4.815,-20.788,1.605,-1.363,10.949,-35.971,3.427,6.499,7.799,-0.121,-5.265,3.38,4.224,-15.083,9.473,-1.946,16.719,-36.812,4.867,4.948,-4.141,-0.314,-2.827,-4.141,0.314,2.827,0.479,22.331,48.048,27.275,0,0,-10.631,14.932,82.354,8.111,-6.631,6.532,12.23,19.701,32.774,37.985,-0,0,0.673,15.112,83.166,8.111,6.631,-6.532,-70.745,5.069,-16.051,-89.92,2.741,-6.998,13.722,-0.27,2.932,13.722,0.27,-2.932,9.566,0.329,5.778,9.566,-0.329,-5.778,-17.822,6.782,-1.738,-17.822,-6.782,1.738,0,0,0,0,0,0,-0.035,0.034,1.132,-0.284,0.054,0.627,-0.323,-0.014,-0.017,0.139,0.107,1.235,-0.031,0.007,0.572,-0.143,0.007,0,0,0,0,0,0,0,62.634,12.394,17.54,25.123,-18.785,-4.044,-12.709,-3.758,-3.729,-34.31,-57.998,-1.072,-26.308,-15.256,-0.052,-4.674,-1.934,0.475,0,0,-0.072,0,0,0.167,0,0,0.01,0,0,-0.096,0,0,-0.035,0,0,0.001
31.95,353.898,1226.85,999.343,364.646,1404.912,955.467,170.526,1237.863,999.119,356.311,1270.66,1177.729,247.859,1434.17,575.823,222.372,1838.978,758.399,-194.914,1397.005,596.417,281.856,1253.609,980.91,284.376,1317.18,155.587,85.175,1697.621,32.778,-114.025,1116.906,181.395,251.292,1438.232,584.249,274.751,1384.45,122.287,257.06,1435.771,335.247,64.095,1321.864,119.87,334.833,1180.127,176.517,274.751,1384.45,122.287,262.99,1436.568,167.054,206.184,1372.675,117.982,279.094,1339.687,175.542,436.664,1166.34,548.746,500.371,1608.364,492.967,-8.865,1229.543,540.746,436.64,1222.69,995.265,402.585,1096.76,115.453,578.152,1491.331,37.618,2.017,1275.903,120.052,438.495,1165.969,547.297,401.252,1171.31,100.306,411.89,1171.541,321.919,181.369,1198.991,110.832,373.614,951.176,101.862,401.252,1171.31,100.306,403.154,1213.543,157.145,330.448,1171.606,102.455,402.296,1114.44,142.527,367.2,1290.76,1511.14,384.448,1455.71,1483.22,534.495,1273.64,1513.345,366.521,1262.761,1345.305,75.576,1192.13,1213.7,-150.356,1034.86,1330.866,233.856,940.369,1180.979,191.373,1229.407,1487.028,75.401,1231.61,909.083,-167.929,1081.145,889.721,227.106,990.31,877.721,75.564,1194.754,1193.451,62.28,1242.32,867.947,13.688,1302.783,899.192,-1.153,1188.173,874.078,86.944,1222.182,945.273,626.27,1228.29,1179.13,783.563,952.201,1225.937,883.288,1391.939,1280.706,515.105,1216.001,1480.209,616.059,1385.48,951.722,777.912,1210.756,823.683,832.445,1523.258,1037.239,626.041,1231.833,1174.009,624.57,1421.76,914.866,707.537,1447.639,959.5,575.476,1487.349,968.095,608.705,1354.13,983.568,378.28,1426.18,1770.15,379.09,1399.487,1778.566,406.08,1425.973,1766.817,375.04,1417.728,1743.654,307.975,1357.494,1768.845,446.544,1352.039,1755.654,295.37,1222.521,1745.628,433.832,1203.846,1725.276,284.979,1259.274,1680.183,445.615,1262.669,1664.145,377.988,1401.216,1769.269,352.804,1159.557,1588.74,350.618,1133.941,1551.611,349.516,1088.599,1283.048,367.918,1297.625,1509.979,357.309,1342.085,1318.099,455.877,1081.419,1440.656,189.959,1233.558,1553.66,100.328,1218.938,1453.758,72.429,1238.748,1208.672,65.631,1263.825,1007.849,111.973,1290.041,910.753,11.722,1205.745,914.686,52.402,1254.614,874.299,525.377,1217.725,1539.27,617.339,1200.706,1431.314,653.919,1263.81,1190.79,646.534,1368.06,1031.255,603.183,1443.293,988.593,668.702,1345.241,929.868,639.006,1426.259,922.632,242.23,1310.99,1068.322,474.982,1295.677,1067.89,317.772,1091.001,1120.621,379.202,1081.818,1122.311,170.13,1353.646,781.008,229.82,1382.729,926.87,231.512,1464.046,764.019,198.097,1421.185,589.267,199.148,1370.084,406.63,243.699,1453.638,467.485,262.257,1422.865,368.33,249.193,1294.77,147.235,307.914,1243.762,137.696,262.502,1404.871,122.479,289.695,1451.215,75.538,216.946,1404.267,62.694,261.458,1487.933,63.874,530.122,1193.5,784.272,494.525,1312.554,891.045,462.833,1283.058,677.927,492.409,1159.689,552.127,492.505,1121.475,365.202,442.781,1203.267,431.589,432.685,1186.767,347.896,437.504,1078.219,104.682,385.772,1024.511,81.244,409.431,1191.754,105.724,377.79,1244.319,64.242,463.307,1207.455,56.185,403.112,1291.233,59.715,394.419,1349.3,1419.254,398.233,1344.667,1458.138,346.338,1357.333,1425.563,310.657,1061.771,1052.063,312.862,1065.116,1090.534,359.135,1056.576,1049.529,152.955,1377.555,711.297,145.918,1354.255,742.266,150.89,1417.844,739.55,192.317,1335.56,325.602,182.804,1342.353,363.492,193.262,1383.301,318.176,532.628,1163.961,690.39,539.963,1162.781,728.968,535.039,1212.853,690.358,489.993,1077.69,265.575,497.98,1084.361,303.531,495.523,1125.468,256.293,262.189,1231.95,998.927,445.606,1221.74,999.759,247.859,1434.17,575.823,436.664,1166.34,548.746,284.376,1317.18,155.587,402.585,1096.76,115.453,274.751,1384.45,122.287,401.252,1171.31,100.306,195.602,1230.76,1497.01,513.904,1215.87,1483.47,75.576,1192.13,1213.7,626.27,1228.29,1179.13,62.28,1242.32,867.947,624.57,1421.76,914.866,347.578,1252.65,1093.54,285.208,1324.316,130.087,37.566,-5.839,-6.421,40.375,5.481,-21.205,2.065,-1.347,10.794,-36.104,3.362,6.589,6.639,-0.364,-4.719,2.559,4.379,-15.51,9.614,-1.969,16.933,-36.688,4.943,4.962,-4.247,0.087,-2.499,-4.247,-0.087,2.499,-0.587,22.601,48.847,27.098,0,0,-11.12,14.925,81.936,7.973,-6.581,6.608,13.217,19.696,32.936,38.779,0,-0,1.016,15.085,83.324,7.973,6.581,-6.608,-75.136,4.8,-15.866,-89.595,2.77,-7.156,13.818,-0.07,3.437,13.818,0.07,-3.437,9.583,0.232,5.886,9.583,-0.232,-5.886,-17.692,6.645,-1.669,-17.692,-6.645,1.669,0,0,0,0,0,0,-0.067,0.034,1.237,-0.346,0.071,0.682,-0.341,-0.005,-0.036,0.172,0.116,1.271,-0.008,0.005,0.583,-0.144,0.005,0.001,0,0,0,0,0,0,110.685,19.005,9.969,0.843,-14.422,-5.397,-11.988,-3.695,-4.963,-53.154,-66.005,-1.517,-24.069,-12.129,-0.379,-4.746,-1.842,0.145,0,0,-0.094,0,0,0.017,0,0,0.007,0,0,-0.129,0,0,-0.03,0,0,0.001
31.96,354.945,1242.08,997.498,367.025,1419.953,953.202,171.67,1254.613,997.844,358.302,1286.25,1175.78,250.165,1451.41,575.23,230.163,1855.777,759.46,-193.017,1419.852,596.38,282.463,1268.804,979.538,286.359,1363.34,147.648,90.077,1753.001,52.065,-113.525,1164.687,158.974,253.728,1453.892,583.807,277.123,1433.01,119.575,260.167,1468.119,335.859,66.049,1372.166,112.904,335.936,1224.769,157.99,277.123,1433.01,119.575,265.704,1481.824,168.005,208.478,1422.049,114.437,281.14,1384.474,169.443,437.257,1170.71,548.804,500.119,1611.547,483.493,-8.392,1233.014,540.406,438.072,1236.554,994.022,402.12,1097.48,115.884,579.989,1490.272,34.364,2.653,1279.09,119.347,438.957,1170.285,547.058,400.996,1171.94,100.309,411.671,1173.412,321.915,181.195,1200.308,110.709,372.73,951.898,103.133,400.996,1171.94,100.309,402.972,1214.392,156.982,330.192,1172.415,102.422,401.882,1115.235,142.755,367.943,1306.21,1509.55,385.577,1471.121,1481.64,535.199,1288.769,1512.171,367.619,1278.178,1343.72,74.76,1202.67,1212.88,-151.64,1049.341,1334.289,231.421,949.313,1185.05,191.837,1245.185,1484.895,73.167,1235.22,907.547,-171.121,1085.779,892.888,223.318,992.388,880.874,74.654,1204.82,1192.674,59.524,1245,866.272,11.177,1306.065,896.715,-3.722,1190.893,874.364,85.13,1226.654,943.738,627.559,1248.7,1178.71,786.488,972.959,1221.908,883.222,1412.468,1283.465,515.598,1231.251,1479.239,614.657,1411.58,955.573,777.842,1242.027,822.377,829.902,1549.458,1043.767,627.272,1252.331,1173.746,622.469,1449.09,919.789,705.298,1474.77,964.793,572.741,1512.328,975.229,607.911,1379.183,986.471,378.492,1441.27,1769.04,379.258,1414.558,1777.4,406.301,1441.048,1765.785,375.32,1432.878,1742.516,308.146,1372.622,1767.387,446.761,1367.11,1754.597,295.466,1237.75,1743.834,434.025,1219.028,1723.844,285.372,1274.622,1678.443,445.943,1277.907,1662.873,378.183,1416.306,1768.114,353.095,1175.036,1587.132,350.965,1149.466,1549.964,350.44,1104.08,1281.445,368.677,1313.072,1508.388,358.716,1357.518,1316.433,456.886,1096.542,1439.417,190.401,1249.598,1551.626,100.671,1233.874,1451.807,72.021,1249.188,1206.787,64.011,1269.741,1005.571,109.607,1293.737,907.454,9.605,1209.399,914.295,49.695,1257.413,872.461,525.829,1232.921,1538.069,618.02,1216.887,1430.433,655.231,1283.974,1191.065,645.814,1392.367,1034.461,601.162,1468.13,994.176,667.747,1372.696,932.325,636.881,1453.558,927.62,244.204,1327.323,1066.651,476.878,1310.137,1065.481,318.044,1106.687,1119.213,379.436,1097.118,1120.705,171.508,1371.087,780.604,232.292,1398.7,926.137,234.192,1480.737,763.783,200.494,1439.067,588.061,201.226,1398.861,401.819,246.424,1477.579,468.042,264.769,1453.75,367.446,251.035,1341.991,137.947,309.517,1291.499,124.691,264.991,1453.522,121.322,292.516,1502.964,77.865,219.479,1457.544,61.733,264.514,1540.634,68.948,531.399,1202.949,783.411,495.34,1324.373,887.946,463.691,1290.352,675.528,492.845,1164.039,552.028,492.452,1123.916,365.396,443.384,1206.504,430.994,433.023,1189.36,347.555,436.908,1078.593,105.104,385.268,1024.902,81.776,409.217,1192.151,105.635,377.73,1244.615,63.94,463.141,1207.544,56.053,403.165,1291.575,59.119,395.401,1364.679,1417.671,399.111,1360.102,1456.57,347.324,1372.78,1423.83,310.579,1077.391,1050.773,312.833,1080.759,1089.261,358.946,1071.971,1048.193,155.228,1394.876,710.593,147.902,1371.52,741.43,153.401,1435.041,738.949,194.246,1370.372,318.674,184.613,1374.557,356.97,195.368,1418.631,314.827,533.443,1171.228,690.16,540.95,1170.853,728.753,535.782,1220.132,689.16,489.795,1079.392,266.181,497.828,1086.378,304.06,495.399,1127.04,256.372,263.282,1247.95,997.369,446.609,1236.21,997.628,250.165,1451.41,575.23,437.257,1170.71,548.804,286.359,1363.34,147.648,402.12,1097.48,115.884,277.123,1433.01,119.575,400.996,1171.94,100.309,196.184,1246.76,1495,514.48,1231.08,1482.24,74.76,1202.67,1212.88,627.559,1248.7,1178.71,59.524,1245,866.272,622.469,1449.09,919.789,348.597,1267.97,1092,287.254,1372.51,123.007,37.945,-5.666,-6.211,36.535,6.018,-21.58,2.39,-1.34,10.735,-36.325,3.326,6.645,5.553,-0.575,-4.175,1.819,4.502,-15.952,9.804,-1.989,17.12,-36.586,4.981,4.971,-4.395,0.479,-2.222,-4.395,-0.479,2.222,-1.69,22.878,49.496,26.996,-0,0,-11.583,15.067,81.49,7.836,-6.548,6.686,14.188,19.677,33.09,39.584,0,0,1.338,15.12,83.46,7.836,6.548,-6.686,-79.548,4.593,-15.522,-89.265,2.781,-7.319,13.953,0.108,3.912,13.953,-0.108,-3.912,9.594,0.11,6.019,9.594,-0.11,-6.019,-17.557,6.504,-1.577,-17.557,-6.504,1.577,0,0,0,0,0,0,-0.091,0.024,1.349,-0.416,0.084,0.737,-0.354,0.006,-0.062,0.202,0.117,1.32,0.016,0.002,0.596,-0.146,0.002,0.003,0,0,0,0,0,0,164.506,19.988,0.628,-32.058,-9.721,-6.824,-10.05,-3.544,-6.28,-71.099,-68.655,-1.713,-21.779,-8.992,-0.585,-4.61,-1.736,-0.072,0,0,-0.098,0,0,-0.219,0,0,0.005,0,0,-0.151,0,0,-0.025,0,0,0.002
31.97,355.952,1257.39,995.278,369.273,1435.046,950.471,172.781,1271.332,996.103,360.15,1302.007,1173.431,252.54,1467.62,573.712,237.083,1871.903,758.563,-190.94,1440.838,595.202,283.201,1284.068,977.719,288.188,1409.89,140.891,95.144,1807.105,74.158,-113.322,1214.24,137.8,256.208,1468.543,582.52,279.595,1481.57,118.214,263.149,1500.277,336.568,67.944,1423.411,107.256,336.447,1270.462,140.582,279.595,1481.57,118.214,268.609,1526.894,170.019,210.851,1471.677,112.29,283.095,1429.545,164.472,437.818,1175.51,548.765,499.587,1615.042,474.261,-7.98,1236.729,540.326,439.711,1250.467,992.536,401.634,1098.24,116.324,581.525,1489.243,30.743,3.159,1282.036,118.461,439.383,1175.076,546.719,400.722,1172.61,100.306,411.35,1175.374,321.902,180.999,1201.653,110.482,371.842,952.668,104.435,400.722,1172.61,100.306,402.798,1215.309,156.79,329.919,1173.296,102.39,401.431,1116.092,143.004,368.627,1321.78,1507.62,386.679,1486.653,1479.755,535.838,1304,1510.744,368.744,1293.741,1341.791,73.973,1213.22,1211.84,-152.498,1063.287,1337.292,229.649,958.779,1188.779,192.223,1261.042,1482.463,71.15,1239.21,905.946,-173.705,1090.34,895.553,220.358,995.341,883.843,73.786,1214.928,1191.651,56.979,1248.16,864.557,8.764,1309.646,894.355,-5.983,1194.013,874.41,83.517,1231.406,942.069,628.824,1269.02,1178.07,789.172,993.568,1217.717,883.234,1432.658,1286.031,516.035,1246.525,1477.953,613.331,1437.39,959.373,777.684,1273.033,821.194,827.521,1575.158,1050.266,628.486,1272.692,1173.298,620.499,1476.1,924.713,703.184,1501.475,970.153,570.195,1536.947,982.269,607.148,1403.994,989.273,378.675,1456.41,1767.65,379.384,1429.679,1775.954,406.494,1456.164,1764.48,375.576,1448.079,1741.098,308.275,1387.823,1765.616,446.925,1382.217,1753.248,295.531,1253.039,1741.721,434.118,1234.249,1722.107,285.723,1290.047,1676.371,446.19,1293.191,1661.318,378.341,1431.457,1766.662,353.295,1190.606,1585.211,351.211,1165.085,1548.016,351.401,1119.674,1279.461,369.378,1328.636,1506.463,360.094,1373.073,1314.419,457.704,1111.7,1437.805,190.77,1265.707,1549.28,100.96,1248.804,1449.598,71.452,1259.615,1204.736,62.381,1275.852,1003.226,107.345,1297.836,904.283,7.745,1213.325,913.666,47.177,1260.664,870.615,526.222,1248.133,1536.539,618.6,1232.924,1429.188,656.531,1304.011,1191.12,645.156,1416.398,1037.564,599.265,1492.627,999.656,666.826,1399.898,934.794,634.886,1480.519,932.62,245.976,1343.742,1064.493,478.716,1324.786,1062.708,318.337,1122.508,1117.49,379.658,1112.504,1118.805,173.057,1387.783,779.431,234.569,1414.602,924.581,236.833,1496.738,762.371,202.926,1455.984,586.097,203.215,1427.314,397.098,249.188,1500.698,468.33,267.287,1484.065,366.828,252.713,1389.755,129.947,310.941,1339.953,113.041,267.64,1502.099,121.515,295.668,1554.233,81.743,222.27,1510.808,62.434,268.024,1592.715,75.622,532.758,1212.642,782.334,496.273,1336.325,884.646,464.522,1297.894,673.039,493.264,1168.881,551.816,492.374,1126.701,365.527,443.912,1210.096,430.288,433.303,1192.224,347.103,436.305,1079.019,105.579,384.722,1025.314,82.374,408.979,1192.578,105.541,377.677,1244.925,63.627,462.934,1207.617,55.9,403.24,1291.926,58.501,396.334,1380.157,1415.743,399.947,1375.642,1454.656,348.268,1388.346,1421.756,310.642,1093.11,1049.231,312.909,1096.52,1087.732,358.895,1087.483,1046.625,157.673,1411.091,709.051,150.114,1387.788,739.852,155.957,1451.252,737.362,196.023,1405.251,312.214,186.293,1406.746,350.735,197.403,1453.787,312.06,534.269,1178.862,689.725,541.975,1179.269,728.313,536.567,1227.757,687.773,489.602,1081.35,266.785,497.68,1088.686,304.574,495.231,1128.844,256.414,264.336,1263.96,995.389,447.567,1250.82,995.167,252.54,1467.62,573.712,437.818,1175.51,548.765,288.188,1409.89,140.891,401.634,1098.24,116.324,279.595,1481.57,118.214,400.722,1172.61,100.306,196.679,1262.84,1492.66,515.01,1246.32,1480.68,73.973,1213.22,1211.84,628.824,1269.02,1178.07,56.979,1248.16,864.557,620.499,1476.1,924.713,349.591,1283.35,1090.15,289.29,1421.026,117.278,38.204,-5.507,-6.084,32.416,6.387,-21.868,2.569,-1.348,10.809,-36.591,3.31,6.665,4.539,-0.738,-3.639,1.175,4.576,-16.385,10.043,-2.005,17.272,-36.499,4.978,4.974,-4.582,0.863,-1.987,-4.582,-0.863,1.987,-2.823,23.163,50,26.954,0,0,-12.002,15.312,81.064,7.707,-6.533,6.749,15.132,19.636,33.215,40.391,-0,0,1.654,15.197,83.605,7.707,6.533,-6.749,-83.952,4.443,-14.992,-88.924,2.769,-7.479,14.117,0.257,4.353,14.117,-0.257,-4.353,9.597,-0.04,6.161,9.597,0.04,-6.161,-17.419,6.355,-1.461,-17.419,-6.355,1.461,0,0,0,0,0,0,-0.108,0.005,1.462,-0.492,0.093,0.79,-0.361,0.02,-0.095,0.225,0.11,1.38,0.04,-0.002,0.611,-0.149,-0.001,0.005,0,0,0,0,0,0,223.506,13.357,-9.847,-75.908,-5.864,-8.099,-6.8,-3.309,-7.448,-86.123,-64.678,-1.682,-19.905,-6.198,-0.62,-4.327,-1.618,-0.126,0,0,-0.08,0,0,-0.56,0,0,0.003,0,0,-0.162,0,0,-0.02,0,0,0.002
31.98,356.917,1272.8,992.716,371.39,1450.226,947.359,173.852,1288.047,993.944,361.867,1317.902,1170.728,254.99,1482.89,571.296,242.948,1887.427,755.844,-188.701,1459.875,592.795,284.091,1299.387,975.441,289.842,1456.54,135.594,100.32,1859.334,99.018,-113.412,1265.249,118.494,258.757,1482.306,580.418,282.167,1529.83,118.392,266.009,1532.24,337.554,69.783,1475.375,103.333,336.306,1316.927,124.724,282.167,1529.83,118.392,271.719,1571.495,173.287,213.306,1521.285,111.772,284.939,1474.606,160.834,438.331,1180.81,548.638,498.825,1618.935,465.318,-7.634,1240.845,540.534,441.557,1264.461,990.845,401.143,1099.03,116.797,582.601,1488.301,26.745,3.464,1284.553,117.429,439.775,1180.377,546.283,400.442,1173.3,100.305,410.946,1177.447,321.885,180.792,1203.001,110.162,370.963,953.468,105.817,400.442,1173.3,100.305,402.663,1216.26,156.584,329.641,1174.242,102.38,400.952,1116.985,143.273,369.247,1337.47,1505.39,387.713,1502.309,1477.595,536.412,1319.371,1509.111,369.903,1309.434,1339.562,73.193,1223.84,1210.58,-153.07,1076.907,1339.895,228.344,968.702,1192.151,192.524,1276.964,1479.736,69.326,1243.61,904.28,-175.822,1095.002,897.781,218.032,999.073,886.616,72.938,1225.138,1190.409,54.658,1251.83,862.786,6.479,1313.598,892.055,-7.963,1197.589,874.176,82.055,1236.474,940.289,630.038,1289.21,1177.25,791.513,1013.936,1213.403,883.354,1452.404,1288.407,516.399,1261.839,1476.406,612.103,1462.9,963.121,777.412,1303.693,820.135,825.372,1600.294,1056.705,629.656,1292.915,1172.682,618.672,1502.75,929.63,701.201,1527.745,975.562,567.831,1561.176,989.187,606.441,1428.54,991.989,378.816,1471.63,1765.98,379.464,1444.88,1774.226,406.645,1471.354,1762.898,375.79,1463.364,1739.4,308.353,1403.108,1763.552,447.021,1397.372,1751.621,295.548,1268.405,1739.312,434.105,1249.52,1720.081,286.023,1305.563,1673.993,446.36,1308.537,1659.494,378.452,1446.683,1764.93,353.406,1206.276,1582.992,351.385,1180.803,1545.782,352.447,1135.381,1277.118,370.016,1344.329,1504.229,361.436,1388.755,1312.079,458.321,1126.931,1435.835,191.067,1281.882,1546.65,101.19,1263.745,1447.166,70.746,1270.079,1202.542,60.759,1282.207,1000.825,105.205,1302.364,901.222,6.096,1217.591,912.814,44.863,1264.391,868.736,526.549,1263.382,1534.709,619.062,1248.834,1427.608,657.804,1323.891,1190.969,644.565,1440.121,1040.564,597.504,1516.755,1005.026,665.964,1426.817,937.286,633.032,1507.097,937.622,247.553,1360.257,1061.906,480.501,1339.609,1059.627,318.665,1138.454,1115.451,379.869,1127.985,1116.628,174.776,1403.649,777.465,236.616,1430.457,922.21,239.406,1512.01,759.771,205.404,1472.015,583.452,205.125,1455.383,392.656,251.993,1523.033,468.438,269.824,1513.729,366.585,254.208,1437.737,123.498,312.126,1388.754,102.985,270.467,1550.254,123.238,299.186,1604.648,87.313,225.343,1563.715,64.998,272.047,1643.804,84.03,534.172,1222.625,781.051,497.35,1348.443,881.193,465.317,1305.748,670.49,493.663,1174.275,551.493,492.282,1129.877,365.608,444.346,1214.083,429.478,433.513,1195.385,346.543,435.717,1079.508,106.125,384.153,1025.754,83.068,408.729,1193.034,105.448,377.634,1245.242,63.313,462.699,1207.675,55.735,403.34,1292.278,57.877,397.216,1395.744,1413.497,400.739,1391.298,1452.423,349.163,1404.034,1419.37,310.84,1108.927,1047.44,313.084,1112.409,1085.944,358.976,1103.119,1044.823,160.198,1426.182,706.696,152.473,1403.048,737.562,158.499,1466.462,734.811,197.647,1440.045,306.458,187.852,1438.811,345.012,199.381,1488.597,310.038,535.097,1186.916,689.098,543.012,1188.069,727.658,537.393,1235.774,686.217,489.419,1083.584,267.402,497.541,1091.314,305.089,495.025,1130.901,256.43,265.351,1280.03,993.03,448.484,1265.58,992.402,254.99,1482.89,571.296,438.331,1180.81,548.638,289.842,1456.54,135.594,401.143,1099.03,116.797,282.167,1529.83,118.392,400.442,1173.3,100.305,197.092,1279,1490.04,515.48,1261.61,1478.82,73.193,1223.84,1210.58,630.038,1289.21,1177.25,54.658,1251.83,862.786,618.672,1502.75,929.63,350.561,1298.79,1088.05,291.297,1469.504,113.112,38.341,-5.357,-6.067,28.076,6.579,-22.031,2.589,-1.372,11.034,-36.845,3.303,6.67,3.584,-0.851,-3.118,0.638,4.596,-16.777,10.324,-2.015,17.364,-36.405,4.92,4.968,-4.788,1.249,-1.782,-4.788,-1.249,1.782,-3.965,23.465,50.404,26.963,-0,0,-12.348,15.629,80.653,7.578,-6.549,6.801,16.04,19.569,33.283,41.197,-0,0,1.971,15.294,83.787,7.578,6.549,-6.801,-88.296,4.35,-14.261,-88.564,2.738,-7.635,14.295,0.383,4.761,14.295,-0.383,-4.761,9.596,-0.223,6.304,9.596,0.223,-6.304,-17.276,6.204,-1.333,-17.276,-6.204,1.333,0,0,0,0,0,0,-0.118,-0.022,1.569,-0.568,0.095,0.839,-0.361,0.035,-0.135,0.241,0.095,1.446,0.061,-0.005,0.625,-0.151,-0.004,0.006,0,0,0,0,0,0,289.501,-1.88,-20.74,-130.731,-3.962,-9.009,-2.415,-3.009,-8.243,-96.684,-52.835,-1.562,-18.081,-3.643,-0.595,-3.957,-1.492,-0.126,0,0,-0.043,0,0,-1.005,0,0,0.005,0,0,-0.163,0,0,-0.016,0,0,0.002
31.99,357.861,1288.32,989.854,373.41,1465.51,943.933,174.903,1304.775,991.398,363.464,1333.924,1167.718,257.504,1497.31,568.04,247.717,1902.389,751.53,-186.337,1477.014,589.174,285.122,1314.684,972.686,291.308,1502.89,131.973,105.44,1908.993,126.295,-113.733,1317.085,101.686,261.409,1495.436,577.562,284.842,1577.36,120.22,268.784,1563.907,338.989,71.582,1527.671,101.51,335.45,1363.704,110.796,284.842,1577.36,120.22,275.049,1615.225,177.917,215.853,1570.449,113.046,286.665,1519.247,158.668,438.796,1186.68,548.435,497.886,1623.314,456.705,-7.343,1245.497,541.011,443.582,1278.585,988.986,400.672,1099.87,117.328,583.243,1487.452,22.375,3.584,1286.654,116.247,440.134,1186.242,545.756,400.175,1174.02,100.323,410.473,1179.67,321.88,180.591,1204.343,109.756,370.134,954.307,107.323,400.175,1174.02,100.323,402.572,1217.274,156.37,329.379,1175.234,102.414,400.491,1117.935,143.593,369.803,1353.3,1502.86,388.653,1518.111,1475.157,536.921,1334.927,1507.27,371.098,1325.279,1337.033,72.453,1234.55,1209.15,-153.273,1090.091,1342.139,227.642,979.155,1195.133,192.749,1292.958,1476.777,67.669,1248.48,902.543,-177.441,1099.697,899.612,216.414,1003.698,889.108,72.138,1235.475,1188.96,52.57,1256.02,860.959,4.341,1317.988,889.719,-9.684,1201.657,873.697,80.705,1241.956,938.443,631.181,1309.24,1176.24,793.429,1033.989,1208.945,883.619,1471.621,1290.541,516.691,1277.205,1474.607,610.987,1488.05,966.808,776.996,1333.889,819.179,823.517,1624.76,1063.039,630.763,1312.94,1171.904,616.996,1528.97,934.528,699.362,1553.527,980.986,565.652,1584.973,995.953,605.805,1452.772,994.645,378.908,1486.95,1764.04,379.487,1460.181,1772.23,406.746,1486.637,1761.05,375.957,1478.746,1737.432,308.372,1418.49,1761.22,447.033,1412.59,1749.738,295.495,1283.868,1736.631,433.994,1264.862,1717.795,286.253,1321.182,1671.346,446.454,1323.96,1657.419,378.509,1461.997,1762.943,353.431,1222.055,1580.495,351.512,1196.628,1543.286,353.613,1151.196,1274.45,370.588,1360.158,1501.713,362.738,1404.565,1309.443,458.723,1142.264,1433.537,191.297,1298.123,1543.766,101.353,1278.715,1444.54,69.924,1280.635,1200.228,59.163,1288.855,998.375,103.199,1307.348,898.257,4.618,1222.266,911.757,42.765,1268.618,866.806,526.805,1278.691,1532.614,619.384,1264.642,1425.729,659.041,1343.581,1190.625,644.05,1463.502,1043.461,595.892,1540.483,1010.276,665.18,1453.405,939.802,631.328,1533.245,942.612,248.962,1376.876,1058.958,482.238,1354.589,1056.301,319.038,1154.507,1113.098,380.068,1143.571,1114.187,176.628,1418.643,774.712,238.415,1446.292,919.044,241.901,1526.528,756.013,207.922,1487.288,580.239,206.976,1482.995,388.663,254.834,1544.646,468.464,272.379,1542.656,366.794,255.512,1485.51,118.781,313.021,1437.429,94.682,273.486,1597.547,126.573,303.08,1653.758,94.611,228.704,1615.819,69.522,276.612,1693.45,94.199,535.611,1232.938,779.587,498.575,1360.77,877.643,466.076,1313.979,667.909,494.05,1180.26,551.07,492.196,1133.474,365.661,444.689,1218.498,428.574,433.664,1198.864,345.888,435.17,1080.07,106.764,383.591,1026.23,83.893,408.488,1193.526,105.368,377.606,1245.566,63.008,462.456,1207.723,55.567,403.466,1292.625,57.26,398.045,1411.446,1410.967,401.485,1407.074,1449.903,350.008,1419.843,1416.706,311.157,1124.842,1045.402,313.34,1128.43,1083.896,359.176,1118.876,1042.788,162.684,1440.205,703.587,154.868,1417.353,734.619,160.957,1480.721,731.359,199.134,1474.542,301.604,189.311,1470.592,340.005,201.326,1522.84,308.872,535.92,1195.431,688.309,544.032,1197.286,726.815,538.254,1244.225,684.529,489.261,1086.108,268.057,497.426,1094.28,305.627,494.797,1133.223,256.44,266.345,1296.15,990.328,449.377,1280.5,989.381,257.504,1497.31,568.04,438.796,1186.68,548.435,291.308,1502.89,131.973,400.672,1099.87,117.328,284.842,1577.36,120.22,400.175,1174.02,100.323,197.421,1295.23,1487.17,515.893,1276.98,1476.69,72.453,1234.55,1209.15,631.181,1309.24,1176.24,52.57,1256.02,860.959,616.996,1528.97,934.528,351.518,1314.3,1085.72,293.254,1517.488,110.627,38.37,-5.219,-6.165,23.607,6.601,-22.064,2.454,-1.417,11.45,-37.033,3.288,6.671,2.684,-0.913,-2.612,0.217,4.561,-17.119,10.646,-2.019,17.402,-36.317,4.814,4.971,-5.005,1.638,-1.595,-5.005,-1.638,1.595,-5.108,23.783,50.692,27.01,-0,0,-12.603,15.943,80.322,7.458,-6.594,6.826,16.901,19.472,33.272,42.002,-0,0,2.281,15.388,84.017,7.458,6.594,-6.826,-92.525,4.306,-13.314,-88.175,2.685,-7.782,14.476,0.482,5.139,14.476,-0.482,-5.139,9.592,-0.442,6.436,9.592,0.442,-6.436,-17.136,6.049,-1.191,-17.136,-6.049,1.191,0,0,0,0,0,0,-0.124,-0.054,1.665,-0.641,0.092,0.884,-0.355,0.053,-0.182,0.247,0.075,1.516,0.077,-0.009,0.64,-0.153,-0.008,0.007,0,0,0,0,0,0,361.823,-26.121,-30.809,-195.127,-5.508,-9.062,2.805,-2.675,-8.146,-101.583,-33.906,-1.491,-16.78,-1.218,-0.569,-3.444,-1.365,-0.139,0,0,0.012,0,0,-1.527,0,0,0.009,0,0,-0.158,0,0,-0.011,0,0,0.002
32,358.797,1303.97,986.742,375.363,1480.932,940.299,175.946,1321.554,988.521,364.956,1350.037,1164.468,260.045,1510.98,564.03,251.673,1916.838,745.861,-183.913,1492.656,584.49,286.204,1329.881,969.459,292.597,1548.47,130.129,110.362,1955.472,155.394,-114.196,1368.957,87.784,264.165,1508.182,574.052,287.615,1623.7,123.677,271.486,1595.154,340.987,73.385,1579.718,101.999,333.921,1410.277,99.078,287.615,1623.7,123.677,278.592,1657.62,183.899,218.501,1618.679,116.15,288.29,1563.013,157.959,439.225,1193.17,548.166,496.974,1628.228,448.444,-7.069,1250.913,541.634,445.705,1292.895,986.992,400.253,1100.76,117.951,583.484,1486.681,17.654,3.546,1288.332,114.951,440.486,1192.683,545.151,399.95,1174.78,100.376,409.986,1182.11,321.896,180.426,1205.686,109.298,369.388,955.197,109.026,399.95,1174.78,100.376,402.542,1218.358,156.163,329.16,1176.263,102.506,400.092,1118.953,143.979,370.293,1369.27,1500.1,389.478,1534.057,1472.485,537.366,1350.688,1505.287,372.324,1341.245,1334.281,71.725,1245.43,1207.56,-153.264,1103.124,1344.073,227.292,990.068,1197.754,192.91,1309.04,1473.596,66.154,1253.82,900.744,-178.723,1104.626,901.111,215.257,1009.068,891.345,71.358,1245.984,1187.337,50.717,1260.74,859.073,2.371,1322.859,887.304,-11.185,1206.255,872.953,79.421,1247.867,936.555,632.247,1329.08,1175.09,794.901,1053.687,1204.413,884.039,1490.289,1292.434,516.914,1292.642,1472.626,609.989,1512.81,970.428,776.438,1363.55,818.326,821.975,1648.533,1069.221,631.8,1332.756,1170.987,615.48,1554.73,939.392,697.688,1578.768,986.398,563.685,1608.305,1002.578,605.25,1476.644,997.214,378.94,1502.35,1761.89,379.444,1475.561,1770.021,406.788,1501.995,1758.993,376.065,1494.211,1735.254,308.32,1433.982,1758.656,446.953,1427.892,1747.627,295.343,1299.447,1733.712,433.798,1280.301,1715.281,286.396,1336.924,1668.468,446.472,1339.474,1655.118,378.501,1477.408,1760.732,353.369,1237.948,1577.748,351.609,1212.566,1540.559,354.903,1167.103,1271.51,371.092,1376.125,1498.951,363.996,1420.504,1306.551,458.9,1157.719,1430.95,191.464,1314.436,1540.662,101.446,1293.734,1441.752,69.008,1291.335,1197.815,57.608,1295.846,995.885,101.337,1312.814,895.377,3.272,1227.42,910.518,40.889,1273.371,864.812,526.99,1294.082,1530.297,619.551,1280.379,1423.595,660.237,1363.042,1190.101,643.617,1486.503,1046.25,594.444,1563.782,1015.395,664.474,1479.602,942.326,629.784,1558.915,947.571,250.24,1393.605,1055.724,483.934,1369.705,1052.795,319.457,1170.641,1110.444,380.253,1159.269,1111.501,178.535,1432.791,771.224,239.973,1462.133,915.111,244.326,1540.294,751.187,210.453,1501.987,576.606,208.785,1510.064,385.246,257.695,1565.606,468.495,274.939,1570.757,367.476,256.646,1532.546,115.859,313.603,1485.422,88.181,276.695,1643.466,131.464,307.33,1701.063,103.525,232.343,1666.577,75.957,281.702,1741.15,105.998,537.036,1243.614,777.982,499.932,1373.352,874.051,466.809,1322.656,665.321,494.443,1186.86,550.571,492.143,1137.509,365.717,444.97,1223.364,427.592,433.788,1202.683,345.158,434.693,1080.709,107.521,383.077,1026.75,84.896,408.281,1194.061,105.315,377.6,1245.894,62.723,462.227,1207.766,55.405,403.616,1292.961,56.66,398.823,1427.264,1408.193,402.186,1422.972,1447.137,350.8,1435.762,1413.807,311.565,1140.847,1043.126,313.655,1144.582,1081.595,359.479,1134.742,1040.527,164.996,1453.302,699.82,157.161,1430.837,731.109,163.246,1494.155,727.116,200.511,1508.477,297.778,190.702,1501.882,335.857,203.266,1556.256,308.589,536.732,1204.44,687.4,545.017,1206.951,725.828,539.139,1253.142,682.758,489.151,1088.93,268.781,497.353,1097.592,306.221,494.576,1135.818,256.471,267.331,1312.36,987.334,450.262,1295.58,986.151,260.045,1510.98,564.03,439.225,1193.17,548.166,292.597,1548.47,130.129,400.253,1100.76,117.951,287.615,1623.7,123.677,399.95,1174.78,100.376,197.685,1311.55,1484.07,516.247,1292.43,1474.35,71.725,1245.43,1207.56,632.247,1329.08,1175.09,50.717,1260.74,859.073,615.48,1554.73,939.392,352.469,1329.85,1083.22,295.149,1564.444,109.823,38.299,-5.088,-6.342,19.104,6.486,-22.005,2.172,-1.482,12.065,-37.07,3.257,6.678,1.82,-0.935,-2.14,-0.083,4.483,-17.386,10.994,-2.017,17.384,-36.218,4.673,4.992,-5.206,2.031,-1.413,-5.206,-2.031,1.413,-6.23,24.125,50.914,27.091,0,0,-12.747,16.231,80.058,7.327,-6.668,6.824,17.712,19.349,33.173,42.805,0,0,2.606,15.487,84.288,7.327,6.668,-6.824,-96.575,4.305,-12.163,-87.744,2.617,-7.918,14.645,0.555,5.493,14.645,-0.555,-5.493,9.592,-0.692,6.551,9.592,0.692,-6.551,-16.99,5.892,-1.037,-16.99,-5.892,1.037,0,0,0,0,0,0,-0.125,-0.088,1.746,-0.707,0.083,0.922,-0.343,0.072,-0.236,0.243,0.051,1.584,0.088,-0.013,0.653,-0.155,-0.011,0.007,0,0,0,0,0,0,434.381,-58.369,-39.021,-267.331,-12.283,-7.908,8.499,-2.348,-6.774,-101.42,-10.727,-1.673,-16.67,1.261,-0.682,-2.899,-1.244,-0.299,0,0,0.083,0,0,-2.08,0,0,0.014,0,0,-0.15,0,0,-0.007,0,0,0.002
32.01,359.737,1319.76,983.448,377.276,1496.51,936.56,176.993,1338.409,985.388,366.363,1366.218,1161.056,262.556,1524.07,559.393,255.204,1930.858,739.178,-181.505,1507.375,579.009,287.243,1344.911,965.775,293.765,1592.67,130.012,115.14,1998.296,185.325,-114.737,1420.012,76.962,266.97,1520.866,570.041,290.494,1668.26,128.598,274.167,1625.678,343.584,75.268,1630.696,104.812,331.849,1455.952,89.688,290.494,1668.26,128.598,282.308,1698.12,191.048,221.275,1665.289,120.946,289.878,1605.346,158.6,439.643,1200.33,547.846,496.24,1633.731,440.538,-6.77,1257.247,542.274,447.848,1307.469,984.892,399.926,1101.73,118.701,583.539,1485.917,12.613,3.467,1289.777,113.518,440.85,1199.744,544.479,399.801,1175.59,100.486,409.516,1184.817,321.949,180.327,1207.015,108.804,368.779,956.153,110.989,399.801,1175.59,100.486,402.636,1219.539,155.969,329.021,1177.346,102.712,399.807,1120.062,144.47,370.719,1385.37,1497.13,390.184,1550.139,1469.603,537.748,1366.642,1503.141,373.543,1357.336,1331.324,71.005,1256.51,1205.82,-153.105,1116.093,1345.693,227.207,1001.414,1200.004,192.999,1325.181,1470.222,64.763,1259.69,898.887,-179.728,1109.903,902.309,214.476,1015.193,893.312,70.593,1256.723,1185.559,49.095,1266.03,857.132,0.578,1328.277,884.782,-12.493,1211.44,871.96,78.182,1254.269,934.648,633.231,1348.69,1173.8,795.921,1072.989,1199.842,884.614,1508.389,1294.05,517.06,1308.161,1470.48,609.106,1537.14,973.964,775.74,1392.612,817.555,820.747,1671.592,1075.204,632.765,1352.334,1169.938,614.128,1579.99,944.2,696.195,1603.409,991.76,561.948,1631.152,1009.047,604.767,1500.118,999.683,378.901,1517.87,1759.55,379.326,1491.062,1767.62,406.758,1517.468,1756.748,376.102,1509.799,1732.885,308.185,1449.598,1755.897,446.777,1443.299,1745.326,295.07,1315.158,1730.593,433.531,1295.863,1712.582,286.434,1352.803,1665.403,446.408,1355.091,1652.626,378.418,1492.928,1758.333,353.223,1253.964,1574.792,351.685,1228.624,1537.641,356.272,1183.086,1268.359,371.529,1392.232,1495.983,365.204,1436.565,1303.447,458.852,1173.299,1428.13,191.57,1330.829,1537.374,101.467,1308.823,1438.832,68.018,1302.23,1195.323,56.11,1303.226,993.362,99.625,1318.784,892.567,2.03,1233.108,909.122,39.232,1278.678,862.753,527.104,1309.575,1527.8,619.558,1296.079,1421.253,661.391,1382.237,1189.411,643.271,1509.085,1048.924,593.173,1586.62,1020.369,663.837,1505.332,944.833,628.408,1584.06,952.476,251.438,1410.445,1052.279,485.591,1384.943,1049.175,319.915,1186.833,1107.524,380.424,1175.082,1108.594,180.395,1446.201,767.102,241.325,1478.006,910.46,246.711,1553.366,745.462,212.949,1516.334,572.726,210.567,1536.49,382.468,260.548,1585.987,468.593,277.481,1597.936,368.589,257.668,1578.241,114.649,313.9,1532.114,83.411,280.081,1687.466,137.702,311.875,1746.046,113.771,236.226,1715.37,84.067,287.238,1786.386,119.115,538.412,1254.68,776.285,501.397,1386.231,870.467,467.539,1331.842,662.743,494.864,1194.092,550.022,492.153,1141.988,365.809,445.236,1228.707,426.551,433.93,1206.864,344.378,434.32,1081.435,108.425,382.657,1027.322,86.126,408.141,1194.654,105.307,377.624,1246.229,62.463,462.032,1207.815,55.254,403.782,1293.279,56.085,399.555,1443.199,1405.221,402.838,1438.991,1444.175,351.541,1451.781,1410.712,312.028,1156.941,1040.627,314.004,1160.857,1079.06,359.861,1150.702,1038.056,167.006,1465.71,695.529,159.213,1443.718,727.147,165.282,1506.975,722.243,201.814,1541.55,295.008,192.057,1532.442,332.623,205.23,1588.568,309.119,537.529,1213.963,686.418,545.954,1217.09,724.752,540.035,1262.554,680.951,489.118,1092.057,269.612,497.349,1101.256,306.905,494.403,1138.694,256.557,268.323,1328.68,984.122,451.152,1310.83,982.775,262.556,1524.07,559.393,439.643,1200.33,547.846,293.765,1592.67,130.012,399.926,1101.73,118.701,290.494,1668.26,128.598,399.801,1175.59,100.486,197.879,1327.93,1480.79,516.539,1307.98,1471.81,71.005,1256.51,1205.82,633.231,1348.69,1173.8,49.095,1266.03,857.132,614.128,1579.99,944.2,353.411,1345.44,1080.6,296.99,1609.79,110.556,38.151,-4.96,-6.544,14.696,6.279,-21.892,1.787,-1.567,12.848,-36.917,3.185,6.682,0.978,-0.933,-1.711,-0.26,4.374,-17.589,11.36,-2.013,17.341,-36.119,4.471,5.039,-5.381,2.42,-1.23,-5.381,-2.42,1.23,-7.32,24.48,51.085,27.196,-0,0,-12.775,16.469,79.871,7.19,-6.763,6.793,18.462,19.213,32.988,43.61,0,0,2.941,15.597,84.587,7.19,6.763,-6.793,-100.385,4.338,-10.846,-87.26,2.534,-8.038,14.789,0.605,5.827,14.789,-0.605,-5.827,9.597,-0.962,6.647,9.597,0.962,-6.647,-16.841,5.737,-0.874,-16.841,-5.737,0.874,0,0,0,0,0,0,-0.124,-0.121,1.809,-0.761,0.069,0.951,-0.327,0.091,-0.294,0.229,0.026,1.649,0.091,-0.017,0.663,-0.157,-0.014,0.006,0,0,0,0,0,0,502.964,-95.833,-45.354,-343.084,-23.657,-5.407,14.293,-2.07,-3.958,-97.933,13.674,-2.108,-18.088,3.472,-0.916,-2.316,-1.137,-0.589,0,0,0.153,0,0,-2.577,0,0,0.016,0,0,-0.14,0,0,-0.003,0,0,0.001
32.02,360.688,1335.68,980.021,379.178,1512.236,932.769,178.053,1355.353,982.062,367.71,1382.452,1157.531,264.963,1536.78,554.3,258.948,1944.531,731.94,-179.201,1522.034,573.108,288.093,1359.651,961.662,294.904,1634.89,131.387,119.757,2037.193,214.9,-115.205,1469.28,69.074,269.743,1533.775,565.716,293.48,1710.48,134.638,276.852,1655.15,346.678,77.319,1679.677,109.649,329.491,1500.031,82.548,293.48,1710.48,134.638,286.146,1736.237,198.992,224.191,1709.607,127.091,291.497,1645.715,160.333,440.079,1208.2,547.469,495.941,1639.862,433.004,-6.393,1264.722,542.731,449.91,1322.34,982.705,399.732,1102.8,119.614,583.558,1485.106,7.281,3.434,1291.102,111.951,441.258,1207.456,543.749,399.755,1176.48,100.676,409.102,1187.862,322.055,180.317,1208.328,108.303,368.369,957.205,113.275,399.755,1176.48,100.676,402.863,1220.867,155.795,328.986,1178.484,103.052,399.685,1121.31,145.108,371.075,1401.62,1494,390.777,1566.368,1466.514,538.061,1382.792,1500.845,374.704,1373.528,1328.219,70.295,1267.84,1203.97,-152.836,1129.1,1347.045,227.319,1013.19,1201.92,193.026,1341.404,1466.71,63.487,1266.12,896.98,-180.509,1115.617,903.239,213.985,1022.05,895.016,69.845,1267.734,1183.652,47.693,1271.89,855.145,-1.03,1334.26,882.148,-13.636,1217.224,870.752,76.985,1261.18,932.736,634.142,1368.02,1172.4,796.509,1091.852,1195.318,885.344,1525.915,1295.38,517.13,1323.774,1468.217,608.332,1560.96,977.404,774.914,1420.985,816.855,819.821,1693.893,1080.942,633.663,1371.607,1168.774,612.949,1604.7,948.931,694.913,1627.362,997.033,560.478,1653.485,1015.356,604.338,1523.141,1002.029,378.78,1533.5,1757.07,379.121,1506.672,1765.077,406.645,1533.047,1754.363,376.057,1525.499,1730.376,307.952,1465.35,1752.988,446.509,1458.834,1742.88,294.662,1331.013,1727.321,433.192,1311.565,1709.743,286.358,1368.833,1662.194,446.257,1370.822,1649.988,378.25,1508.564,1755.787,352.995,1270.109,1571.679,351.731,1244.807,1534.583,357.63,1199.141,1265.071,371.895,1408.476,1492.855,366.358,1452.745,1300.185,458.589,1189.005,1425.14,191.612,1347.313,1533.941,101.419,1323.999,1435.808,66.977,1313.367,1192.768,54.682,1311.041,990.812,98.073,1325.278,889.818,0.873,1239.38,907.593,37.788,1284.566,860.634,527.147,1325.185,1525.172,619.414,1311.778,1418.759,662.509,1401.128,1188.567,643.017,1531.208,1051.476,592.09,1608.964,1025.183,663.252,1530.515,947.295,627.211,1608.635,957.301,252.603,1427.385,1048.699,487.207,1400.303,1045.51,320.393,1203.068,1104.388,380.582,1191.009,1105.5,182.091,1459.071,762.503,242.535,1493.928,905.176,249.094,1565.867,739.096,215.352,1530.578,568.784,212.326,1562.162,380.308,263.348,1605.854,468.777,279.978,1624.098,370.02,258.675,1621.952,114.908,314.005,1576.857,80.173,283.611,1729.006,144.91,316.617,1788.216,124.888,240.3,1761.546,93.415,293.073,1828.664,133.044,539.71,1266.157,774.544,502.941,1399.44,866.934,468.303,1341.594,660.183,495.336,1201.967,549.443,492.256,1146.921,365.963,445.54,1234.552,425.462,434.136,1211.437,343.574,434.088,1082.262,109.512,382.378,1027.954,87.635,408.094,1195.322,105.363,377.685,1246.575,62.234,461.887,1207.879,55.118,403.954,1293.573,55.536,400.241,1459.247,1402.103,403.435,1455.129,1441.069,352.23,1467.889,1407.468,312.501,1173.123,1037.934,314.36,1177.246,1076.321,360.291,1166.741,1035.402,168.617,1477.754,690.89,160.907,1456.291,722.881,166.998,1519.47,716.956,203.089,1573.442,293.203,193.414,1562.016,330.252,207.237,1619.508,310.287,538.314,1224.016,685.406,546.84,1227.726,723.637,540.932,1272.481,679.154,489.197,1095.507,270.585,497.443,1105.285,307.713,494.325,1141.867,256.732,269.325,1345.12,980.745,452.05,1326.25,979.296,264.963,1536.78,554.3,440.079,1208.2,547.469,294.904,1634.89,131.387,399.732,1102.8,119.614,293.48,1710.48,134.638,399.755,1176.48,100.676,198.011,1344.4,1477.38,516.762,1323.64,1469.15,70.295,1267.84,1203.97,634.142,1368.02,1172.4,47.693,1271.89,855.145,612.949,1604.7,948.931,354.333,1361.06,1077.91,298.808,1652.932,112.541,37.969,-4.828,-6.688,10.521,6.02,-21.818,1.353,-1.665,13.749,-36.568,3.075,6.679,0.161,-0.928,-1.347,-0.306,4.249,-17.716,11.736,-2.008,17.297,-36.03,4.221,5.121,-5.513,2.796,-1.04,-5.513,-2.796,1.04,-8.36,24.834,51.211,27.32,0,-0,-12.697,16.649,79.766,7.033,-6.862,6.74,19.156,19.082,32.721,44.425,-0,0,3.285,15.737,84.888,7.033,6.862,-6.74,-103.902,4.399,-9.431,-86.711,2.439,-8.133,14.906,0.637,6.148,14.906,-0.637,-6.148,9.618,-1.236,6.729,9.618,1.236,-6.729,-16.686,5.582,-0.702,-16.686,-5.582,0.702,0,0,0,0,0,0,-0.119,-0.147,1.855,-0.802,0.051,0.969,-0.308,0.11,-0.352,0.207,0.003,1.706,0.088,-0.021,0.671,-0.158,-0.018,0.003,0,0,0,0,0,0,566.966,-133.515,-49.909,-417.233,-37.966,-1.638,19.831,-1.869,0.231,-91.899,35.635,-2.677,-21.325,5.556,-1.153,-1.598,-1.053,-0.891,0,0,0.207,0,0,-2.921,0,0,0.015,0,0,-0.128,0,0,0.002,0,0,0.001
32.03,361.657,1351.75,976.527,381.073,1528.138,929.017,179.13,1372.401,978.604,368.993,1398.736,1153.968,267.201,1549.36,548.962,263.528,1958.01,724.59,-177.074,1537.524,567.209,288.638,1374.093,957.221,296.134,1674.5,133.842,124.274,2072.125,242.735,-115.446,1515.818,63.695,272.373,1547.167,561.3,296.569,1749.81,141.299,279.573,1683.167,350.03,79.608,1725.666,115.924,327.195,1541.785,77.375,296.569,1749.81,141.299,290.009,1771.525,207.209,227.254,1750.932,134.031,293.244,1683.584,162.787,440.56,1216.82,547.025,496.316,1646.656,425.837,-5.892,1273.542,542.805,451.803,1337.56,980.442,399.704,1104.01,120.722,583.629,1484.237,1.694,3.506,1292.387,110.264,441.738,1215.859,542.967,399.839,1177.47,100.962,408.789,1191.314,322.217,180.421,1209.626,107.826,368.201,958.381,115.95,399.839,1177.47,100.962,403.264,1222.387,155.63,329.085,1179.698,103.564,399.769,1122.74,145.934,371.357,1417.99,1490.76,391.281,1582.713,1463.286,538.298,1399.072,1498.397,375.747,1389.814,1325.012,69.602,1279.46,1202.02,-152.487,1142.214,1348.125,227.592,1025.405,1203.525,192.981,1357.733,1463.091,62.316,1273.11,895.034,-181.091,1121.791,903.941,213.744,1029.612,896.476,69.118,1279.038,1181.639,46.489,1278.35,853.12,-2.443,1340.857,879.418,-14.649,1223.656,869.362,75.83,1268.627,930.823,634.98,1387.05,1170.89,796.651,1110.245,1190.866,886.245,1542.859,1296.375,517.142,1339.513,1465.867,607.663,1584.25,980.736,773.943,1448.619,816.193,819.205,1715.428,1086.383,634.495,1390.561,1167.507,611.951,1628.81,953.559,693.862,1650.568,1002.166,559.301,1675.292,1021.477,603.951,1545.675,1004.254,378.565,1549.25,1754.48,378.82,1522.402,1762.424,406.438,1548.742,1751.869,375.917,1541.318,1727.758,307.608,1481.25,1749.979,446.156,1474.513,1740.338,294.11,1347.017,1723.944,432.767,1327.41,1706.811,286.163,1385.016,1658.886,446.012,1386.678,1647.254,377.985,1524.324,1753.142,352.684,1286.388,1568.471,351.719,1261.12,1531.44,358.862,1215.274,1261.718,372.186,1424.851,1489.619,367.448,1469.037,1296.82,458.133,1204.833,1422.05,191.585,1363.897,1530.408,101.308,1339.279,1432.709,65.911,1324.786,1190.167,53.335,1319.332,988.244,96.688,1332.313,887.119,-0.208,1246.271,905.96,36.542,1291.06,858.466,527.118,1340.926,1522.466,619.146,1327.509,1416.173,663.597,1419.681,1187.585,642.859,1552.834,1053.895,591.205,1630.782,1029.818,662.712,1555.077,949.683,626.204,1632.598,962.017,253.774,1444.41,1045.058,488.779,1415.797,1041.865,320.867,1219.34,1101.11,380.733,1207.051,1102.267,183.519,1471.693,757.638,243.695,1509.908,899.397,251.524,1578.01,732.442,217.611,1544.969,564.957,214.067,1586.96,378.664,266.044,1625.265,469.012,282.401,1649.153,371.589,259.793,1663.034,116.244,314.085,1619.003,78.161,287.239,1767.593,152.568,321.427,1827.15,136.264,244.494,1804.466,103.374,299.005,1867.565,147.11,540.911,1278.064,772.8,504.541,1413.003,863.484,469.148,1351.964,657.637,495.875,1210.505,548.844,492.475,1152.328,366.196,445.925,1240.93,424.334,434.439,1216.429,342.764,434.031,1083.209,110.818,382.284,1028.654,89.477,408.165,1196.087,105.498,377.791,1246.941,62.032,461.803,1207.974,54.997,404.122,1293.839,55.011,400.88,1475.411,1398.897,403.967,1471.381,1437.874,352.864,1484.082,1404.12,312.939,1189.398,1035.083,314.701,1193.736,1073.422,360.728,1182.849,1032.603,169.794,1489.833,686.113,162.177,1468.912,718.485,168.369,1531.994,711.52,204.39,1603.838,292.159,194.806,1590.344,328.585,209.304,1648.833,311.824,539.091,1234.612,684.392,547.682,1238.878,722.521,541.824,1282.945,677.391,489.42,1099.307,271.734,497.667,1109.706,308.674,494.386,1145.364,257.027,270.346,1361.67,977.271,452.968,1341.83,975.784,267.201,1549.36,548.962,440.56,1216.82,547.025,296.134,1674.5,133.842,399.704,1104.01,120.722,296.569,1749.81,141.299,399.839,1177.47,100.962,198.071,1360.96,1473.86,516.926,1339.43,1466.41,69.602,1279.46,1202.02,634.98,1387.05,1170.89,46.489,1278.35,853.12,611.951,1628.81,953.559,355.219,1376.71,1075.18,300.662,1693.298,115.365,37.783,-4.692,-6.681,6.718,5.738,-21.869,0.944,-1.767,14.687,-36.055,2.914,6.654,-0.64,-0.93,-1.076,-0.218,4.124,-17.747,12.111,-2.004,17.263,-35.967,3.913,5.242,-5.601,3.137,-0.851,-5.601,-3.137,0.851,-9.355,25.163,51.293,27.453,0,-0,-12.524,16.779,79.755,6.87,-6.946,6.676,19.783,18.966,32.384,45.254,0,0,3.62,15.91,85.179,6.87,6.946,-6.676,-107.082,4.479,-8.011,-86.087,2.336,-8.198,14.989,0.648,6.455,14.989,-0.648,-6.455,9.648,-1.496,6.806,9.648,1.496,-6.806,-16.533,5.427,-0.525,-16.533,-5.427,0.525,0,0,0,0,0,0,-0.108,-0.165,1.885,-0.824,0.03,0.974,-0.288,0.128,-0.407,0.18,-0.017,1.755,0.079,-0.024,0.676,-0.159,-0.02,-0.001,0,0,0,0,0,0,621.768,-165.489,-52.795,-483.922,-52.825,2.903,24.761,-1.75,5.267,-84.333,52.451,-3.326,-26.424,7.583,-1.359,-0.763,-1.003,-1.17,0,0,0.232,0,0,-3.021,0,0,0.007,0,0,-0.114,0,0,0.009,0,0,0
32.04,362.645,1367.96,973.037,382.969,1544.202,925.365,180.227,1389.55,975.084,370.212,1415.072,1150.435,269.224,1562.09,543.633,269.507,1971.447,717.645,-175.152,1554.694,561.755,288.796,1388.235,952.589,297.579,1710.98,136.829,128.609,2103.258,267.465,-115.25,1558.692,60.153,274.778,1561.229,557.012,299.74,1785.79,147.97,282.346,1709.348,353.282,82.163,1767.727,122.812,325.365,1580.536,73.72,299.74,1785.79,147.97,293.781,1803.681,215.075,230.44,1788.671,141.048,295.189,1718.483,165.511,441.112,1226.27,546.487,497.522,1654.213,419.061,-5.228,1283.871,542.343,453.48,1353.162,978.112,399.871,1105.37,122.054,583.83,1483.267,-4.126,3.73,1293.666,108.445,442.294,1224.981,542.128,400.071,1178.58,101.36,408.599,1195.238,322.437,180.652,1210.896,107.389,368.323,959.711,119.076,400.071,1178.58,101.36,403.847,1224.118,155.489,329.335,1181.005,104.254,400.078,1124.374,146.962,371.557,1434.5,1487.47,391.724,1599.19,1459.975,538.449,1415.459,1495.829,376.629,1406.214,1321.76,68.927,1291.39,1199.99,-152.116,1155.516,1348.938,227.944,1038.019,1204.844,192.866,1374.144,1459.408,61.251,1280.7,893.064,-181.532,1128.545,904.439,213.662,1037.856,897.716,68.416,1290.685,1179.548,45.464,1285.44,851.074,-3.663,1348.104,876.625,-15.554,1230.769,867.836,74.729,1276.643,928.916,635.771,1405.73,1169.32,796.448,1128.167,1186.616,887.272,1559.283,1297.093,517.081,1355.353,1463.484,607.111,1606.93,983.942,772.914,1475.443,815.6,818.852,1736.207,1091.515,635.285,1409.149,1166.172,611.151,1652.31,958.059,693.065,1673.002,1007.125,558.436,1696.555,1027.406,603.618,1567.695,1006.319,378.246,1565.15,1751.86,378.411,1538.282,1759.741,406.127,1564.585,1749.347,375.676,1557.288,1725.11,307.142,1497.306,1746.921,445.723,1490.346,1737.754,293.412,1363.172,1720.517,432.224,1343.391,1703.835,285.848,1401.352,1655.528,445.668,1402.667,1644.474,377.614,1540.215,1750.446,352.288,1302.801,1565.235,351.609,1277.565,1528.266,359.869,1231.501,1258.37,372.396,1441.354,1486.329,368.463,1485.437,1293.415,457.518,1220.789,1418.934,191.48,1380.587,1526.82,101.139,1354.682,1429.564,64.846,1336.527,1187.536,52.08,1328.137,985.671,95.474,1339.902,884.468,-1.217,1253.811,904.253,35.477,1298.18,856.268,527.014,1356.806,1519.737,618.792,1343.302,1413.56,664.666,1437.87,1186.485,642.802,1573.927,1056.172,590.528,1652.045,1034.256,662.231,1578.96,951.98,625.404,1655.907,966.596,254.974,1461.499,1041.422,490.299,1431.451,1038.301,321.313,1235.662,1097.776,380.878,1223.212,1098.955,184.614,1484.433,752.763,244.916,1525.951,893.328,254.043,1590.085,725.93,219.698,1559.735,561.393,215.802,1610.754,377.365,268.59,1644.27,469.204,284.734,1673.02,373.068,261.157,1700.89,118.159,314.367,1657.945,76.992,290.897,1802.816,160.06,326.157,1862.523,147.192,248.721,1843.56,113.181,304.791,1902.773,160.524,542.015,1290.421,771.075,506.181,1426.932,860.14,470.125,1362.997,655.102,496.489,1219.737,548.218,492.822,1158.243,366.518,446.409,1247.872,423.167,434.853,1221.871,341.962,434.178,1084.304,112.379,382.411,1029.433,91.702,408.369,1196.973,105.724,377.944,1247.337,61.85,461.785,1208.117,54.886,404.277,1294.072,54.512,401.462,1491.693,1395.66,404.421,1487.745,1434.649,353.437,1500.362,1400.722,313.301,1205.782,1032.125,315.006,1210.316,1070.421,361.13,1199.029,1029.705,170.58,1502.385,681.435,163.024,1481.977,714.156,169.437,1544.939,706.231,205.782,1632.441,291.585,196.279,1617.179,327.381,211.441,1676.341,313.399,539.871,1245.769,683.386,548.488,1250.561,721.419,542.709,1293.964,675.672,489.813,1103.496,273.082,498.05,1114.559,309.808,494.614,1149.221,257.465,271.386,1378.36,973.766,453.903,1357.57,972.309,269.224,1562.09,543.633,441.112,1226.27,546.487,297.579,1710.98,136.829,399.871,1105.37,122.054,299.74,1785.79,147.97,400.071,1178.58,101.36,198.059,1377.62,1470.28,517.017,1355.33,1463.64,68.927,1291.39,1199.99,635.771,1405.73,1169.32,45.464,1285.44,851.074,611.151,1652.31,958.059,356.057,1392.4,1072.46,302.632,1730.381,118.526,37.635,-4.553,-6.445,3.423,5.446,-22.145,0.634,-1.866,15.584,-35.45,2.693,6.614,-1.413,-0.947,-0.909,0.015,4.003,-17.675,12.474,-2.003,17.253,-35.918,3.552,5.398,-5.646,3.43,-0.673,-5.646,-3.43,0.673,-10.299,25.454,51.334,27.589,0,0,-12.281,16.87,79.823,6.697,-6.999,6.613,20.342,18.882,32.011,46.097,-0,0,3.96,16.136,85.44,6.697,6.999,-6.613,-109.887,4.571,-6.696,-85.372,2.226,-8.227,15.042,0.638,6.75,15.042,-0.638,-6.75,9.687,-1.728,6.89,9.687,1.728,-6.89,-16.378,5.267,-0.34,-16.378,-5.267,0.34,0,0,0,0,0,0,-0.091,-0.17,1.904,-0.827,0.005,0.966,-0.266,0.144,-0.453,0.153,-0.034,1.796,0.066,-0.027,0.68,-0.161,-0.022,-0.006,0,0,0,0,0,0,662.832,-187.083,-54.089,-537.47,-65.564,7.262,28.856,-1.681,10.135,-76.218,63.211,-3.923,-33.377,9.084,-1.412,0.302,-0.995,-1.303,0,0,0.212,0,0,-2.829,0,0,-0.003,0,0,-0.096,0,0,0.02,0,0,-0
32.05,363.637,1384.32,969.621,384.842,1560.433,921.859,181.326,1406.804,971.587,371.368,1431.493,1146.995,271.028,1575.26,538.588,277.248,1985.014,711.55,-173.391,1574.177,557.137,288.536,1402.189,947.969,299.344,1743.87,139.732,132.74,2130.909,287.863,-114.466,1597.143,57.688,276.912,1576.028,553.042,302.953,1818.1,154.002,285.189,1733.387,356.009,84.952,1805.115,129.386,324.377,1615.729,71.02,302.953,1818.1,154.002,297.352,1832.541,221.963,233.697,1822.39,147.382,297.398,1750.043,168.006,441.755,1236.57,545.827,499.679,1662.565,412.681,-4.369,1295.79,541.217,454.911,1369.144,975.718,400.241,1106.92,123.637,584.08,1482.247,-10.159,4.073,1294.875,106.547,442.93,1234.869,541.219,400.457,1179.82,101.881,408.565,1199.695,322.708,181.017,1212.145,107.029,368.745,961.221,122.72,400.457,1179.82,101.881,404.626,1226.108,155.341,329.743,1182.412,105.151,400.637,1126.26,148.241,371.661,1451.13,1484.19,392.134,1615.776,1456.659,538.497,1431.891,1493.198,377.33,1422.724,1318.52,68.275,1303.69,1197.9,-151.767,1169.1,1349.473,228.327,1051.052,1205.919,192.662,1390.675,1455.715,60.291,1288.89,891.087,-181.858,1135.917,904.765,213.694,1046.749,898.773,67.741,1302.698,1177.404,44.597,1293.16,849.026,-4.692,1356.008,873.801,-16.368,1238.566,866.228,73.699,1285.238,927.023,636.518,1424.04,1167.71,795.875,1145.579,1182.615,888.444,1575.16,1297.529,516.953,1371.32,1461.107,606.701,1628.98,987.004,771.845,1501.391,815.052,818.8,1756.209,1096.3,636.036,1427.355,1164.784,610.565,1675.14,962.399,692.527,1694.651,1011.866,557.878,1717.239,1033.09,603.367,1589.16,1008.238,377.813,1581.16,1749.22,377.886,1554.273,1757.037,405.702,1580.534,1746.808,375.323,1573.368,1722.442,306.545,1513.521,1743.865,445.212,1506.337,1735.183,292.572,1379.478,1717.098,431.537,1359.496,1700.867,285.407,1417.833,1652.169,445.223,1418.794,1641.7,377.127,1556.242,1747.751,351.801,1319.344,1562.037,351.348,1294.143,1525.112,360.589,1247.844,1255.088,372.513,1457.976,1483.044,369.386,1501.947,1290.033,456.785,1236.881,1415.859,191.289,1397.386,1523.228,100.917,1370.223,1426.404,63.813,1348.63,1184.893,50.928,1337.491,983.107,94.43,1348.064,881.863,-2.152,1262.018,902.503,34.577,1305.942,854.062,526.828,1372.834,1517.04,618.395,1359.176,1410.985,665.722,1455.672,1185.292,642.853,1594.454,1058.296,590.068,1672.726,1038.476,661.846,1602.125,954.176,624.826,1678.527,971.006,256.208,1478.636,1037.856,491.765,1447.294,1034.873,321.714,1252.054,1094.475,381.014,1239.51,1095.636,185.367,1497.705,748.157,246.306,1542.056,887.254,256.687,1602.446,720.016,221.625,1575.064,558.186,217.566,1633.42,376.2,270.958,1662.92,469.217,286.982,1695.637,374.206,262.875,1735.018,120.11,315.106,1693.152,76.256,294.51,1834.378,166.738,330.66,1894.127,156.94,252.884,1878.383,122.02,310.186,1934.108,172.461,543.026,1303.25,769.378,507.848,1441.235,856.923,471.277,1374.729,652.571,497.179,1229.705,547.546,493.304,1164.712,366.928,446.991,1255.413,421.954,435.375,1227.793,341.172,434.544,1085.577,114.23,382.777,1030.315,94.361,408.716,1198.01,106.044,378.142,1247.776,61.671,461.837,1208.325,54.781,404.414,1294.27,54.04,401.976,1508.1,1392.454,404.783,1504.223,1431.453,353.934,1516.74,1397.329,313.556,1222.297,1029.114,315.262,1226.98,1067.381,361.453,1215.294,1026.761,171.097,1515.851,677.097,163.523,1495.88,710.089,170.32,1558.699,701.392,207.339,1658.995,291.151,197.884,1642.305,326.362,213.657,1701.877,314.662,540.661,1257.509,682.377,549.267,1262.789,720.326,543.592,1305.563,673.989,490.393,1108.119,274.651,498.612,1119.897,311.133,495.022,1153.479,258.063,272.43,1395.16,970.309,454.844,1373.48,968.932,271.028,1575.26,538.588,441.755,1236.57,545.827,299.344,1743.87,139.732,400.241,1106.92,123.637,302.953,1818.1,154.002,400.457,1179.82,101.881,197.962,1394.38,1466.7,517.033,1371.36,1460.91,68.275,1303.69,1197.9,636.518,1424.04,1167.71,44.597,1293.16,849.026,610.565,1675.14,962.399,356.839,1408.15,1069.78,304.808,1763.765,121.497,37.558,-4.407,-5.931,0.745,5.145,-22.703,0.494,-1.952,16.352,-34.834,2.408,6.559,-2.145,-0.989,-0.862,0.401,3.888,-17.475,12.814,-2.004,17.255,-35.912,3.14,5.595,-5.662,3.675,-0.522,-5.662,-3.675,0.522,-11.197,25.695,51.335,27.717,-0,0,-11.997,16.928,79.96,6.521,-7.019,6.565,20.827,18.824,31.614,46.953,-0,0,4.298,16.392,85.683,6.521,7.019,-6.565,-112.296,4.659,-5.594,-84.554,2.116,-8.218,15.071,0.613,7.031,15.071,-0.613,-7.031,9.73,-1.932,6.996,9.73,1.932,-6.996,-16.224,5.103,-0.149,-16.224,-5.103,0.149,0,0,0,0,0,0,-0.067,-0.159,1.915,-0.809,-0.02,0.946,-0.245,0.156,-0.487,0.132,-0.046,1.828,0.052,-0.03,0.683,-0.163,-0.023,-0.011,0,0,0,0,0,0,689.344,-193.361,-53.877,-572.965,-73.907,10.248,32.07,-1.607,13.551,-70.955,68.093,-4.366,-40.87,10.081,-1.294,1.651,-1.038,-1.274,0,0,0.145,0,0,-2.351,0,0,-0.014,0,0,-0.081,0,0,0.036,0,0,-0.001
32.06,364.628,1400.84,966.333,386.671,1576.841,918.537,182.42,1424.155,968.154,372.439,1448.029,1143.7,272.652,1589.17,534.093,286.89,1998.862,706.728,-171.666,1596.364,553.666,287.888,1416.098,943.565,301.48,1772.91,141.964,136.503,2155.479,302.968,-112.969,1630.535,55.592,278.821,1591.612,549.538,306.158,1846.54,158.795,288.124,1755.073,357.811,87.896,1837.349,134.793,324.471,1646.92,68.71,306.158,1846.54,158.795,300.645,1858.07,227.318,236.957,1851.848,152.334,299.871,1778.001,169.822,442.496,1247.77,545.013,502.782,1671.801,406.743,-3.302,1309.314,539.381,456.098,1385.484,973.271,400.815,1108.68,125.508,584.313,1481.179,-16.413,4.503,1295.946,104.61,443.64,1245.59,540.225,400.997,1181.2,102.533,408.717,1204.781,323.009,181.517,1213.389,106.775,369.46,962.95,126.98,400.997,1181.2,102.533,405.591,1228.377,155.174,330.31,1183.927,106.257,401.451,1128.429,149.787,371.658,1467.86,1480.97,392.529,1632.45,1453.399,538.426,1448.324,1490.583,377.863,1439.328,1315.341,67.648,1316.38,1195.8,-151.494,1183.047,1349.767,228.661,1064.467,1206.819,192.381,1407.314,1452.081,59.44,1297.72,889.124,-182.118,1144.02,904.943,213.761,1056.272,899.686,67.098,1315.131,1175.24,43.871,1301.54,846.995,-5.549,1364.592,870.982,-17.093,1247.067,864.579,72.754,1294.445,925.152,637.224,1441.97,1166.08,794.922,1162.463,1178.914,889.762,1590.495,1297.693,516.754,1387.44,1458.775,606.467,1650.38,989.904,770.774,1526.396,814.548,819.081,1775.425,1100.709,636.752,1445.172,1163.372,610.21,1697.24,966.548,692.245,1715.518,1016.365,557.605,1737.294,1038.478,603.243,1610.021,1010.021,377.255,1597.33,1746.64,377.236,1570.424,1754.392,405.151,1596.644,1744.329,374.844,1589.609,1719.834,305.814,1529.896,1740.864,444.611,1522.477,1732.676,291.598,1395.929,1713.743,430.687,1375.716,1697.961,284.832,1434.451,1648.862,444.664,1435.061,1638.979,376.516,1572.408,1745.106,351.212,1336.01,1558.939,350.897,1310.853,1522.027,361.016,1264.322,1251.92,372.527,1474.714,1479.825,370.202,1518.57,1286.738,455.974,1253.124,1412.887,191.003,1414.292,1519.683,100.642,1385.919,1423.259,62.837,1361.134,1182.256,49.888,1347.423,980.569,93.547,1356.815,879.312,-3.002,1270.908,900.743,33.825,1314.358,851.871,526.554,1389.012,1514.43,617.992,1375.14,1408.512,666.769,1473.069,1184.034,643.019,1614.39,1060.261,589.834,1692.805,1042.455,661.605,1624.546,956.265,624.484,1700.42,975.216,257.459,1495.81,1034.421,493.174,1463.356,1031.627,322.062,1268.547,1091.293,381.132,1255.973,1092.388,185.839,1511.918,744.087,247.959,1558.233,881.525,259.476,1615.465,715.114,223.439,1591.083,555.371,219.414,1654.858,374.964,273.161,1681.266,468.901,289.181,1716.971,374.768,265.002,1765.052,121.589,316.526,1724.209,75.582,298.007,1862.12,172.009,334.812,1921.881,164.834,256.883,1908.664,129.134,314.983,1961.527,182.145,543.958,1316.576,767.7,509.53,1455.918,853.848,472.623,1387.194,650.044,497.94,1240.459,546.803,493.919,1171.786,367.427,447.656,1263.589,420.686,435.991,1234.226,340.399,435.133,1087.061,116.403,383.388,1031.336,97.507,409.21,1199.234,106.454,378.38,1248.271,61.474,461.956,1208.619,54.674,404.526,1294.429,53.6,402.401,1524.643,1389.343,405.038,1520.816,1428.345,354.34,1533.231,1394.004,313.687,1238.973,1026.108,315.464,1243.727,1064.373,361.663,1231.672,1023.824,171.527,1530.616,673.313,163.814,1510.964,706.467,171.202,1573.62,697.277,209.135,1683.313,290.547,199.682,1665.562,325.263,215.965,1725.353,315.299,541.464,1269.857,681.345,550.022,1275.576,719.22,544.479,1317.771,672.326,491.161,1113.22,276.453,499.363,1125.772,312.661,495.606,1158.181,258.833,273.471,1412.1,966.949,455.785,1389.58,965.717,272.652,1589.17,534.093,442.496,1247.77,545.013,301.48,1772.91,141.964,400.815,1108.68,125.508,306.158,1846.54,158.795,400.997,1181.2,102.533,197.779,1411.25,1463.17,516.964,1387.54,1458.26,67.648,1316.38,1195.8,637.224,1441.97,1166.08,43.871,1301.54,846.995,610.21,1697.24,966.548,357.567,1423.99,1067.18,307.267,1793.164,123.796,37.58,-4.257,-5.12,-1.226,4.834,-23.584,0.574,-2.018,16.946,-34.3,2.061,6.512,-2.821,-1.048,-0.936,0.958,3.774,-17.14,13.112,-2.004,17.257,-35.943,2.69,5.835,-5.659,3.871,-0.413,-5.659,-3.871,0.413,-12.05,25.893,51.305,27.832,0,-0,-11.697,16.962,80.134,6.343,-7.019,6.549,21.229,18.782,31.206,47.821,0,0,4.636,16.652,85.935,6.343,7.019,-6.549,-114.289,4.723,-4.78,-83.609,2.014,-8.172,15.082,0.568,7.292,15.082,-0.568,-7.292,9.774,-2.114,7.134,9.774,2.114,-7.134,-16.069,4.939,0.04,-16.069,-4.939,-0.04,0,0,0,0,0,0,-0.033,-0.134,1.925,-0.77,-0.045,0.915,-0.225,0.165,-0.505,0.122,-0.055,1.855,0.042,-0.033,0.687,-0.166,-0.023,-0.016,0,0,0,0,0,0,702.379,-183.373,-52.023,-586.646,-77.349,11.109,34.443,-1.473,14.685,-71.054,67.84,-4.51,-46.787,10.239,-0.999,3.285,-1.138,-1.073,0,0,0.046,0,0,-1.665,0,0,-0.025,0,0,-0.071,0,0,0.055,0,0,-0.002
32.07,365.588,1417.52,963.238,388.413,1593.417,915.427,183.478,1441.601,964.892,373.439,1464.711,1140.603,274.175,1604.03,530.374,298.152,2013.121,703.357,-169.801,1621.117,551.504,286.963,1430.231,939.622,303.985,1798.01,143.064,139.801,2177.383,312.235,-110.739,1658.531,53.352,280.614,1607.955,546.588,309.315,1871.11,161.879,291.196,1774.392,358.389,90.908,1864.326,138.402,325.713,1673.883,66.32,309.315,1871.11,161.879,303.652,1880.403,230.728,240.166,1877.029,155.393,302.604,1802.282,170.617,443.331,1259.91,544.016,506.765,1682.001,401.291,-2.026,1324.411,536.831,457.047,1402.156,970.786,401.584,1110.68,127.691,584.499,1480.07,-22.846,5.004,1296.873,102.695,444.416,1257.143,539.13,401.685,1182.74,103.318,409.092,1210.593,323.306,182.152,1214.667,106.668,370.449,964.955,131.943,401.685,1182.74,103.318,406.736,1230.96,154.963,331.033,1185.577,107.578,402.516,1130.926,151.615,371.538,1484.71,1477.88,392.9,1649.232,1450.28,538.224,1464.777,1488.078,378.243,1456.06,1312.291,67.047,1329.51,1193.69,-151.373,1197.468,1349.782,228.867,1078.257,1207.583,192.003,1424.081,1448.541,58.697,1307.18,887.195,-182.358,1152.91,904.999,213.796,1066.367,900.511,66.485,1328.004,1173.079,43.268,1310.58,845.002,-6.238,1373.858,868.199,-17.741,1256.273,862.941,71.907,1304.277,923.317,637.895,1459.49,1164.47,793.607,1178.799,1175.594,891.21,1605.292,1297.625,516.477,1403.708,1456.537,606.438,1671.09,992.62,769.761,1550.376,814.091,819.706,1793.842,1104.724,637.437,1462.574,1161.969,610.099,1718.6,970.47,692.221,1735.636,1020.583,557.609,1756.709,1043.532,603.292,1630.266,1011.655,376.57,1613.63,1744.15,376.459,1586.707,1751.839,404.472,1612.882,1741.937,374.237,1605.977,1717.318,304.948,1546.426,1737.968,443.905,1538.753,1730.281,290.501,1412.519,1710.511,429.672,1392.048,1695.17,284.109,1451.196,1645.665,443.971,1451.462,1636.363,375.776,1588.716,1742.56,350.511,1352.785,1555.996,350.243,1327.688,1519.05,361.182,1280.954,1248.906,372.427,1491.563,1476.732,370.894,1535.316,1283.59,455.118,1269.529,1410.071,190.614,1431.297,1516.235,100.313,1401.783,1420.162,61.944,1374.074,1179.645,48.974,1357.959,978.076,92.815,1366.178,876.821,-3.759,1280.486,899.004,33.204,1323.435,849.718,526.183,1405.342,1511.957,617.602,1391.191,1406.198,667.807,1490.05,1182.745,643.307,1633.711,1062.057,589.833,1712.266,1046.171,661.554,1646.203,958.239,624.388,1721.557,979.19,258.696,1513.024,1031.178,494.527,1479.661,1028.595,322.368,1285.174,1088.297,381.232,1272.641,1089.287,186.159,1527.403,740.772,249.922,1574.51,876.526,262.408,1629.47,711.516,225.208,1607.854,552.929,221.413,1675.012,373.495,275.258,1699.359,468.125,291.392,1737.021,374.568,267.532,1790.802,122.205,318.759,1750.863,74.695,301.344,1886.041,175.415,338.542,1945.84,170.323,260.628,1934.332,133.933,319.066,1985.139,188.933,544.817,1330.425,766.026,511.209,1470.989,850.932,474.151,1400.418,647.532,498.766,1252.051,545.963,494.662,1179.515,368.018,448.392,1272.436,419.353,436.691,1241.202,339.648,435.936,1088.802,118.929,384.233,1032.556,101.195,409.849,1200.684,106.941,378.65,1248.836,61.232,462.139,1209.014,54.552,404.609,1294.543,53.201,402.719,1541.334,1386.387,405.172,1537.531,1425.386,354.637,1549.852,1390.81,313.698,1255.844,1023.166,315.621,1260.562,1061.464,361.744,1248.198,1020.949,172.072,1546.935,670.247,164.076,1527.46,703.431,172.288,1589.937,694.093,211.229,1705.31,289.536,201.729,1686.88,323.886,218.384,1746.761,315.082,542.276,1282.849,680.261,550.754,1288.947,718.075,545.376,1330.62,670.663,492.108,1118.844,278.505,500.297,1132.234,314.408,496.356,1163.367,259.793,274.478,1429.15,963.771,456.697,1405.88,962.706,274.175,1604.03,530.374,443.331,1259.91,544.016,303.985,1798.01,143.064,401.584,1110.68,127.691,309.315,1871.11,161.879,401.685,1182.74,103.318,197.497,1428.23,1459.74,516.801,1403.86,1455.76,67.047,1329.51,1193.69,637.895,1459.49,1164.47,43.268,1310.58,845.002,610.099,1718.6,970.47,358.242,1439.93,1064.69,310.051,1818.452,125.055,37.703,-4.096,-4.06,-2.462,4.519,-24.76,0.893,-2.064,17.356,-33.927,1.666,6.475,-3.419,-1.132,-1.125,1.691,3.653,-16.675,13.343,-2.003,17.254,-36.011,2.214,6.118,-5.654,4.041,-0.351,-5.654,-4.041,0.351,-12.854,26.05,51.261,27.923,0,0,-11.409,16.979,80.324,6.173,-7.014,6.562,21.54,18.747,30.795,48.693,0,0,4.99,16.895,86.203,6.173,7.014,-6.562,-115.851,4.742,-4.279,-82.512,1.933,-8.093,15.086,0.516,7.533,15.086,-0.516,-7.533,9.816,-2.285,7.303,9.816,2.285,-7.303,-15.92,4.78,0.229,-15.92,-4.78,-0.229,0,0,0,0,0,0,0.012,-0.093,1.937,-0.711,-0.064,0.877,-0.208,0.17,-0.504,0.132,-0.061,1.882,0.039,-0.036,0.696,-0.171,-0.021,-0.018,0,0,0,0,0,0,701.153,-160.08,-48.917,-577.827,-77.079,9.662,36.185,-1.247,13.306,-77.782,64.412,-4.348,-50.636,9.437,-0.559,5.312,-1.298,-0.738,0,0,-0.058,0,0,-0.9,0,0,-0.034,0,0,-0.066,0,0,0.075,0,0,-0.002
32.08,366.501,1434.38,960.375,390.029,1610.182,912.555,184.481,1459.144,961.86,374.368,1481.571,1137.739,275.704,1619.97,527.582,310.529,2027.897,701.466,-167.621,1647.991,550.633,285.89,1444.861,936.344,306.81,1819.22,142.75,142.731,2197.002,315.543,-107.898,1681.168,50.781,282.429,1625.001,544.227,312.4,1891.93,162.966,294.448,1791.473,357.607,93.92,1886.241,139.88,327.991,1696.546,63.564,312.4,1891.93,162.966,306.439,1899.76,231.972,243.289,1898.09,156.297,305.553,1822.942,170.203,444.255,1273.01,542.833,511.379,1693.243,396.364,-0.566,1340.873,533.684,457.798,1419.138,968.295,402.53,1112.99,130.227,584.655,1478.928,-29.423,5.576,1297.743,100.868,445.262,1269.591,537.926,402.51,1184.49,104.233,409.752,1217.317,323.54,182.916,1216.076,106.756,371.662,967.349,137.754,402.51,1184.49,104.233,408.032,1233.931,154.661,331.901,1187.402,109.11,403.841,1133.844,153.742,371.293,1501.68,1474.98,393.202,1666.131,1447.388,537.888,1481.294,1485.756,378.485,1472.945,1309.426,66.471,1343.09,1191.59,-151.454,1212.421,1349.517,228.87,1092.379,1208.246,191.54,1440.948,1445.141,58.068,1317.3,885.322,-182.63,1162.693,904.945,213.718,1077.004,901.286,65.905,1341.351,1170.951,42.778,1320.27,843.075,-6.791,1383.788,865.471,-18.293,1266.156,861.381,71.175,1314.766,921.538,638.528,1476.6,1162.92,791.942,1194.598,1172.728,892.762,1619.584,1297.374,516.109,1420.141,1454.439,606.63,1691.1,995.137,768.85,1573.287,813.688,820.672,1811.479,1108.335,638.088,1479.563,1160.61,610.239,1739.15,974.129,692.447,1754.992,1024.491,557.872,1775.458,1048.189,603.533,1649.84,1013.17,375.755,1630.08,1741.81,375.553,1603.14,1749.44,403.663,1629.269,1739.688,373.492,1622.49,1714.953,303.951,1563.102,1735.224,443.068,1555.149,1728.04,289.294,1429.236,1707.459,428.506,1408.493,1692.552,283.234,1468.061,1642.635,443.112,1467.99,1633.903,374.906,1605.165,1740.158,349.692,1369.653,1553.252,349.409,1344.636,1516.224,361.146,1297.75,1246.078,372.205,1508.523,1473.826,371.447,1552.195,1280.65,454.241,1286.104,1407.455,190.118,1448.391,1512.935,99.926,1417.83,1417.146,61.16,1387.483,1177.078,48.195,1369.117,975.646,92.22,1376.175,874.399,-4.411,1290.758,897.319,32.701,1333.181,847.628,525.706,1421.819,1509.666,617.229,1407.319,1404.095,668.829,1506.611,1181.462,643.725,1652.401,1063.679,590.066,1731.098,1049.598,661.718,1667.069,960.081,624.543,1741.909,982.892,259.884,1530.292,1028.191,495.817,1496.228,1025.802,322.654,1301.966,1085.537,381.324,1289.557,1086.399,186.495,1544.35,738.344,252.181,1590.954,872.621,265.452,1644.696,709.332,227.009,1625.373,550.815,223.624,1693.904,371.704,277.344,1717.243,466.813,293.695,1755.827,373.504,270.395,1812.286,121.742,321.783,1773.059,73.465,304.513,1906.307,176.689,341.843,1966.195,173.039,264.056,1955.536,136.065,322.431,2005.195,192.379,545.606,1344.823,764.342,512.863,1486.46,848.195,475.815,1414.423,645.053,499.657,1264.53,545.008,495.522,1187.942,368.715,449.203,1281.996,417.951,437.479,1248.761,338.93,436.93,1090.858,121.841,385.284,1034.06,105.495,410.629,1202.412,107.481,378.942,1249.481,60.916,462.378,1209.523,54.404,404.658,1294.602,52.852,402.914,1558.18,1383.649,405.176,1554.372,1422.634,354.808,1566.615,1387.814,313.608,1272.942,1020.347,315.753,1277.502,1058.716,361.706,1264.912,1018.187,172.909,1564.878,667.986,164.493,1545.43,701.066,173.748,1607.718,691.943,213.646,1725.029,287.991,204.061,1706.299,322.133,220.937,1766.19,313.905,543.089,1296.524,679.104,551.458,1302.936,716.868,546.286,1344.153,668.99,493.212,1125.033,280.827,501.396,1139.329,316.393,497.262,1169.076,260.969,275.436,1446.36,960.823,457.567,1422.4,959.927,275.704,1619.97,527.582,444.255,1273.01,542.833,306.81,1819.22,142.75,402.53,1112.99,130.227,312.4,1891.93,162.966,402.51,1184.49,104.233,197.12,1445.32,1456.46,516.533,1420.34,1453.43,66.471,1343.09,1191.59,638.528,1476.6,1162.92,42.778,1320.27,843.075,610.239,1739.15,974.129,358.869,1456,1062.35,313.148,1839.683,125.077,37.913,-3.918,-2.827,-2.97,4.22,-26.146,1.433,-2.09,17.58,-33.773,1.263,6.452,-3.928,-1.237,-1.406,2.606,3.516,-16.116,13.467,-2.002,17.24,-36.115,1.748,6.455,-5.66,4.195,-0.334,-5.66,-4.195,0.334,-13.606,26.176,51.234,27.987,0,0,-11.173,16.961,80.49,6.024,-7.019,6.594,21.743,18.719,30.379,49.563,0,0,5.34,17.097,86.491,6.024,7.019,-6.594,-116.965,4.697,-4.068,-81.224,1.889,-7.992,15.089,0.463,7.748,15.089,-0.463,-7.748,9.847,-2.451,7.492,9.847,2.451,-7.492,-15.78,4.636,0.415,-15.78,-4.636,-0.415,0,0,0,0,0,0,0.066,-0.04,1.955,-0.634,-0.074,0.839,-0.193,0.17,-0.484,0.168,-0.066,1.913,0.048,-0.04,0.713,-0.179,-0.018,-0.017,0,0,0,0,0,0,682.209,-123.951,-45.063,-546.142,-73.183,6.203,37.538,-0.94,9.691,-95.899,61.147,-3.926,-51.1,7.824,-0.131,7.536,-1.517,-0.414,0,0,-0.134,0,0,-0.188,0,0,-0.043,0,0,-0.067,0,0,0.092,0,0,-0.001
32.09,367.351,1451.46,957.793,391.474,1627.182,909.976,185.41,1476.805,959.144,375.24,1498.641,1135.158,277.345,1637,525.777,323.161,2043.328,700.853,-165.033,1676.085,550.831,284.848,1460.299,933.911,309.869,1836.76,140.966,145.613,2214.708,313.227,-104.702,1698.944,48.033,284.382,1642.696,542.449,315.421,1909.25,161.973,297.893,1806.636,355.524,96.909,1903.594,139.186,331.042,1714.989,60.397,315.421,1909.25,161.973,309.134,1916.439,231.02,246.327,1915.317,155.05,308.697,1840.183,168.552,445.26,1287.09,541.465,516.381,1705.613,392.015,1.047,1358.504,530.058,458.367,1436.401,965.835,403.637,1115.71,133.15,584.971,1477.717,-36.076,6.301,1298.835,99.126,446.188,1282.996,536.601,403.459,1186.49,105.266,410.752,1225.143,323.619,183.803,1217.689,107.08,373.07,970.254,144.559,403.459,1186.49,105.266,409.47,1237.329,154.227,332.904,1189.459,110.845,405.411,1137.25,156.154,370.925,1518.75,1472.32,393.377,1683.137,1444.784,537.426,1497.909,1483.658,378.595,1489.976,1306.794,65.923,1357.17,1189.54,-151.789,1227.996,1348.984,228.61,1106.838,1208.873,190.988,1457.942,1441.95,57.552,1328.09,883.526,-182.968,1173.425,904.8,213.478,1088.157,902.056,65.358,1355.201,1168.882,42.388,1330.64,841.227,-7.215,1394.4,862.844,-18.758,1276.738,859.907,70.564,1325.914,919.82,639.119,1493.29,1161.47,789.955,1209.871,1170.384,894.386,1633.405,1296.983,515.65,1436.734,1452.526,607.046,1710.38,997.425,768.074,1595.06,813.333,821.957,1828.344,1111.515,638.7,1496.126,1159.327,610.63,1758.89,977.485,692.925,1773.594,1028.049,558.394,1793.549,1052.422,603.971,1668.735,1014.541,374.822,1646.65,1739.64,374.524,1619.696,1747.217,402.734,1645.769,1737.603,372.622,1639.119,1712.762,302.831,1579.911,1732.68,442.083,1571.65,1725.99,287.99,1446.072,1704.642,427.211,1425.049,1690.159,282.209,1485.034,1639.834,442.049,1484.63,1631.652,373.912,1621.752,1737.941,348.754,1386.603,1550.743,348.454,1361.681,1513.588,360.972,1314.719,1243.465,371.859,1525.592,1471.168,371.852,1569.221,1277.974,453.356,1302.851,1405.075,189.511,1465.56,1509.83,99.479,1434.067,1414.241,60.508,1401.388,1174.573,47.565,1380.911,973.296,91.747,1386.832,872.056,-4.95,1301.724,895.716,32.304,1343.6,845.622,525.121,1438.436,1507.603,616.862,1423.508,1402.246,669.823,1522.752,1180.224,644.279,1670.447,1065.119,590.535,1749.297,1052.709,662.102,1687.113,961.768,624.949,1761.453,986.283,260.988,1547.638,1025.531,497.032,1513.066,1023.259,322.957,1318.951,1083.035,381.439,1306.751,1083.782,187.016,1562.753,736.833,254.647,1607.671,870.084,268.535,1661.234,708.472,228.9,1643.571,548.984,226.076,1711.638,369.597,279.526,1734.951,464.967,296.164,1773.474,371.582,273.475,1829.75,120.187,325.415,1790.966,71.929,307.548,1923.248,175.777,344.775,1983.269,172.838,267.143,1972.637,135.455,325.188,2022.083,192.28,546.323,1359.797,762.643,514.46,1502.351,845.659,477.542,1429.235,642.637,500.626,1277.946,543.933,496.493,1197.109,369.538,450.122,1292.322,416.481,438.38,1256.957,338.263,438.09,1093.309,125.175,386.499,1035.968,110.486,411.54,1204.473,108.043,379.246,1250.217,60.497,462.661,1210.155,54.22,404.669,1294.593,52.565,402.974,1575.185,1381.185,405.045,1571.339,1420.149,354.843,1583.531,1385.085,313.454,1290.289,1017.713,315.888,1294.571,1056.185,361.58,1281.848,1015.591,174.148,1584.293,666.529,165.216,1564.734,699.395,175.661,1626.835,690.811,216.369,1742.658,285.918,206.674,1723.989,320.019,223.64,1783.829,311.804,543.89,1310.93,677.86,552.129,1317.589,715.586,547.215,1358.423,667.303,494.44,1131.837,283.449,502.632,1147.104,318.644,498.317,1175.352,262.397,276.323,1463.73,958.174,458.378,1439.19,957.412,277.345,1637,525.777,445.26,1287.09,541.465,309.869,1836.76,140.966,403.637,1115.71,133.15,315.421,1909.25,161.973,403.459,1186.49,105.266,196.642,1462.5,1453.36,516.158,1436.96,1451.33,65.923,1357.17,1189.54,639.119,1493.29,1161.47,42.388,1330.64,841.227,610.63,1758.89,977.485,359.446,1472.21,1060.19,316.482,1857.107,123.853,38.164,-3.713,-1.545,-2.814,3.968,-27.576,2.132,-2.096,17.634,-33.844,0.904,6.409,-4.344,-1.367,-1.757,3.706,3.355,-15.524,13.441,-2.002,17.243,-36.229,1.302,6.843,-5.68,4.346,-0.349,-5.68,-4.346,0.349,-14.294,26.276,51.259,28.016,-0,-0,-10.992,16.932,80.605,5.904,-7.034,6.609,21.827,18.702,29.948,50.424,0,-0,5.693,17.26,86.792,5.904,7.034,-6.609,-117.604,4.586,-4.076,-79.701,1.902,-7.873,15.088,0.421,7.93,15.088,-0.421,-7.93,9.862,-2.614,7.68,9.862,2.614,-7.68,-15.652,4.506,0.611,-15.652,-4.506,-0.611,0,0,0,0,0,0,0.128,0.022,1.981,-0.545,-0.072,0.805,-0.182,0.164,-0.447,0.235,-0.07,1.954,0.072,-0.045,0.742,-0.19,-0.013,-0.012,0,0,0,0,0,0,641.256,-77.165,-40.806,-493.335,-65.187,1.661,38.467,-0.601,4.783,-130.374,59.718,-3.012,-46.719,4.839,0.351,9.764,-1.792,-0.017,0,0,-0.161,0,0,0.353,0,0,-0.048,0,0,-0.07,0,0,0.098,0,0,0.002
32.1,368.115,1468.76,955.521,392.695,1644.421,907.711,186.238,1494.565,956.828,376.08,1515.92,1132.889,279.177,1655,524.916,335.023,2059.542,701.211,-162.084,1704.243,551.701,284.021,1476.748,932.416,313.041,1851.06,137.89,148.725,2230.812,306.079,-101.445,1712.652,45.459,286.573,1660.98,541.211,318.392,1923.52,159.04,301.468,1820.451,352.403,99.866,1917.215,136.553,334.486,1729.521,57.04,318.392,1923.52,159.04,311.862,1930.907,228.043,249.292,1929.243,151.888,311.968,1854.445,165.827,446.351,1302.16,539.927,521.521,1719.186,388.29,2.786,1377.078,526.078,458.761,1453.921,963.447,404.893,1118.95,136.495,585.746,1476.37,-42.702,7.315,1300.536,97.428,447.226,1297.404,535.156,404.519,1188.83,106.41,412.162,1234.314,323.431,184.806,1219.648,107.689,374.636,973.872,152.514,404.519,1188.83,106.41,411.046,1241.271,153.583,334.035,1191.855,112.799,407.234,1141.304,158.868,370.433,1535.92,1469.95,393.359,1700.259,1442.516,536.847,1514.686,1481.82,378.568,1507.156,1304.445,65.425,1371.73,1187.56,-152.337,1244.1,1348.175,228.151,1121.634,1209.45,190.353,1475.023,1439.017,57.151,1339.59,881.821,-183.348,1185.102,904.572,213.114,1099.884,902.802,64.866,1369.561,1166.893,42.092,1341.69,839.486,-7.534,1405.694,860.317,-19.118,1288.011,858.593,70.087,1337.781,918.189,639.667,1509.55,1160.17,787.719,1224.654,1168.646,896.029,1646.83,1296.516,515.102,1453.465,1450.851,607.67,1728.92,999.463,767.471,1615.656,813.039,823.503,1844.497,1114.254,639.27,1512.282,1158.171,611.265,1777.8,980.498,693.65,1791.418,1031.219,559.174,1810.998,1056.194,604.582,1686.927,1015.752,373.775,1663.37,1737.69,373.38,1636.405,1745.222,401.69,1662.412,1735.726,371.626,1655.888,1710.794,301.602,1596.839,1730.378,440.943,1588.246,1724.167,286.599,1463.013,1702.116,425.809,1441.715,1688.049,281.047,1502.103,1637.32,440.753,1501.368,1629.663,372.799,1638.469,1735.95,347.708,1403.624,1548.496,347.444,1378.803,1511.184,360.719,1331.864,1241.094,371.387,1542.763,1468.813,372.11,1586.403,1275.614,452.467,1319.763,1402.964,188.794,1482.787,1506.966,98.968,1450.5,1411.479,60.006,1415.804,1172.149,47.094,1393.349,971.043,91.387,1398.174,869.805,-5.367,1313.387,894.221,32.004,1354.703,843.721,524.427,1455.181,1505.807,616.479,1439.741,1400.689,670.776,1538.481,1179.075,644.97,1687.845,1066.371,591.233,1766.864,1055.476,662.682,1706.296,963.27,625.6,1780.175,989.324,261.983,1565.082,1023.267,498.155,1530.18,1020.973,323.322,1336.143,1080.804,381.618,1324.237,1081.475,187.855,1582.403,736.16,257.165,1624.792,869.03,271.547,1679.019,708.682,230.905,1662.327,547.416,228.755,1728.397,367.269,281.893,1752.503,462.677,298.849,1790.091,368.918,276.624,1843.655,117.713,329.343,1804.974,70.269,310.498,1937.337,172.832,347.442,1997.503,169.808,269.912,1986.17,132.275,327.53,2036.299,188.691,546.965,1375.377,760.933,515.964,1518.687,843.349,479.255,1444.885,640.318,501.705,1292.353,542.744,497.575,1207.064,370.518,451.206,1303.482,414.951,439.447,1265.865,337.67,439.384,1096.262,128.974,387.826,1038.44,116.26,412.573,1206.932,108.596,379.549,1251.051,59.957,462.974,1210.915,54.001,404.637,1294.502,52.345,402.894,1592.344,1379.051,404.781,1588.427,1417.986,354.737,1600.602,1382.689,313.282,1307.886,1015.324,316.051,1311.799,1053.92,361.42,1299.03,1013.217,175.816,1604.82,665.796,166.339,1585.043,698.377,177.988,1646.977,690.565,219.33,1758.519,283.44,209.519,1740.232,317.661,226.496,1799.958,308.942,544.673,1326.125,676.522,552.766,1332.964,714.227,548.176,1373.488,665.611,495.762,1139.324,286.407,503.974,1155.616,321.193,499.522,1182.255,264.12,277.119,1481.27,955.88,459.111,1456.26,955.163,279.177,1655,524.916,446.351,1302.16,539.927,313.041,1851.06,137.89,404.893,1118.95,136.495,318.392,1923.52,159.04,404.519,1188.83,106.41,196.066,1479.75,1450.52,515.678,1453.73,1449.5,65.425,1371.73,1187.56,639.667,1509.55,1160.17,42.092,1341.69,839.486,611.265,1777.8,980.498,359.969,1488.57,1058.24,319.921,1871.156,121.55,38.412,-3.472,-0.36,-2.102,3.787,-28.869,2.872,-2.087,17.556,-34.12,0.644,6.321,-4.661,-1.533,-2.156,4.989,3.172,-14.977,13.212,-2.008,17.301,-36.366,0.891,7.29,-5.714,4.51,-0.385,-5.714,-4.51,0.385,-14.903,26.349,51.343,28.005,0,0,-10.897,16.859,80.668,5.825,-7.071,6.592,21.785,18.708,29.497,51.261,0,-0,6.039,17.396,87.082,5.825,7.071,-6.592,-117.734,4.429,-4.2,-77.895,1.992,-7.741,15.086,0.407,8.075,15.086,-0.407,-8.075,9.859,-2.772,7.844,9.859,2.772,-7.844,-15.545,4.402,0.811,-15.545,-4.402,-0.811,0,0,0,0,0,0,0.197,0.089,2.013,-0.451,-0.056,0.782,-0.176,0.153,-0.394,0.338,-0.072,2.01,0.114,-0.048,0.785,-0.205,-0.007,-0.002,0,0,0,0,0,0,574.803,-24.127,-36.176,-424.525,-53.93,-2.622,38.434,-0.299,-0.01,-184.26,61.065,-1.507,-37.148,0.315,0.868,11.809,-2.117,0.446,0,0,-0.142,0,0,0.669,0,0,-0.047,0,0,-0.066,0,0,0.089,0,0,0.007
32.11,368.789,1486.31,953.59,393.663,1661.938,905.809,186.959,1512.441,954.979,376.914,1533.416,1130.965,281.227,1673.76,524.877,345.113,2076.679,702.157,-158.962,1731.289,552.757,283.553,1494.316,931.875,316.193,1862.6,133.864,152.564,2245.629,295.152,-98.518,1723.459,43.567,289.002,1679.767,540.474,321.322,1935.24,154.464,305.027,1833.558,348.614,102.788,1928.009,132.336,337.948,1740.542,53.891,321.322,1935.24,154.464,314.692,1943.633,223.343,252.196,1940.445,147.176,315.301,1866.239,162.292,447.557,1318.25,538.23,526.556,1734.082,385.267,4.631,1396.375,521.86,458.984,1471.662,961.183,406.284,1122.89,140.297,587.291,1474.888,-49.182,8.756,1303.313,95.717,448.429,1312.925,533.589,405.681,1191.61,107.65,414.085,1245.101,322.809,185.924,1222.13,108.646,376.324,978.461,161.788,405.681,1191.61,107.65,412.732,1245.849,152.665,335.289,1194.696,114.958,409.316,1146.151,161.855,369.826,1553.18,1467.95,393.109,1717.495,1440.676,536.169,1531.659,1480.299,378.401,1524.495,1302.453,64.96,1386.81,1185.66,-153.207,1260.905,1347.084,227.327,1136.71,1210.033,189.647,1492.19,1436.37,56.87,1351.79,880.227,-183.857,1197.85,904.253,212.49,1112.081,903.587,64.413,1384.44,1165.009,41.89,1353.44,837.863,-7.765,1417.665,857.931,-19.359,1299.972,857.432,69.75,1350.361,916.651,640.163,1525.39,1159.04,785.279,1238.989,1167.573,897.648,1659.935,1295.994,514.465,1470.352,1449.433,608.469,1746.69,1001.22,767.041,1635.025,812.792,825.248,1859.964,1116.523,639.788,1528.015,1157.166,612.133,1795.88,983.131,694.627,1808.427,1033.952,560.231,1827.83,1059.491,605.32,1704.407,1016.773,372.632,1680.19,1735.99,372.136,1653.217,1743.489,400.548,1679.148,1734.088,370.521,1672.747,1709.08,300.278,1613.87,1728.365,439.658,1604.933,1722.608,285.128,1480.05,1699.935,424.319,1458.479,1686.272,279.77,1519.25,1635.147,439.218,1518.19,1627.983,371.583,1655.305,1734.221,346.569,1420.711,1546.54,346.436,1395.986,1509.058,360.429,1349.183,1238.994,370.795,1560.025,1466.812,372.229,1603.75,1273.622,451.567,1336.823,1401.15,187.969,1500.058,1504.383,98.397,1467.132,1408.887,59.671,1430.744,1169.825,46.789,1406.439,968.907,91.129,1410.226,867.657,-5.657,1325.751,892.857,31.796,1366.501,841.943,523.635,1472.037,1504.321,616.059,1456.002,1399.457,671.672,1553.813,1178.059,645.794,1704.595,1067.429,592.15,1783.804,1057.869,663.414,1724.574,964.554,626.487,1798.063,991.974,262.859,1582.639,1021.464,499.165,1547.563,1018.948,323.793,1353.543,1078.849,381.904,1341.997,1079.51,189.076,1602.918,736.169,259.536,1642.443,869.38,274.345,1697.848,709.624,233.009,1681.477,546.127,231.591,1744.428,364.888,284.492,1769.904,460.112,301.75,1805.839,365.73,279.681,1854.633,114.625,333.204,1815.65,68.753,313.399,1949.136,168.168,349.956,2009.407,164.263,272.421,1996.79,126.898,329.67,2048.4,181.92,547.535,1391.596,759.226,517.333,1535.492,841.294,480.897,1461.42,638.133,502.941,1307.813,541.453,498.781,1217.877,371.687,452.54,1315.567,413.372,440.752,1275.586,337.176,440.782,1099.862,133.286,389.215,1041.68,122.92,413.719,1209.862,109.11,379.841,1251.995,59.293,463.307,1211.806,53.763,404.561,1294.318,52.192,402.679,1609.642,1377.296,404.393,1605.623,1416.199,354.495,1617.824,1380.687,313.146,1325.705,1013.246,316.26,1329.217,1051.965,361.287,1316.465,1011.117,177.853,1625.955,665.645,167.883,1605.895,697.916,180.579,1667.701,690.985,222.409,1773.03,280.775,212.494,1755.395,315.255,229.476,1814.925,305.589,545.442,1342.173,675.094,553.375,1349.126,712.796,549.194,1389.421,663.927,497.148,1147.586,289.74,505.395,1164.944,324.072,500.889,1189.867,266.183,277.815,1498.97,953.99,459.762,1473.64,953.19,281.227,1673.76,524.877,447.557,1318.25,538.23,316.193,1862.6,133.864,406.284,1122.89,140.297,321.322,1935.24,154.464,405.681,1191.61,107.65,195.407,1497.05,1447.95,515.091,1470.63,1447.98,64.96,1386.81,1185.66,640.163,1525.39,1159.04,41.89,1353.44,837.863,612.133,1795.88,983.131,360.438,1505.07,1056.54,323.302,1882.393,118.461,38.604,-3.19,0.591,-0.959,3.69,-29.81,3.518,-2.064,17.353,-34.533,0.512,6.152,-4.872,-1.746,-2.574,6.461,2.977,-14.557,12.72,-2.025,17.453,-36.498,0.554,7.797,-5.763,4.694,-0.432,-5.763,-4.694,0.432,-15.423,26.403,51.537,27.954,-0,0,-10.895,16.758,80.62,5.793,-7.124,6.522,21.606,18.744,29.026,52.071,0,-0,6.37,17.534,87.332,5.793,7.124,-6.522,-117.319,4.264,-4.339,-75.749,2.19,-7.603,15.076,0.433,8.178,15.076,-0.433,-8.178,9.833,-2.922,7.968,9.833,2.922,-7.968,-15.461,4.324,1.017,-15.461,-4.324,-1.017,0,0,0,0,0,0,0.266,0.154,2.051,-0.358,-0.03,0.771,-0.174,0.137,-0.331,0.474,-0.071,2.084,0.174,-0.049,0.847,-0.224,0.001,0.013,0,0,0,0,0,0,480.766,31.773,-31.018,-346.468,-40.629,-5.513,36.696,-0.098,-3.468,-258.293,66.181,0.479,-22.581,-5.336,1.248,13.314,-2.487,0.827,0,0,-0.1,0,0,0.771,0,0,-0.036,0,0,-0.042,0,0,0.059,0,0,0.015
32.12,369.357,1504.08,952.026,394.34,1679.708,904.303,187.555,1530.391,953.68,377.773,1551.084,1129.414,283.466,1693.04,525.486,352.472,2094.841,703.384,-155.956,1756.092,553.528,283.58,1512.946,932.204,319.185,1871.99,129.338,157.546,2259.502,281.673,-96.28,1732.713,42.792,291.601,1698.972,540.194,324.18,1944.97,148.689,308.369,1846.584,344.569,105.634,1936.883,126.987,341.103,1748.619,51.432,324.18,1944.97,148.689,317.591,1955.111,217.336,255.015,1949.586,141.369,318.569,1876.162,158.315,448.927,1335.4,536.378,531.388,1750.409,383.007,6.6,1416.286,517.427,459.016,1489.607,959.076,407.808,1127.73,144.576,589.952,1473.293,-55.369,10.791,1307.661,93.878,449.868,1329.669,531.9,406.933,1194.96,108.982,416.623,1257.744,321.561,187.156,1225.334,110.029,378.127,984.339,172.501,406.933,1194.96,108.982,414.541,1251.191,151.386,336.664,1198.159,117.347,411.658,1151.997,165.105,369.11,1570.52,1466.34,392.621,1734.841,1439.299,535.398,1548.829,1479.115,378.105,1541.998,1300.837,64.536,1402.39,1183.87,-154.388,1278.365,1345.724,226.154,1152.051,1210.645,188.87,1509.417,1434.056,56.711,1364.71,878.76,-184.486,1211.678,903.847,211.614,1124.771,904.422,64.008,1399.848,1163.252,41.781,1365.91,836.38,-7.901,1430.339,855.71,-19.483,1312.646,856.451,69.557,1363.673,915.226,640.606,1540.83,1158.13,782.733,1252.951,1167.215,899.195,1672.831,1295.48,513.764,1487.365,1448.319,609.409,1763.68,1002.69,766.797,1653.134,812.617,827.117,1874.813,1118.326,640.252,1543.344,1156.377,613.224,1813.11,985.342,695.854,1824.577,1036.198,561.576,1844.09,1062.272,606.128,1721.163,1017.605,371.406,1697.12,1734.58,370.809,1670.144,1742.058,399.322,1695.989,1732.73,369.322,1689.704,1707.661,298.877,1630.987,1726.681,438.256,1621.708,1721.35,283.589,1497.169,1698.145,422.759,1475.329,1684.875,278.406,1536.456,1633.361,437.471,1535.083,1626.651,370.279,1672.244,1732.792,345.353,1437.856,1544.902,345.447,1413.214,1507.251,360.124,1366.667,1237.198,370.089,1577.359,1465.213,372.222,1621.258,1272.042,450.646,1354.003,1399.661,187.042,1517.356,1502.12,97.771,1483.96,1406.496,59.513,1446.211,1167.624,46.653,1420.19,966.909,90.974,1423.013,865.629,-5.811,1338.823,891.643,31.681,1379.01,840.309,522.763,1488.983,1503.184,615.58,1472.271,1398.579,672.497,1568.773,1177.224,646.742,1720.706,1068.288,593.275,1800.128,1059.857,664.245,1741.905,965.587,627.602,1815.113,994.191,263.622,1600.306,1020.173,500.044,1565.201,1017.189,324.405,1371.126,1077.186,382.333,1359.985,1077.906,190.669,1623.812,736.658,261.552,1660.701,870.863,276.778,1717.419,710.961,235.156,1700.841,545.17,234.462,1760.002,362.664,287.306,1787.148,457.494,304.808,1820.896,362.295,282.491,1863.395,111.287,336.666,1823.662,67.651,316.24,1959.22,162.212,352.396,2019.5,156.697,274.736,2005.186,119.819,331.788,2058.928,172.494,548.052,1408.496,757.539,518.532,1552.787,839.521,482.448,1478.903,636.108,504.399,1324.406,540.076,500.137,1229.647,373.072,454.22,1328.695,411.751,442.381,1286.257,336.799,442.264,1104.286,138.161,390.63,1045.94,130.57,414.968,1213.338,109.569,380.112,1253.061,58.525,463.647,1212.84,53.546,404.446,1294.035,52.096,402.337,1627.058,1375.964,403.895,1622.907,1414.837,354.13,1635.183,1379.135,313.099,1343.694,1011.539,316.525,1346.842,1050.357,361.247,1334.138,1009.344,180.136,1647.143,665.908,169.787,1626.782,697.888,183.218,1688.516,691.816,225.445,1786.641,278.183,215.451,1769.87,313.031,232.511,1829.094,302.069,546.225,1359.148,673.574,553.979,1366.146,711.299,550.305,1406.297,662.268,498.582,1156.753,293.483,506.876,1175.197,327.304,502.436,1198.302,268.626,278.397,1516.83,952.558,460.317,1491.32,951.493,283.466,1693.04,525.486,448.927,1335.4,536.378,319.185,1871.99,129.338,407.808,1127.73,144.576,324.18,1944.97,148.689,406.933,1194.96,108.982,194.662,1514.41,1445.71,514.424,1487.64,1446.81,64.536,1402.39,1183.87,640.606,1540.83,1158.13,41.781,1365.91,836.38,613.224,1813.11,985.342,360.852,1521.73,1055.12,326.453,1891.441,114.932,38.709,-2.867,1.179,0.482,3.675,-30.201,3.942,-2.027,17.021,-35.018,0.496,5.897,-4.973,-2.025,-3.001,8.122,2.789,-14.331,11.913,-2.056,17.749,-36.637,0.296,8.358,-5.826,4.913,-0.493,-5.826,-4.913,0.493,-15.853,26.438,51.843,27.861,-0,0,-10.987,16.63,80.467,5.817,-7.192,6.397,21.292,18.807,28.553,52.835,0,0,6.651,17.701,87.507,5.817,7.192,-6.397,-116.35,4.138,-4.416,-73.218,2.524,-7.46,15.058,0.516,8.235,15.058,-0.516,-8.235,9.778,-3.066,8.048,9.778,3.066,-8.048,-15.402,4.269,1.226,-15.402,-4.269,-1.226,0,0,0,0,0,0,0.331,0.214,2.09,-0.273,0.003,0.775,-0.177,0.118,-0.262,0.641,-0.067,2.175,0.247,-0.048,0.926,-0.249,0.01,0.032,0,0,0,0,0,0,364.476,83.836,-25.392,-267.399,-26.783,-6.544,32.588,-0.036,-5.024,-350.584,74.328,2.928,-4.451,-11.486,1.501,14.159,-2.899,1.14,0,0,-0.07,0,0,0.721,0,0,-0.019,0,0,0.019,0,0,0.01,0,0,0.024
32.13,369.822,1522.03,950.849,394.719,1697.697,903.226,188.029,1548.367,952.961,378.669,1568.872,1128.259,285.804,1712.63,526.558,356.437,2114.033,704.715,-153.356,1777.866,553.686,284.156,1532.427,933.224,321.883,1879.73,124.762,164.121,2272.734,266.742,-95.063,1741.733,43.45,294.203,1718.473,540.369,326.894,1953.2,142.181,311.285,1860.001,340.598,108.327,1944.539,120.918,343.731,1754.359,50.107,326.894,1953.2,142.181,320.429,1965.726,210.445,257.691,1957.247,134.884,321.619,1884.75,154.242,450.536,1353.71,534.35,536.028,1768.337,381.606,8.747,1436.84,512.733,458.834,1507.752,957.147,409.471,1133.67,149.351,593.967,1471.638,-61.141,13.551,1313.958,91.801,451.627,1347.777,530.073,408.268,1199.02,110.415,419.915,1272.46,319.452,188.51,1229.51,111.948,380.049,991.891,184.757,408.268,1199.02,110.415,416.441,1257.408,149.682,338.16,1202.409,119.968,414.264,1159.054,168.593,368.296,1587.9,1465.16,391.945,1752.248,1438.402,534.542,1566.123,1478.337,377.708,1559.598,1299.643,64.151,1418.5,1182.21,-155.891,1296.536,1344.114,224.587,1167.659,1211.294,188.041,1526.713,1432.106,56.687,1378.39,877.438,-185.244,1226.657,903.334,210.456,1137.97,905.314,63.648,1415.796,1161.649,41.777,1379.12,835.056,-7.954,1443.724,853.666,-19.461,1326.038,855.682,69.525,1377.758,913.932,640.991,1555.87,1157.51,780.177,1266.592,1167.656,900.619,1685.614,1295.05,513.014,1504.468,1447.574,610.458,1779.88,1003.83,766.753,1669.934,812.512,829.041,1889.112,1119.626,640.66,1558.297,1155.842,614.527,1829.53,987.097,697.326,1839.869,1037.919,563.219,1859.824,1064.526,606.962,1737.222,1018.2,370.111,1714.15,1733.5,369.416,1687.173,1740.969,398.026,1712.93,1731.69,368.042,1706.749,1706.575,297.419,1648.173,1725.365,436.776,1638.565,1720.432,281.992,1514.354,1696.786,421.142,1492.246,1683.897,276.979,1553.699,1631.998,435.58,1552.03,1625.697,368.907,1689.267,1731.697,344.076,1455.055,1543.609,344.452,1430.476,1505.805,359.809,1384.298,1235.739,369.28,1594.74,1464.054,372.112,1638.91,1270.915,449.694,1371.267,1398.526,186.025,1534.671,1500.21,97.104,1500.979,1404.333,59.533,1462.21,1165.573,46.684,1434.616,965.073,90.924,1436.561,863.741,-5.817,1352.61,890.596,31.667,1392.251,838.839,521.834,1505.994,1502.435,615.027,1488.527,1398.082,673.235,1583.391,1176.615,647.801,1736.191,1068.944,594.591,1815.85,1061.409,665.131,1758.258,966.344,628.934,1831.327,995.94,264.285,1618.062,1019.422,500.773,1583.064,1015.708,325.178,1388.842,1075.846,382.927,1378.13,1076.679,192.551,1644.578,737.427,263.031,1679.549,873.078,278.708,1737.386,712.43,237.255,1720.246,544.623,237.21,1775.37,360.814,290.257,1804.222,455.058,307.912,1835.422,358.903,284.917,1870.622,108.04,339.488,1829.681,67.156,318.957,1968.097,155.437,354.784,2028.239,147.714,276.901,2011.993,111.596,333.98,2068.33,161.095,548.552,1426.124,755.878,519.535,1570.585,838.058,483.943,1497.414,634.263,506.151,1342.231,538.615,501.68,1242.507,374.683,456.343,1343.005,410.089,444.418,1298.037,336.546,443.823,1109.747,143.647,392.062,1051.515,139.307,416.312,1217.441,109.977,380.36,1254.272,57.708,463.988,1214.039,53.424,404.302,1293.667,52.036,401.882,1644.563,1375.089,403.303,1640.257,1413.937,353.659,1652.655,1378.074,313.186,1361.783,1010.253,316.853,1364.674,1049.127,361.361,1352.02,1007.936,182.504,1667.881,666.427,171.926,1647.24,698.17,185.667,1708.973,692.824,228.253,1799.765,275.922,218.209,1784.011,311.208,235.495,1842.794,298.7,547.07,1377.124,671.954,554.617,1384.091,709.731,551.561,1424.195,660.64,500.066,1166.988,297.655,508.414,1186.521,330.898,504.19,1207.714,271.474,278.865,1534.8,951.61,460.778,1509.26,950.088,285.804,1712.63,526.558,450.536,1353.71,534.35,321.883,1879.73,124.762,409.471,1133.67,149.351,326.894,1953.2,142.181,408.268,1199.02,110.415,193.851,1531.78,1443.82,513.694,1504.74,1446.03,64.151,1418.5,1182.21,640.991,1555.87,1157.51,41.777,1379.12,835.056,614.527,1829.53,987.097,361.216,1538.52,1054.03,329.222,1898.889,111.296,38.721,-2.517,1.328,2.127,3.726,-29.881,4.063,-1.97,16.516,-35.506,0.552,5.579,-4.953,-2.386,-3.431,9.99,2.628,-14.34,10.74,-2.108,18.224,-36.783,0.164,8.957,-5.896,5.178,-0.585,-5.896,-5.178,0.585,-16.188,26.462,52.254,27.733,0,0,-11.192,16.456,80.185,5.889,-7.28,6.245,20.861,18.881,28.111,53.534,0,-0,6.892,17.934,87.583,5.889,7.28,-6.245,-114.846,4.085,-4.394,-70.256,3.034,-7.307,15.026,0.659,8.243,15.026,-0.659,-8.243,9.703,-3.208,8.097,9.703,3.208,-8.097,-15.37,4.237,1.425,-15.37,-4.237,-1.425,0,0,0,0,0,0,0.385,0.262,2.126,-0.205,0.038,0.791,-0.186,0.096,-0.195,0.829,-0.057,2.28,0.327,-0.043,1.021,-0.277,0.02,0.054,0,0,0,0,0,0,237.79,123.469,-19.404,-194.067,-14.906,-5.82,25.764,-0.124,-4.718,-456.957,83.635,5.848,16.85,-17.532,1.604,14.035,-3.352,1.379,0,0,-0.068,0,0,0.589,0,0,-0.003,0,0,0.136,0,0,-0.062,0,0,0.033
32.14,370.18,1540.12,950.079,394.794,1715.863,902.588,188.378,1566.331,952.85,379.607,1586.748,1127.516,288.121,1732.33,527.933,356.668,2134.097,706.084,-151.363,1796.166,553.069,285.257,1552.437,934.73,324.174,1886.31,120.526,172.423,2285.544,251.226,-95.006,1751.514,45.578,296.627,1738.185,541.001,329.355,1960.32,135.423,313.653,1873.986,336.914,110.757,1951.421,114.575,345.704,1758.414,50.185,329.355,1960.32,135.423,323.036,1975.705,203.114,260.123,1963.884,128.15,324.289,1892.428,150.381,452.472,1373.28,532.11,540.598,1788.01,381.153,11.163,1458.157,507.668,458.418,1526.088,955.394,411.295,1140.92,154.633,599.482,1470.024,-66.375,17.152,1322.469,89.367,453.782,1367.413,528.082,409.687,1203.9,111.98,424.118,1289.348,316.225,190.011,1234.906,114.53,382.126,1001.508,198.6,409.687,1203.9,111.98,418.432,1264.564,147.495,339.788,1207.612,122.852,417.137,1167.513,172.299,367.396,1605.3,1464.46,391.162,1769.687,1438.049,533.599,1583.456,1478.055,377.254,1577.279,1298.921,63.809,1435.12,1180.72,-157.698,1315.41,1342.308,222.621,1183.513,1212.021,187.18,1544.071,1430.553,56.809,1392.82,876.278,-186.117,1242.78,902.708,209.019,1151.665,906.28,63.338,1432.266,1160.224,41.887,1393.09,833.902,-7.906,1457.836,851.841,-19.288,1340.167,855.113,69.662,1392.597,912.778,641.308,1570.53,1157.21,777.663,1279.965,1168.9,901.896,1698.35,1294.735,512.24,1521.629,1447.223,611.593,1795.27,1004.63,766.905,1685.363,812.49,830.984,1902.883,1120.414,640.998,1572.876,1155.611,616.03,1845.11,988.359,699.027,1854.282,1039.083,565.146,1875.055,1066.203,607.792,1752.564,1018.574,368.765,1731.23,1732.76,367.98,1704.256,1740.23,396.678,1729.926,1730.985,366.707,1723.833,1705.833,295.924,1665.407,1724.446,435.253,1655.491,1719.886,280.352,1531.587,1695.88,419.484,1509.207,1683.361,275.515,1570.958,1631.077,433.644,1569.014,1625.14,367.488,1706.349,1730.963,342.752,1472.296,1542.689,343.395,1447.761,1504.751,359.479,1402.045,1234.65,368.385,1612.139,1463.362,371.923,1656.677,1270.269,448.707,1388.572,1397.768,184.938,1551.997,1498.684,96.41,1518.185,1402.428,59.729,1478.74,1163.707,46.882,1449.733,963.427,90.991,1450.894,862.017,-5.661,1367.128,889.728,31.765,1406.254,837.549,520.868,1523.041,1502.105,614.392,1504.746,1397.988,673.871,1597.702,1176.278,648.953,1751.067,1069.396,596.082,1830.984,1062.497,666.046,1773.616,966.812,630.471,1846.711,997.185,264.863,1635.874,1019.216,501.333,1601.11,1014.524,326.113,1406.625,1074.875,383.693,1396.347,1075.84,194.584,1664.779,738.311,263.842,1698.861,875.588,280.042,1757.414,713.88,239.206,1739.554,544.569,239.662,1790.711,359.513,293.223,1821.096,453.003,310.913,1849.535,355.802,286.864,1876.859,105.151,341.546,1834.295,67.332,321.445,1976.132,148.306,357.085,2035.961,137.953,278.922,2017.714,102.788,336.251,2076.897,148.492,549.087,1444.535,754.234,520.329,1588.885,836.926,485.47,1517.037,632.6,508.262,1361.392,537.06,503.453,1256.625,376.514,458.987,1358.648,408.381,446.93,1311.105,336.411,445.474,1116.48,149.788,393.539,1058.732,149.209,417.751,1222.254,110.368,380.593,1255.667,56.932,464.332,1215.448,53.507,404.152,1293.253,51.975,401.332,1662.125,1374.692,402.635,1657.643,1413.522,353.103,1670.21,1377.528,313.44,1379.897,1009.422,317.264,1382.68,1048.296,361.681,1370.07,1006.917,184.779,1687.801,667.089,174.136,1666.932,698.668,187.719,1728.737,693.844,230.652,1812.697,274.187,220.586,1798.072,309.95,238.3,1856.258,295.735,548.049,1396.173,670.215,555.344,1403.014,708.073,553.018,1443.188,659.041,501.618,1178.486,302.258,510.023,1199.097,334.847,506.181,1218.287,274.737,279.218,1552.82,951.169,461.142,1527.41,948.989,288.121,1732.33,527.933,452.472,1373.28,532.11,324.174,1886.31,120.526,411.295,1140.92,154.633,329.355,1960.32,135.423,409.687,1203.9,111.98,192.993,1549.2,1442.32,512.926,1521.89,1445.68,63.809,1435.12,1180.72,641.308,1570.53,1157.21,41.887,1393.09,833.902,616.03,1845.11,988.359,361.546,1555.46,1053.27,331.496,1905.214,107.819,38.655,-2.151,1.009,3.907,3.815,-28.788,3.875,-1.892,15.815,-35.946,0.627,5.243,-4.793,-2.84,-3.867,12.083,2.511,-14.593,9.16,-2.181,18.898,-36.959,0.186,9.563,-5.978,5.498,-0.734,-5.978,-5.498,0.734,-16.444,26.485,52.75,27.576,0,0,-11.497,16.257,79.772,6.003,-7.387,6.096,20.328,18.94,27.735,54.148,0,0,7.066,18.238,87.551,6.003,7.387,-6.096,-112.888,4.108,-4.266,-66.83,3.758,-7.136,14.984,0.864,8.204,14.984,-0.864,-8.204,9.607,-3.36,8.138,9.607,3.36,-8.138,-15.36,4.214,1.611,-15.36,-4.214,-1.611,0,0,0,0,0,0,0.422,0.294,2.155,-0.156,0.069,0.814,-0.199,0.075,-0.133,1.022,-0.041,2.391,0.406,-0.035,1.129,-0.31,0.03,0.077,0,0,0,0,0,0,116.846,142.946,-13.325,-131.567,-6.908,-3.932,16.588,-0.344,-3.142,-569.591,91.98,9.243,40.24,-23.021,1.555,12.745,-3.849,1.535,0,0,-0.087,0,0,0.432,0,0,0.004,0,0,0.329,0,0,-0.158,0,0,0.038
32.15,370.441,1558.25,949.736,394.587,1734.097,902.392,188.614,1584.186,953.336,380.571,1604.638,1127.197,290.295,1752.03,529.504,353.25,2154.745,707.578,-150.02,1811.048,551.702,286.765,1572.613,936.506,325.995,1892,116.899,182.567,2297.983,235.664,-96.118,1762.737,48.999,298.649,1757.957,542.085,331.463,1966.52,128.821,315.441,1888.382,333.605,112.831,1957.638,108.326,347.026,1761.302,51.735,331.463,1966.52,128.821,325.272,1985.046,195.732,262.215,1969.716,121.529,326.457,1899.399,146.942,454.827,1394.22,529.61,545.31,1809.556,381.746,13.965,1480.466,502.088,457.764,1544.595,953.796,413.313,1149.71,160.415,606.454,1468.669,-70.95,21.639,1333.286,86.528,456.397,1388.735,525.9,411.198,1209.75,113.737,429.386,1308.392,311.637,191.705,1241.854,117.907,384.416,1013.627,213.956,411.198,1209.75,113.737,420.508,1272.736,144.784,341.564,1213.983,126.031,420.275,1177.614,176.209,366.43,1622.69,1464.23,390.36,1787.119,1438.228,532.579,1600.734,1478.299,376.79,1595,1298.666,63.51,1452.24,1179.41,-159.797,1334.982,1340.318,220.24,1199.6,1212.812,186.297,1561.466,1429.41,57.096,1408.05,875.291,-187.083,1260.096,901.939,207.311,1165.905,907.306,63.08,1449.272,1158.996,42.128,1407.87,832.932,-7.745,1472.719,850.267,-18.943,1355.071,854.745,69.989,1408.219,911.779,641.547,1584.86,1157.25,775.236,1293.145,1170.91,903.004,1711.112,1294.573,511.452,1538.821,1447.272,612.813,1809.88,1005.07,767.266,1699.414,812.559,832.936,1916.173,1120.683,641.256,1587.129,1155.708,617.723,1859.88,989.099,700.929,1867.87,1039.679,567.331,1889.805,1067.269,608.623,1767.219,1018.705,367.379,1748.33,1732.41,366.514,1721.36,1739.887,395.291,1746.953,1730.67,365.335,1740.93,1705.483,294.41,1682.665,1723.938,433.717,1672.465,1719.732,278.687,1548.845,1695.431,417.8,1526.189,1683.271,274.034,1588.214,1630.601,431.772,1586.012,1624.989,366.04,1723.463,1730.61,341.397,1489.564,1542.163,342.223,1465.054,1504.11,359.127,1419.866,1233.958,367.426,1629.528,1463.146,371.681,1674.51,1270.115,447.693,1405.872,1397.403,183.806,1569.333,1497.561,95.709,1535.574,1400.813,60.097,1495.793,1162.058,47.245,1465.56,961.996,91.191,1466.04,860.479,-5.33,1382.397,889.043,31.99,1421.053,836.456,519.883,1540.09,1502.217,613.675,1520.904,1398.313,674.389,1611.745,1176.25,650.184,1765.353,1069.643,597.731,1845.549,1063.094,666.997,1787.986,966.991,632.201,1861.275,997.9,265.368,1653.699,1019.541,501.704,1619.284,1013.657,327.194,1424.4,1074.318,384.633,1414.55,1075.395,196.605,1684.12,739.211,263.919,1718.41,878.024,280.747,1777.22,715.266,240.918,1758.665,545.069,241.669,1806.09,358.858,296.053,1837.721,451.451,313.658,1863.285,353.158,288.293,1882.458,102.781,342.843,1837.949,68.118,323.598,1983.523,141.234,359.218,2042.864,128.018,280.756,2022.683,93.923,338.523,2084.745,135.456,549.723,1463.785,752.585,520.921,1607.674,836.143,487.161,1537.853,631.112,510.779,1381.99,535.392,505.499,1272.184,378.538,462.2,1375.774,406.618,449.953,1325.642,336.379,447.255,1124.731,156.617,395.121,1067.93,160.315,419.293,1227.869,110.813,380.836,1257.315,56.33,464.692,1217.142,53.95,404.026,1292.874,51.871,400.709,1679.707,1374.774,401.915,1675.038,1413.594,352.484,1687.81,1377.495,313.879,1397.968,1009.052,317.794,1400.801,1047.874,362.24,1388.235,1006.286,186.803,1706.719,667.844,176.237,1685.686,699.337,189.232,1747.629,694.804,232.504,1825.57,273.078,222.432,1812.155,309.329,240.807,1869.578,293.318,549.242,1416.348,668.328,556.226,1422.95,706.291,554.729,1463.334,657.457,503.278,1191.459,307.276,511.738,1213.127,339.132,508.441,1230.224,278.411,279.466,1570.82,951.24,461.417,1545.68,948.231,290.295,1752.03,529.504,454.827,1394.22,529.61,325.995,1892,116.899,413.313,1149.71,160.415,331.463,1966.52,128.821,411.198,1209.75,113.737,192.105,1566.63,1441.23,512.132,1539.06,1445.76,63.51,1452.24,1179.41,641.547,1584.86,1157.25,42.128,1407.87,832.932,617.723,1859.88,989.099,361.859,1572.53,1052.89,333.22,1910.736,104.676,38.556,-1.786,0.253,5.795,3.916,-26.924,3.44,-1.787,14.871,-36.302,0.685,4.94,-4.469,-3.393,-4.317,14.418,2.449,-15.061,7.15,-2.275,19.762,-37.22,0.4,10.127,-6.081,5.873,-0.96,-6.081,-5.873,0.96,-16.627,26.51,53.307,27.401,-0,-0,-11.903,16.038,79.223,6.149,-7.509,5.984,19.717,18.963,27.456,54.654,0,-0,7.183,18.607,87.423,6.149,7.509,-5.984,-110.588,4.192,-4.061,-62.933,4.737,-6.933,14.938,1.123,8.118,14.938,-1.123,-8.118,9.494,-3.532,8.196,9.494,3.532,-8.196,-15.366,4.186,1.774,-15.366,-4.186,-1.774,0,0,0,0,0,0,0.434,0.309,2.172,-0.129,0.093,0.838,-0.215,0.055,-0.08,1.201,-0.016,2.495,0.473,-0.023,1.239,-0.344,0.041,0.096,0,0,0,0,0,0,18.244,138.728,-7.601,-81.914,-2.866,-1.67,5.906,-0.661,-1.122,-677.236,97.215,13.063,63.323,-27.422,1.415,10.23,-4.396,1.632,0,0,-0.099,0,0,0.283,0,0,0.003,0,0,0.602,0,0,-0.273,0,0,0.038
32.16,370.594,1576.37,949.809,394.088,1752.347,902.619,188.729,1601.882,954.403,381.548,1622.501,1127.288,292.217,1771.59,531.212,346.811,2175.54,709.25,-149.211,1823.081,549.743,288.436,1592.63,938.413,327.333,1896.97,114.019,194.128,2309.85,220.251,-98.126,1775.334,53.286,300.122,1777.667,543.583,333.15,1971.91,122.709,316.731,1902.778,330.675,114.482,1963.176,102.542,347.759,1763.479,54.576,333.15,1971.91,122.709,327.069,1993.645,188.658,263.897,1974.844,115.356,328.082,1905.746,144.048,457.672,1416.65,526.803,550.447,1833.073,383.486,17.278,1504.11,495.84,456.874,1563.271,952.31,415.569,1160.21,166.7,614.647,1467.819,-74.781,26.974,1346.251,83.328,459.503,1411.872,523.497,412.822,1216.67,115.787,435.865,1329.429,305.471,193.671,1250.688,122.187,386.991,1028.644,230.698,412.822,1216.67,115.787,422.657,1281.899,141.601,343.511,1221.682,129.528,423.649,1189.505,180.306,365.425,1640.03,1464.46,389.618,1804.49,1438.9,531.499,1617.872,1479.083,376.357,1612.687,1298.875,63.264,1469.88,1178.31,-162.14,1355.279,1338.206,217.456,1215.949,1213.676,185.431,1578.933,1428.689,57.561,1424.1,874.488,-188.111,1278.617,901.02,205.347,1180.72,908.384,62.883,1466.815,1157.986,42.517,1423.49,832.146,-7.446,1488.406,848.962,-18.419,1370.786,854.556,70.511,1424.626,910.938,641.699,1598.89,1157.67,772.939,1306.183,1173.657,903.929,1723.945,1294.615,510.67,1555.984,1447.752,614.132,1823.71,1005.15,767.862,1712.039,812.755,834.906,1928.995,1120.445,641.429,1601.081,1156.18,619.602,1873.84,989.29,703.008,1880.692,1039.709,569.734,1904.086,1067.673,609.491,1781.192,1018.608,365.972,1765.45,1732.43,365.04,1738.486,1739.92,393.883,1764.013,1730.731,363.952,1758.04,1705.504,292.898,1699.92,1723.837,432.188,1689.459,1719.975,277.015,1566.104,1695.415,416.109,1543.168,1683.614,272.556,1605.453,1630.55,430.063,1603.001,1625.243,364.583,1740.581,1730.642,340.031,1506.837,1542.036,340.913,1482.335,1503.886,358.752,1437.711,1233.678,366.432,1646.877,1463.397,371.411,1692.354,1270.445,446.675,1423.123,1397.436,182.664,1586.682,1496.85,95.02,1553.145,1399.515,60.635,1513.361,1160.659,47.775,1482.12,960.805,91.545,1482.027,859.152,-4.81,1398.448,888.538,32.36,1436.695,835.565,518.892,1557.111,1502.777,612.886,1536.982,1399.066,674.775,1625.562,1176.556,651.477,1779.074,1069.686,599.522,1859.564,1063.18,668.016,1801.393,966.891,634.115,1875.032,998.063,265.805,1671.484,1020.359,501.865,1637.52,1013.122,328.386,1442.107,1074.208,385.743,1432.666,1075.339,198.455,1702.486,740.1,263.267,1737.917,880.163,280.853,1796.604,716.618,242.324,1777.51,546.128,243.141,1821.433,358.842,298.6,1854.015,450.424,316.014,1876.644,351.035,289.234,1887.576,100.988,343.476,1840.942,69.35,325.345,1990.31,134.558,361.099,2049.022,118.422,282.343,2027.067,85.465,340.681,2091.855,122.692,550.525,1483.918,750.897,521.336,1626.924,835.72,489.168,1559.911,629.792,513.72,1404.104,533.584,507.855,1289.363,380.717,465.985,1394.51,404.799,453.48,1341.804,336.434,449.227,1134.738,164.149,396.89,1079.43,172.61,420.958,1234.392,111.428,381.138,1259.328,56.067,465.096,1219.243,54.943,403.974,1292.668,51.676,400.038,1697.271,1375.314,401.165,1692.412,1414.131,351.83,1705.412,1377.951,314.508,1415.938,1009.128,318.492,1418.948,1047.854,363.043,1406.457,1006.02,188.449,1724.638,668.699,178.068,1703.505,700.172,190.151,1765.635,695.722,233.747,1838.345,272.586,223.666,1826.201,309.314,242.931,1882.7,291.475,550.726,1437.669,666.263,557.328,1443.899,704.346,556.74,1484.66,655.875,505.096,1206.113,312.68,513.607,1228.818,343.723,510.996,1243.732,282.474,279.599,1588.72,951.81,461.588,1564.01,947.808,292.217,1771.59,531.212,457.672,1416.65,526.803,327.333,1896.97,114.019,415.569,1160.21,166.7,333.15,1971.91,122.709,412.822,1216.67,115.787,191.219,1584.1,1440.55,511.331,1556.2,1446.29,63.264,1469.88,1178.31,641.699,1598.89,1157.67,42.517,1423.49,832.146,619.602,1873.84,989.29,362.176,1589.71,1052.88,334.411,1915.626,101.954,38.451,-1.408,-0.838,7.772,3.991,-24.449,2.884,-1.661,13.716,-36.563,0.713,4.702,-3.966,-4.051,-4.804,17.014,2.433,-15.669,4.697,-2.387,20.768,-37.591,0.849,10.573,-6.198,6.304,-1.283,-6.198,-6.304,1.283,-16.738,26.545,53.904,27.216,-0,-0,-12.394,15.806,78.547,6.312,-7.636,5.932,19.061,18.936,27.292,55.022,0,0,7.248,19.012,87.218,6.312,7.636,-5.932,-108.102,4.294,-3.811,-58.569,6.002,-6.686,14.89,1.433,7.985,14.89,-1.433,-7.985,9.377,-3.727,8.288,9.377,3.727,-8.288,-15.386,4.138,1.913,-15.386,-4.138,-1.913,0,0,0,0,0,0,0.416,0.305,2.176,-0.126,0.108,0.857,-0.231,0.038,-0.04,1.34,0.016,2.578,0.514,-0.006,1.339,-0.377,0.051,0.109,0,0,0,0,0,0,-46.135,113.602,-2.551,-43.378,-2.093,0.332,-4.941,-1.031,0.679,-765.893,96.787,17.56,84.944,-31.164,1.392,6.135,-4.987,1.809,0,0,-0.09,0,0,0.151,0,0,-0.004,0,0,0.939,0,0,-0.403,0,0,0.026
32.17,370.643,1594.4,950.296,393.326,1770.522,903.252,188.732,1619.353,956.002,382.504,1640.281,1127.781,293.82,1790.89,533.04,338.301,2196.034,711.179,-148.741,1833.156,547.419,289.99,1612.213,940.364,328.246,1901.28,111.917,206.515,2320.81,205.06,-100.631,1788.829,57.899,300.958,1797.122,545.398,334.417,1976.51,117.324,317.643,1916.618,328.109,115.712,1967.937,97.484,348.046,1765.232,58.376,334.417,1976.51,117.324,328.467,2001.324,182.19,265.162,1979.258,109.92,329.224,1911.43,141.744,461.044,1440.67,523.672,556.3,1858.593,386.48,21.211,1529.485,488.84,455.773,1582.117,950.895,418.105,1172.56,173.478,623.718,1467.787,-77.784,33.049,1361.087,79.894,463.091,1436.883,520.865,414.591,1224.8,118.277,443.598,1352.112,297.653,196.015,1261.776,127.38,389.92,1046.896,248.534,414.591,1224.8,118.277,424.893,1292.033,138.063,345.653,1230.919,133.379,427.215,1203.348,184.597,364.421,1657.31,1465.12,388.982,1821.787,1440.026,530.399,1634.852,1480.369,375.983,1630.318,1299.52,63.096,1488.01,1177.45,-164.616,1376.184,1336.034,214.383,1232.587,1214.572,184.612,1596.457,1428.408,58.217,1441,873.866,-189.124,1298.289,899.941,203.219,1196.189,909.445,62.771,1484.875,1157.2,43.072,1440.03,831.537,-6.978,1504.983,847.947,-17.714,1387.39,854.499,71.237,1441.844,910.256,641.749,1612.66,1158.47,770.755,1319.114,1177.051,904.677,1736.843,1294.87,509.901,1573.084,1448.655,615.577,1836.81,1004.85,768.699,1723.253,813.075,836.938,1941.361,1119.686,641.5,1614.79,1157.015,621.658,1886.98,988.908,705.226,1892.824,1039.185,572.3,1917.887,1067.356,610.445,1794.481,1018.296,364.558,1782.55,1732.82,363.568,1755.593,1740.325,392.47,1781.068,1731.176,362.578,1775.126,1705.895,291.403,1717.143,1724.118,430.68,1706.445,1720.604,275.36,1583.336,1695.792,414.433,1560.122,1684.357,271.103,1622.656,1630.888,428.586,1619.958,1625.89,363.133,1757.675,1731.048,338.682,1524.087,1542.3,339.499,1499.578,1504.066,358.367,1455.526,1233.81,365.443,1664.164,1464.083,371.14,1710.145,1271.228,445.688,1440.292,1397.856,181.55,1604.052,1496.548,94.359,1570.906,1398.556,61.337,1531.426,1159.538,48.477,1499.438,959.869,92.077,1498.893,858.053,-4.095,1415.325,888.195,32.897,1453.233,834.873,517.901,1574.073,1503.775,612.046,1552.968,1400.243,675.019,1639.195,1177.209,652.823,1792.257,1069.526,601.446,1873.053,1062.736,669.151,1813.88,966.531,636.199,1888.002,997.656,266.166,1689.181,1021.626,501.804,1655.748,1012.926,329.64,1459.711,1074.555,387.018,1450.646,1075.655,200.005,1719.939,741.02,261.956,1757.105,881.96,280.445,1815.444,717.999,243.397,1796.01,547.671,244.067,1836.535,359.357,300.734,1869.867,449.853,317.904,1889.519,349.414,289.782,1892.232,99.751,343.61,1843.441,70.826,326.681,1996.435,128.527,362.669,2054.43,109.555,283.628,2030.92,77.791,342.622,2098.132,110.775,551.544,1504.954,749.145,521.617,1646.594,835.663,491.632,1583.22,628.643,517.062,1427.767,531.628,510.542,1308.314,383.015,470.297,1414.939,402.941,457.464,1359.706,336.571,451.456,1146.706,172.377,398.931,1093.503,186.006,422.778,1241.949,112.36,381.57,1261.881,56.331,465.586,1221.934,56.698,404.06,1292.845,51.353,399.351,1714.777,1376.271,400.416,1709.74,1415.088,351.169,1722.975,1378.847,315.317,1433.766,1009.608,319.404,1437.019,1048.213,364.066,1424.672,1006.078,189.648,1741.71,669.692,179.514,1720.524,701.193,190.508,1782.868,696.67,234.411,1850.843,272.608,224.299,1840.011,309.784,244.643,1895.45,290.128,552.548,1460.112,664.003,558.696,1465.826,702.211,559.068,1507.152,654.287,507.122,1222.625,318.431,515.684,1246.35,348.592,513.855,1258.989,286.9,279.625,1606.47,952.853,461.661,1582.32,947.739,293.82,1790.89,533.04,461.044,1440.67,523.672,328.246,1901.28,111.917,418.105,1172.56,173.478,334.417,1976.51,117.324,414.591,1224.8,118.277,190.364,1601.59,1440.29,510.535,1573.28,1447.26,63.096,1488.01,1177.45,641.749,1612.66,1158.47,43.072,1440.03,831.537,621.658,1886.98,988.908,362.515,1607,1053.24,335.146,1919.938,99.677,38.374,-1.008,-2.129,9.822,4.014,-21.596,2.343,-1.52,12.411,-36.727,0.744,4.527,-3.266,-4.805,-5.351,19.878,2.441,-16.325,1.829,-2.508,21.846,-38.128,1.538,10.814,-6.332,6.775,-1.696,-6.332,-6.775,1.696,-16.778,26.586,54.514,27.031,-0,-0,-12.941,15.58,77.778,6.482,-7.749,5.941,18.376,18.859,27.236,55.233,0,0,7.265,19.406,86.977,6.482,7.749,-5.941,-105.59,4.386,-3.556,-53.789,7.559,-6.384,14.845,1.78,7.811,14.845,-1.78,-7.811,9.257,-3.942,8.418,9.257,3.942,-8.418,-15.415,4.055,2.031,-15.415,-4.055,-2.031,0,0,0,0,0,0,0.362,0.283,2.165,-0.145,0.114,0.866,-0.245,0.025,-0.011,1.412,0.054,2.623,0.52,0.013,1.415,-0.405,0.06,0.113,0,0,0,0,0,0,-66.136,75.443,1.239,-14.526,-2.81,1.598,-14.545,-1.405,1.788,-821.666,88.828,23.04,103.766,-34.882,1.787,0.358,-5.597,2.217,0,0,-0.061,0,0,0.044,0,0,-0.008,0,0,1.292,0,0,-0.539,0,0,-0.001
32.18,370.578,1612.29,951.154,392.315,1788.565,904.234,188.618,1636.569,958.071,383.416,1657.946,1128.629,295.08,1809.74,534.98,328.927,2215.861,713.23,-148.42,1842.319,544.965,291.141,1631.254,942.387,328.837,1904.98,110.534,218.817,2330.488,190.142,-103.17,1802.305,62.294,301.181,1816.1,547.38,335.33,1980.34,112.801,318.295,1929.362,325.897,116.591,1971.882,93.292,348.056,1766.732,62.717,335.33,1980.34,112.801,329.593,2007.951,176.546,266.066,1982.967,105.429,330.008,1916.391,140.021,464.93,1466.28,520.254,563.078,1885.996,390.792,25.825,1556.892,481.123,454.503,1601.124,949.513,420.945,1186.86,180.747,633.159,1468.978,-79.911,39.63,1377.4,76.528,467.122,1463.758,518.036,416.55,1234.24,121.384,452.505,1375.922,288.294,198.861,1275.401,133.339,393.219,1068.537,267.067,416.55,1234.24,121.384,427.248,1303.038,134.434,348.011,1241.822,137.598,430.9,1219.165,189.095,363.46,1674.52,1466.18,388.452,1839.003,1441.555,529.327,1651.699,1482.085,375.674,1647.871,1300.572,63.053,1506.6,1176.81,-167.019,1397.436,1333.835,211.292,1249.604,1215.344,183.879,1614.038,1428.535,59.071,1458.81,873.408,-189.974,1318.952,898.706,201.15,1212.49,910.342,62.788,1503.422,1156.639,43.817,1457.52,831.092,-6.312,1522.493,847.18,-16.819,1404.928,854.556,72.165,1459.92,909.729,641.697,1626.21,1159.65,768.685,1331.976,1181.039,905.251,1749.822,1295.358,509.143,1590.106,1449.966,617.172,1849.21,1004.15,769.796,1733.074,813.527,839.06,1953.28,1118.403,641.466,1628.301,1158.188,623.886,1899.34,987.938,707.561,1904.366,1038.125,574.984,1931.229,1066.278,611.535,1807.127,1017.765,363.154,1799.6,1733.56,362.117,1772.649,1741.083,391.069,1798.087,1731.987,361.234,1792.158,1706.635,289.942,1734.313,1724.744,429.201,1723.4,1721.592,273.747,1600.52,1696.508,412.795,1577.035,1685.457,269.702,1639.813,1631.565,427.374,1636.872,1626.909,361.707,1774.728,1731.801,337.386,1541.285,1542.927,338.067,1516.754,1504.623,357.999,1473.257,1234.34,364.5,1681.375,1465.155,370.898,1727.827,1272.411,444.769,1457.353,1398.643,180.506,1621.454,1496.64,93.747,1588.87,1397.946,62.197,1549.974,1158.709,49.355,1517.551,959.193,92.813,1516.681,857.192,-3.185,1433.087,887.983,33.626,1470.735,834.363,516.92,1590.952,1505.183,611.183,1568.864,1401.826,675.119,1652.687,1178.198,654.216,1804.935,1069.162,603.496,1886.046,1061.753,670.45,1825.501,965.93,638.445,1900.208,996.671,266.44,1706.743,1023.293,501.516,1673.903,1013.065,330.894,1477.2,1075.339,388.436,1468.468,1076.312,201.176,1736.672,742.054,260.114,1775.761,883.517,279.643,1833.689,719.452,244.146,1814.039,549.543,244.516,1851.101,360.223,302.374,1885.135,449.605,319.313,1901.775,348.21,290.07,1896.368,99,343.428,1845.534,72.348,327.667,2001.8,123.3,363.921,2059.05,101.678,284.593,2034.234,71.175,344.292,2103.479,100.122,552.804,1526.874,747.328,521.823,1666.634,835.977,494.655,1607.728,627.691,520.744,1452.963,529.544,513.562,1329.135,385.407,475.044,1437.094,401.088,461.817,1379.409,336.811,453.998,1160.795,181.264,401.304,1110.333,200.326,424.799,1250.699,113.779,382.227,1265.233,57.301,466.219,1225.47,59.426,404.37,1293.706,50.89,398.685,1732.187,1377.586,399.702,1726.999,1416.404,350.539,1740.461,1380.116,316.287,1451.418,1010.438,320.558,1454.911,1048.912,365.25,1442.816,1006.407,190.392,1758.146,670.859,180.518,1736.939,702.415,190.408,1799.497,697.725,234.607,1862.803,272.986,224.431,1853.3,310.56,245.967,1907.585,289.142,554.712,1483.606,661.562,560.349,1488.655,699.889,561.697,1530.741,652.706,509.399,1241.124,324.483,518.011,1265.858,353.706,517.009,1276.135,291.652,279.535,1624.03,954.316,461.621,1600.55,947.992,295.08,1809.74,534.98,464.93,1466.28,520.254,328.837,1904.98,110.534,420.945,1186.86,180.747,335.33,1980.34,112.801,416.55,1234.24,121.384,189.584,1619.11,1440.42,509.748,1590.27,1448.64,63.053,1506.6,1176.81,641.697,1626.21,1159.65,43.817,1457.52,831.092,623.886,1899.34,987.938,362.892,1624.36,1053.95,335.548,1923.667,97.824,38.32,-0.56,-3.462,11.89,3.963,-18.671,1.931,-1.376,11.071,-36.808,0.833,4.395,-2.37,-5.65,-5.975,22.995,2.433,-16.918,-1.391,-2.626,22.883,-38.833,2.446,10.762,-6.483,7.271,-2.176,-6.483,-7.271,2.176,-16.74,26.624,55.095,26.852,0,0,-13.52,15.333,76.989,6.651,-7.832,5.999,17.674,18.752,27.264,55.273,0,-0,7.252,19.754,86.73,6.651,7.832,-5.999,-103.196,4.453,-3.319,-48.679,9.379,-6.036,14.809,2.158,7.6,14.809,-2.158,-7.6,9.141,-4.164,8.568,9.141,4.164,-8.568,-15.45,3.932,2.127,-15.45,-3.932,-2.127,0,0,0,0,0,0,0.27,0.245,2.142,-0.181,0.11,0.86,-0.253,0.015,0.006,1.388,0.096,2.618,0.48,0.034,1.448,-0.422,0.067,0.106,0,0,0,0,0,0,-41.073,35.645,3.37,5.914,-3.384,2.027,-21.948,-1.742,2.13,-834.222,73.176,29.648,117.645,-39.366,2.855,-6.955,-6.165,2.914,0,0,-0.026,0,0,-0.032,0,0,-0.007,0,0,1.587,0,0,-0.663,0,0,-0.044
32.19,370.393,1630.05,952.367,391.079,1806.482,905.562,188.385,1653.561,960.549,384.242,1675.501,1129.819,296.01,1827.87,537.002,319.878,2234.751,715.136,-148.135,1851.464,542.621,291.701,1649.7,944.544,329.24,1908.09,109.75,230.098,2338.597,175.581,-105.349,1814.687,66.075,300.91,1834.343,549.361,336.007,1983.46,109.176,318.791,1940.611,324.04,117.238,1975.067,89.973,347.956,1768.071,67.18,336.007,1983.46,109.176,330.622,2013.477,171.855,266.72,1986.014,102,330.62,1920.602,138.816,469.267,1493.46,516.645,570.918,1915.11,396.508,31.133,1586.611,472.865,453.116,1620.301,948.16,424.085,1203.17,188.485,642.531,1471.799,-81.122,46.46,1394.888,73.542,471.511,1492.394,515.086,418.752,1245.18,125.282,462.328,1400.32,277.789,202.311,1291.758,139.743,396.848,1093.563,285.775,418.752,1245.18,125.282,429.79,1314.911,131.078,350.603,1254.563,142.179,434.618,1236.971,193.83,362.59,1691.65,1467.56,388.007,1856.133,1443.374,528.345,1668.467,1484.092,375.425,1665.314,1301.948,63.145,1525.66,1176.39,-169.293,1419.005,1331.645,208.238,1267.028,1215.943,183.258,1631.685,1429.052,60.132,1477.59,873.09,-190.62,1340.618,897.292,199.197,1229.704,911,62.945,1522.479,1156.288,44.775,1476.07,830.776,-5.415,1541.044,846.666,-15.732,1423.5,854.617,73.288,1478.881,909.34,641.546,1639.6,1161.15,766.729,1344.819,1185.457,905.683,1762.891,1296.013,508.438,1607.026,1451.63,618.941,1860.95,1003.07,771.141,1741.554,814.129,841.32,1964.75,1116.612,641.336,1641.658,1159.685,626.278,1910.9,986.37,709.994,1915.372,1036.542,577.745,1944.108,1064.391,612.796,1819.125,1017.046,361.777,1816.6,1734.62,360.701,1789.655,1742.158,389.696,1815.071,1733.137,359.938,1809.141,1707.694,288.53,1751.419,1725.668,427.765,1740.314,1722.907,272.207,1617.642,1697.508,411.223,1593.903,1686.868,268.38,1656.914,1632.531,426.433,1653.747,1628.269,360.322,1791.73,1732.868,336.185,1558.41,1543.879,336.732,1533.839,1505.52,357.678,1490.86,1235.24,363.648,1698.501,1466.552,370.717,1745.355,1273.93,443.951,1474.299,1399.774,179.57,1638.898,1497.098,93.204,1607.055,1397.684,63.199,1568.993,1158.178,50.412,1536.5,958.769,93.776,1535.448,856.572,-2.083,1451.807,887.854,34.572,1489.276,834.006,515.966,1607.733,1506.959,610.337,1584.686,1403.782,675.083,1666.081,1179.493,655.655,1817.147,1068.587,605.67,1898.574,1060.222,671.949,1836.316,965.103,640.845,1911.681,995.1,266.607,1724.136,1025.313,501.009,1691.935,1013.53,332.077,1494.581,1076.522,389.96,1486.135,1077.271,201.949,1752.924,743.284,257.922,1793.77,885.014,278.58,1851.319,720.969,244.607,1831.412,551.529,244.617,1864.819,361.233,303.504,1899.666,449.52,320.292,1913.267,347.309,290.244,1899.923,98.638,343.101,1847.26,73.76,328.413,2006.329,118.952,364.896,2062.857,94.925,285.263,2036.99,65.776,345.7,2107.842,90.979,554.291,1549.606,745.483,522.022,1686.987,836.668,498.268,1633.324,626.991,524.676,1479.619,527.404,516.9,1351.865,387.89,480.096,1460.953,399.323,466.431,1400.92,337.202,456.878,1177.106,190.735,404.017,1129.994,215.301,427.07,1260.846,115.849,383.217,1269.742,59.127,467.063,1230.196,63.294,405.015,1295.656,50.314,398.087,1749.468,1379.193,399.064,1744.173,1418.01,349.981,1757.843,1381.688,317.392,1468.874,1011.557,321.955,1472.541,1049.908,366.513,1460.831,1006.957,190.734,1774.134,672.208,181.09,1752.926,703.828,190.004,1815.674,698.925,234.504,1873.954,273.545,224.232,1865.764,311.454,246.97,1918.859,288.366,557.169,1508.033,658.996,562.26,1512.28,697.429,564.568,1555.306,651.177,511.948,1261.676,330.791,520.614,1287.409,359.037,520.418,1295.251,296.692,279.326,1641.4,956.162,461.461,1618.69,948.573,296.01,1827.87,537.002,469.267,1493.46,516.645,329.24,1908.09,109.75,424.085,1203.17,188.485,336.007,1983.46,109.176,418.752,1245.18,125.282,188.897,1636.66,1440.91,509.007,1607.16,1450.39,63.145,1525.66,1176.39,641.546,1639.6,1161.15,44.775,1476.07,830.776,626.278,1910.9,986.37,363.308,1641.76,1054.98,335.757,1926.795,96.356,38.26,-0.049,-4.689,13.902,3.842,-15.976,1.728,-1.244,9.83,-36.817,1.041,4.256,-1.289,-6.565,-6.692,26.334,2.361,-17.361,-4.846,-2.729,23.77,-39.681,3.495,10.355,-6.633,7.767,-2.687,-6.633,-7.767,2.687,-16.608,26.651,55.651,26.685,0,-0,-14.083,15.1,76.204,6.802,-7.863,6.078,16.971,18.632,27.343,55.128,0,0,7.196,20.013,86.506,6.802,7.863,-6.078,-101.033,4.5,-3.117,-43.371,11.383,-5.666,14.776,2.553,7.36,14.776,-2.553,-7.36,9.036,-4.377,8.718,9.036,4.377,-8.718,-15.484,3.766,2.206,-15.484,-3.766,-2.206,0,0,0,0,0,0,0.137,0.195,2.111,-0.23,0.101,0.84,-0.254,0.006,0.015,1.241,0.139,2.552,0.391,0.055,1.423,-0.423,0.07,0.09,0,0,0,0,0,0,21.365,4.756,3.738,18.7,-2.773,1.814,-26.619,-2.008,1.909,-794.018,50.814,37.386,125.347,-45.312,4.776,-15.794,-6.581,3.898,0,0,0.006,0,0,-0.072,0,0,-0,0,0,1.752,0,0,-0.757,0,0,-0.1
32.2,370.074,1647.64,953.899,389.648,1824.224,907.192,188.025,1670.329,963.387,384.964,1692.916,1131.311,296.649,1845.03,539.037,312.052,2252.624,716.473,-147.863,1861.157,540.577,291.627,1667.659,946.919,329.587,1910.68,109.418,239.607,2345.058,161.559,-106.93,1825.1,69.067,300.335,1851.593,551.178,336.573,1985.97,106.403,319.214,1950.155,322.539,117.783,1977.596,87.443,347.899,1769.3,71.409,336.573,1985.97,106.403,331.712,2017.97,168.137,267.245,1988.509,99.628,331.214,1924.097,138.053,473.946,1522.09,512.99,579.858,1945.641,403.712,37.093,1618.779,464.35,451.648,1639.608,946.865,427.477,1221.5,196.672,651.278,1476.698,-81.456,53.165,1413.26,71.425,476.178,1522.615,512.15,421.246,1257.83,130.115,472.629,1424.84,266.837,206.395,1310.818,146.134,400.652,1121.722,304.115,421.246,1257.83,130.115,432.635,1327.727,128.492,353.437,1269.274,147.111,438.279,1256.651,198.864,361.859,1708.7,1469.21,387.637,1873.184,1445.418,527.516,1685.208,1486.285,375.235,1682.648,1303.596,63.399,1545.17,1176.16,-171.291,1440.681,1329.489,205.437,1284.925,1216.219,182.784,1649.389,1429.917,61.402,1497.39,872.879,-190.961,1363.163,895.684,197.54,1247.958,911.272,63.267,1542.007,1156.128,45.973,1495.74,830.556,-4.26,1560.709,846.334,-14.447,1443.177,854.634,74.596,1498.803,909.07,641.318,1652.87,1162.96,764.929,1357.688,1190.263,905.983,1776.086,1296.854,507.789,1623.838,1453.622,620.895,1872.09,1001.59,772.748,1748.802,814.882,843.719,1975.827,1114.316,641.126,1654.932,1161.44,628.831,1921.73,984.208,712.526,1925.938,1034.438,580.579,1956.573,1061.689,614.255,1830.55,1016.134,360.448,1833.56,1735.94,359.342,1806.621,1743.493,388.372,1832.027,1734.563,358.709,1826.082,1709.013,287.186,1768.463,1726.847,426.393,1757.191,1724.512,270.768,1634.702,1698.748,409.745,1610.732,1688.551,267.167,1673.958,1633.74,425.752,1670.606,1629.94,358.997,1808.688,1734.212,335.119,1575.45,1545.119,335.603,1550.823,1506.72,357.43,1508.305,1236.481,362.932,1715.545,1468.215,370.632,1762.706,1275.717,443.255,1491.134,1401.222,178.777,1656.4,1497.891,92.752,1625.484,1397.754,64.321,1588.48,1157.938,51.649,1556.337,958.577,94.989,1555.268,856.193,-0.792,1471.573,887.752,35.761,1508.946,833.764,515.066,1624.411,1509.049,609.554,1600.463,1406.066,674.931,1679.419,1181.047,657.148,1828.938,1067.793,607.973,1910.674,1058.14,673.668,1846.386,964.061,643.394,1922.459,992.948,266.653,1741.346,1027.645,500.305,1709.815,1014.313,333.125,1511.868,1078.057,391.524,1503.66,1078.498,202.361,1768.892,744.756,255.589,1811.127,886.619,277.394,1868.322,722.48,244.836,1847.9,553.408,244.529,1877.42,362.205,304.181,1913.314,449.45,320.944,1923.872,346.594,290.431,1902.863,98.566,342.764,1848.646,74.966,329.041,2009.995,115.483,365.667,2065.862,89.321,285.695,2039.192,61.634,346.898,2111.231,83.433,555.951,1573.032,743.69,522.274,1707.59,837.747,502.416,1659.848,626.631,528.756,1507.622,525.328,520.522,1376.474,390.483,485.303,1486.453,397.765,471.183,1424.203,337.819,460.07,1195.674,200.673,407.015,1152.428,230.573,429.643,1272.644,118.704,384.66,1275.875,61.9,468.196,1236.544,68.395,406.134,1299.208,49.707,397.607,1766.599,1381.029,398.549,1761.252,1419.845,349.541,1775.107,1383.495,318.598,1486.12,1012.916,323.568,1489.856,1051.157,367.767,1478.677,1007.689,190.775,1789.762,673.703,181.307,1768.575,705.391,189.456,1831.474,700.246,234.287,1884.064,274.138,223.9,1877.135,312.308,247.741,1929.066,287.672,559.821,1533.245,656.413,564.364,1536.573,694.934,567.592,1580.681,649.776,514.766,1284.286,337.303,523.488,1311.002,364.553,524.021,1316.367,301.979,278.985,1658.59,958.346,461.162,1636.7,949.451,296.649,1845.03,539.037,473.946,1522.09,512.99,329.587,1910.68,109.418,427.477,1221.5,196.672,336.573,1985.97,106.403,421.246,1257.83,130.115,188.344,1654.24,1441.74,508.325,1623.95,1452.45,63.399,1545.17,1176.16,641.318,1652.87,1162.96,45.973,1495.74,830.556,628.831,1921.73,984.208,363.756,1659.19,1056.3,335.902,1929.321,95.225,38.147,0.533,-5.709,15.76,3.674,-13.738,1.765,-1.135,8.797,-36.785,1.406,4.082,-0.035,-7.536,-7.507,29.847,2.178,-17.567,-8.368,-2.799,24.377,-40.566,4.555,9.599,-6.78,8.248,-3.193,-6.78,-8.248,3.193,-16.371,26.66,56.158,26.539,0,0,-14.604,14.854,75.483,6.942,-7.831,6.158,16.269,18.525,27.451,54.798,0,-0,7.104,20.166,86.308,6.942,7.831,-6.158,-99.175,4.537,-2.954,-38.033,13.45,-5.326,14.75,2.961,7.104,14.75,-2.961,-7.104,8.94,-4.562,8.845,8.94,4.562,-8.845,-15.521,3.56,2.269,-15.521,-3.56,-2.269,0,0,0,0,0,0,-0.033,0.138,2.074,-0.286,0.088,0.806,-0.249,0,0.017,0.953,0.181,2.426,0.255,0.072,1.325,-0.403,0.069,0.066,0,0,0,0,0,0,109.857,-13.739,2.396,23.742,-0.35,1.212,-28.521,-2.185,1.358,-695.262,23.341,45.419,126.361,-52.196,7.389,-26.007,-6.697,4.934,0,0,0.051,0,0,-0.076,0,0,0.01,0,0,1.717,0,0,-0.808,0,0,-0.159
32.21,369.634,1665.09,955.714,388.073,1841.823,909.109,187.552,1686.927,966.481,385.532,1710.203,1133.08,297.061,1860.96,540.981,305.94,2269.455,716.783,-147.617,1871.496,538.959,291.04,1685.249,949.567,329.978,1912.81,109.383,246.905,2349.947,148.225,-107.834,1832.991,71.324,299.671,1867.658,552.713,337.135,1987.97,104.375,319.656,1957.939,321.381,118.33,1979.592,85.591,347.974,1770.423,75.142,337.135,1987.97,104.375,332.969,2021.525,165.329,267.751,1990.54,98.218,331.923,1926.928,137.623,478.83,1552.02,509.497,589.728,1977.271,412.448,43.59,1653.32,456.022,450.147,1659.05,945.704,431.03,1241.89,205.245,658.973,1484.139,-80.981,59.399,1432.501,70.613,481.035,1554.221,509.411,424.075,1272.49,135.938,482.821,1449.258,256.468,211.033,1332.32,152.029,404.393,1152.494,321.515,424.075,1272.49,135.938,435.888,1341.78,127.145,356.523,1286.091,152.358,441.824,1278.137,204.283,361.306,1725.66,1471.07,387.358,1890.146,1447.592,526.884,1701.934,1488.576,375.115,1699.834,1305.456,63.841,1565.11,1176.09,-172.867,1462.203,1327.372,203.146,1303.371,1216.013,182.46,1667.138,1431.094,62.881,1518.33,872.735,-190.883,1386.493,893.869,196.399,1267.466,910.999,63.778,1562.033,1156.131,47.435,1516.63,830.397,-2.816,1581.594,846.133,-12.961,1464.066,854.533,76.076,1519.769,908.902,641.036,1666.05,1164.98,763.286,1370.594,1195.28,906.202,1789.385,1297.769,507.248,1640.522,1455.852,623.042,1882.66,999.727,774.577,1754.912,815.78,846.287,1986.497,1111.523,640.862,1668.144,1163.385,631.543,1931.84,981.463,715.16,1936.087,1031.819,583.486,1968.628,1058.161,615.916,1841.429,1015.037,359.19,1850.49,1737.52,358.062,1823.555,1745.086,387.12,1848.966,1736.26,357.566,1842.993,1710.591,285.93,1785.464,1728.244,425.111,1774.053,1726.379,269.459,1651.712,1700.198,408.393,1627.545,1690.479,266.092,1690.953,1635.162,425.306,1687.48,1631.894,357.755,1825.623,1735.798,334.223,1592.411,1546.617,334.746,1567.714,1508.193,357.273,1525.584,1238.032,362.39,1732.514,1470.094,370.679,1779.876,1277.712,442.684,1507.875,1402.967,178.155,1673.971,1498.988,92.414,1644.18,1398.129,65.535,1608.443,1157.973,53.067,1577.116,958.59,96.466,1576.224,856.051,0.683,1492.477,887.614,37.22,1529.836,833.596,514.257,1640.993,1511.398,608.879,1616.228,1408.621,674.689,1692.744,1182.799,658.708,1840.358,1066.769,610.414,1922.382,1055.512,675.61,1855.769,962.815,646.092,1932.584,990.225,266.567,1758.378,1030.248,499.444,1727.538,1015.413,333.991,1529.073,1079.897,393.043,1521.059,1079.969,202.498,1784.664,746.457,253.335,1827.915,888.423,276.222,1884.668,723.871,244.906,1863.285,554.999,244.405,1888.727,363.01,304.528,1925.962,449.279,321.396,1933.51,345.963,290.717,1905.199,98.696,342.505,1849.714,75.924,329.654,2012.832,112.832,366.31,2068.116,84.807,285.962,2040.872,58.682,347.951,2113.722,77.436,557.701,1596.991,742.075,522.629,1728.385,839.235,506.959,1687.106,626.72,532.885,1536.832,523.486,524.386,1402.881,393.229,490.512,1513.501,396.556,475.951,1449.199,338.753,463.494,1216.47,210.918,410.17,1177.444,245.717,432.564,1286.404,122.424,386.681,1284.199,65.627,469.708,1245.027,74.715,407.898,1304.981,49.213,397.299,1783.576,1383.044,398.205,1778.233,1421.86,349.269,1792.256,1385.485,319.867,1503.156,1014.483,325.336,1506.849,1052.634,368.928,1496.334,1008.584,190.644,1805.007,675.276,181.288,1783.877,707.044,188.909,1846.879,701.606,234.124,1892.98,274.668,223.622,1887.228,313.019,248.365,1938.08,286.973,562.536,1559.085,653.961,566.561,1561.409,692.554,570.664,1606.684,648.615,517.824,1308.902,343.967,526.602,1336.563,370.22,527.742,1339.463,307.471,278.529,1675.61,960.801,460.739,1654.57,950.627,297.061,1860.96,540.981,478.83,1552.02,509.497,329.978,1912.81,109.383,431.03,1241.89,205.245,337.135,1987.97,104.375,424.075,1272.49,135.938,187.938,1671.85,1442.88,507.743,1640.62,1454.77,63.841,1565.11,1176.09,641.036,1666.05,1164.98,47.435,1516.63,830.397,631.543,1931.84,981.463,364.227,1676.61,1057.85,336.079,1931.273,94.378,37.92,1.163,-6.463,17.377,3.493,-12.07,2.044,-1.056,8.041,-36.723,1.93,3.845,1.361,-8.525,-8.405,33.464,1.854,-17.502,-11.722,-2.827,24.608,-41.406,5.492,8.576,-6.902,8.688,-3.672,-6.902,-8.688,3.672,-16.019,26.639,56.567,26.414,-0,-0,-15.042,14.59,74.898,7.054,-7.734,6.233,15.586,18.436,27.565,54.287,-0,0,6.963,20.202,86.147,7.054,7.734,-6.233,-97.653,4.568,-2.827,-32.887,15.416,-5.089,14.722,3.36,6.839,14.722,-3.36,-6.839,8.864,-4.71,8.942,8.864,4.71,-8.942,-15.557,3.325,2.313,-15.557,-3.325,-2.313,0,0,0,0,0,0,-0.235,0.078,2.035,-0.34,0.073,0.761,-0.238,-0.004,0.015,0.516,0.219,2.247,0.078,0.081,1.146,-0.359,0.062,0.04,0,0,0,0,0,0,204.145,-21.219,-0.155,21.77,3.376,0.471,-27.93,-2.264,0.692,-538.924,-6.684,52.158,119.699,-58.64,10.235,-36.489,-6.36,5.767,0,0,0.134,0,0,-0.056,0,0,0.019,0,0,1.444,0,0,-0.803,0,0,-0.2
32.22,369.095,1682.41,957.795,386.432,1859.285,911.302,186.988,1703.405,969.761,385.93,1727.369,1135.114,297.323,1875.47,542.719,301.755,2285.267,715.635,-147.404,1882.346,537.821,290.138,1702.634,952.511,330.469,1914.53,109.515,251.926,2353.441,135.734,-108.105,1838.226,73.053,299.118,1882.373,553.904,337.755,1989.57,102.949,320.199,1964.077,320.528,118.938,1981.177,84.31,348.226,1771.445,78.237,337.755,1989.57,102.949,334.436,2024.307,163.289,268.308,1992.232,97.597,332.784,1929.197,137.432,483.77,1583.05,506.384,600.228,2009.666,422.768,50.459,1689.965,448.37,448.641,1678.566,944.787,434.62,1264.31,214.118,665.267,1494.469,-79.815,64.851,1452.712,71.487,486.007,1586.955,507.082,427.258,1289.47,142.698,492.289,1473.696,247.851,216.033,1355.821,157.082,407.754,1185.145,337.535,427.258,1289.47,142.698,439.697,1357.515,127.431,359.877,1305.194,157.879,445.229,1301.326,210.184,360.962,1742.57,1473.13,387.218,1907.057,1449.891,526.481,1718.667,1490.951,375.089,1716.917,1307.516,64.477,1585.51,1176.16,-173.971,1483.519,1325.315,201.456,1322.421,1215.245,182.316,1684.953,1432.543,64.577,1540.46,872.628,-190.349,1410.582,891.816,195.865,1288.301,910.09,64.483,1582.55,1156.269,49.19,1538.84,830.264,-1.076,1603.786,846.026,-11.246,1486.247,854.236,77.721,1541.858,908.814,640.733,1679.21,1167.16,761.844,1383.605,1200.434,906.372,1802.852,1298.711,506.848,1657.124,1458.269,625.379,1892.72,997.494,776.611,1760.027,816.828,849.023,1996.815,1108.248,640.579,1681.354,1165.459,634.411,1941.3,978.165,717.908,1945.878,1028.69,586.483,1980.317,1053.836,617.78,1851.845,1013.756,358.029,1867.44,1739.31,356.886,1840.51,1746.892,385.965,1865.935,1738.176,356.53,1859.921,1712.38,284.787,1802.449,1729.839,423.952,1790.927,1728.482,268.307,1668.695,1701.848,407.196,1644.367,1692.641,265.18,1707.914,1636.784,425.064,1704.397,1634.106,356.619,1842.56,1737.602,333.52,1609.314,1548.353,334.178,1584.534,1509.919,357.213,1542.702,1239.867,362.055,1749.42,1472.157,370.891,1796.883,1279.869,442.228,1524.545,1404.993,177.724,1691.62,1500.359,92.214,1663.155,1398.781,66.813,1628.895,1158.263,54.669,1598.887,958.779,98.22,1598.399,856.149,2.343,1514.603,887.384,38.971,1552.036,833.468,513.583,1657.494,1513.956,608.355,1632.01,1411.387,674.392,1706.094,1184.684,660.352,1851.456,1065.509,613.003,1933.73,1052.349,677.765,1864.519,961.375,648.94,1942.1,986.956,266.352,1775.254,1033.075,498.481,1745.121,1016.842,334.656,1546.2,1082,394.43,1538.341,1081.676,202.479,1800.209,748.315,251.36,1844.258,890.406,275.2,1900.314,725.016,244.895,1877.415,556.198,244.37,1898.674,363.588,304.699,1937.54,448.943,321.771,1942.16,345.34,291.142,1906.985,98.952,342.369,1850.5,76.638,330.315,2014.923,110.892,366.885,2069.711,81.268,286.129,2042.091,56.764,348.908,2115.438,72.84,559.44,1621.302,740.788,523.113,1749.315,841.156,511.684,1714.902,627.379,536.981,1567.099,522.075,528.436,1430.962,396.186,495.586,1541.989,395.853,480.626,1475.829,340.097,467.02,1239.408,221.272,413.304,1204.725,260.277,435.871,1302.467,127.021,389.398,1295.332,70.228,471.696,1256.203,82.119,410.493,1313.658,49.03,397.21,1800.409,1385.207,398.074,1795.116,1424.027,349.21,1809.302,1387.623,321.151,1520.003,1016.253,327.175,1523.556,1054.331,369.934,1513.802,1009.655,190.468,1819.769,676.851,181.172,1798.756,708.728,188.474,1861.808,702.901,234.136,1900.642,275.088,223.54,1895.963,313.547,248.913,1945.863,286.23,565.18,1585.412,651.816,568.74,1586.674,690.467,573.687,1633.141,647.83,521.064,1335.414,350.723,529.897,1363.962,376.004,531.501,1364.477,313.127,277.978,1692.51,963.481,460.213,1672.31,952.109,297.323,1875.47,542.719,483.77,1583.05,506.384,330.469,1914.53,109.515,434.62,1264.31,214.118,337.755,1989.57,102.949,427.258,1289.47,142.698,187.71,1689.5,1444.28,507.29,1657.2,1457.31,64.477,1585.51,1176.16,640.733,1679.21,1167.16,49.19,1538.84,830.264,634.411,1941.3,978.165,364.716,1694.02,1059.62,336.342,1932.712,93.765,37.525,1.812,-6.938,18.68,3.331,-10.993,2.531,-1.008,7.582,-36.662,2.587,3.562,2.88,-9.502,-9.353,37.113,1.383,-17.169,-14.646,-2.803,24.408,-42.108,6.143,7.453,-6.997,9.073,-4.11,-6.997,-9.073,4.11,-15.555,26.59,56.856,26.319,-0,0,-15.368,14.311,74.459,7.15,-7.579,6.301,14.926,18.365,27.691,53.607,0,0,6.771,20.124,86.016,7.15,7.579,-6.301,-96.464,4.587,-2.731,-28.167,17.112,-5.043,14.692,3.735,6.576,14.692,-3.735,-6.576,8.805,-4.818,9.013,8.805,4.818,-9.013,-15.6,3.068,2.343,-15.6,-3.068,-2.343,0,0,0,0,0,0,-0.458,0.02,1.997,-0.389,0.058,0.709,-0.222,-0.007,0.011,-0.058,0.248,2.032,-0.127,0.076,0.888,-0.291,0.051,0.017,0,0,0,0,0,0,284.027,-22.194,-3.238,14.284,7.409,-0.281,-25.326,-2.248,0.014,-328.568,-36.033,54.988,105.553,-62.109,12.393,-45.638,-5.472,6.004,0,0,0.265,0,0,-0.026,0,0,0.025,0,0,0.93,0,0,-0.736,0,0,-0.203
32.23,368.504,1699.62,960.128,384.816,1876.629,913.774,186.38,1719.815,973.155,386.152,1744.419,1137.409,297.524,1888.53,544.162,299.338,2300.093,712.881,-147.201,1893.371,537.134,289.185,1719.87,955.669,331.067,1915.93,109.712,254.924,2355.808,124.167,-107.865,1841.108,74.505,298.816,1895.723,554.741,338.451,1990.84,101.977,320.909,1968.761,319.93,119.619,1982.448,83.514,348.629,1772.343,80.662,338.451,1990.84,101.977,336.077,2026.432,161.862,268.942,1993.626,97.566,333.805,1930.972,137.374,488.622,1614.95,503.869,610.944,2042.508,434.684,57.492,1728.264,441.886,447.158,1698.071,944.24,438.103,1288.73,223.15,669.984,1507.957,-78.079,69.324,1474.198,74.248,491.029,1620.558,505.386,430.779,1309.06,150.204,500.554,1498.619,241.989,221.156,1380.919,161.152,410.405,1218.898,351.9,430.779,1309.06,150.204,444.119,1375.497,129.561,363.502,1326.731,163.598,448.49,1326.143,216.63,360.847,1759.42,1475.35,387.28,1923.901,1452.271,526.32,1735.359,1493.388,375.187,1733.878,1309.738,65.326,1606.33,1176.34,-174.492,1504.373,1323.305,200.604,1342.126,1213.796,182.347,1702.808,1434.226,66.489,1563.85,872.538,-189.269,1435.309,889.53,196.144,1310.622,908.439,65.402,1603.554,1156.521,51.252,1562.4,830.143,0.983,1627.325,845.984,-9.304,1509.764,853.712,79.522,1565.097,908.799,640.452,1692.37,1169.45,760.675,1396.748,1205.666,906.52,1816.524,1299.645,506.619,1673.638,1460.817,627.899,1902.3,994.918,778.85,1764.278,818.049,851.904,2006.826,1104.53,640.32,1694.591,1167.607,637.439,1950.14,974.358,720.789,1955.312,1025.068,589.603,1991.647,1048.751,619.833,1861.846,1012.301,356.994,1884.4,1741.29,355.842,1857.476,1748.891,384.937,1882.92,1740.283,355.624,1876.856,1714.36,283.783,1819.44,1731.619,422.946,1807.835,1730.801,267.333,1685.671,1703.7,406.183,1661.22,1695.03,264.451,1724.853,1638.602,424.981,1721.36,1636.556,355.616,1859.52,1739.602,333.024,1626.18,1550.322,333.872,1601.31,1511.888,357.243,1559.676,1241.964,361.947,1766.265,1474.388,371.294,1813.749,1282.162,441.874,1541.161,1407.284,177.493,1709.338,1501.98,92.169,1682.398,1399.682,68.131,1649.839,1158.789,56.455,1621.669,959.125,100.258,1621.845,856.494,4.186,1538.003,887.023,41.033,1575.604,833.363,513.084,1673.923,1516.675,608.004,1647.82,1414.299,674.079,1719.498,1186.643,662.096,1862.268,1064.015,615.751,1944.735,1048.677,680.113,1872.679,959.763,651.942,1951.045,983.182,266.031,1791.999,1036.072,497.49,1762.581,1018.615,335.131,1563.242,1084.332,395.608,1555.497,1083.625,202.431,1815.413,750.224,249.821,1860.279,892.45,274.454,1915.218,725.821,244.886,1890.234,556.986,244.5,1907.294,363.938,304.842,1948.026,448.422,322.157,1949.852,344.68,291.701,1908.305,99.28,342.362,1851.049,77.142,331.046,2016.383,109.526,367.42,2070.764,78.553,286.243,2042.927,55.674,349.794,2116.53,69.437,561.074,1645.782,739.982,523.727,1770.322,843.538,516.348,1743.047,628.723,540.978,1598.259,521.289,532.6,1460.542,399.412,500.418,1571.784,395.802,485.125,1503.992,341.935,470.486,1264.351,231.51,416.218,1233.853,273.806,439.58,1321.167,132.427,392.91,1309.87,75.53,474.264,1270.61,90.357,414.089,1325.912,49.384,397.376,1817.11,1387.506,398.189,1811.902,1426.335,349.398,1826.254,1389.893,322.399,1536.692,1018.238,328.978,1540.043,1056.259,370.75,1531.084,1010.94,190.359,1833.934,678.366,181.086,1813.126,710.395,188.232,1876.175,704.041,234.383,1907.077,275.398,223.729,1903.362,313.906,249.43,1952.456,285.442,567.637,1612.107,650.153,570.803,1612.277,688.853,576.586,1659.904,647.56,524.406,1363.657,357.508,533.294,1393.005,381.868,535.225,1391.3,318.911,277.377,1709.32,966.345,459.63,1689.92,953.911,297.524,1888.53,544.162,488.622,1614.95,503.869,331.067,1915.93,109.712,438.103,1288.73,223.15,338.451,1990.84,101.977,430.779,1309.06,150.204,187.661,1707.19,1445.94,506.996,1673.69,1460,65.326,1606.33,1176.34,640.452,1692.37,1169.45,51.252,1562.4,830.143,637.439,1950.14,974.358,365.223,1711.4,1061.57,336.704,1933.716,93.334,36.942,2.436,-7.162,19.652,3.208,-10.424,3.18,-0.988,7.393,-36.597,3.317,3.24,4.497,-10.43,-10.304,40.718,0.786,-16.612,-16.918,-2.728,23.769,-42.598,6.44,6.422,-7.055,9.389,-4.509,-7.055,-9.389,4.509,-14.985,26.509,56.96,26.254,0,0,-15.558,14.013,74.229,7.228,-7.384,6.374,14.301,18.305,27.846,52.771,0,-0,6.516,19.95,85.896,7.228,7.384,-6.374,-95.572,4.583,-2.655,-24.086,18.41,-5.269,14.653,4.067,6.327,14.653,-4.067,-6.327,8.767,-4.891,9.076,8.767,4.891,-9.076,-15.648,2.804,2.36,-15.648,-2.804,-2.36,0,0,0,0,0,0,-0.686,-0.03,1.958,-0.426,0.044,0.656,-0.204,-0.008,0.007,-0.737,0.268,1.805,-0.341,0.051,0.565,-0.205,0.036,0,0,0,0,0,0,0,341.702,-23.267,-6.174,3.699,10.77,-0.967,-21.4,-2.151,-0.618,-74.417,-62.193,50.936,85.587,-59.821,12.708,-52.397,-4.043,5.042,0,0,0.425,0,0,-0.003,0,0,0.026,0,0,0.202,0,0,-0.61,0,0,-0.164
32.24,367.925,1716.69,962.68,383.333,1893.82,916.48,185.784,1736.153,976.558,386.201,1761.333,1139.936,297.751,1900.17,545.266,298.541,2313.927,708.538,-146.956,1904.349,536.827,288.367,1736.949,958.938,331.742,1917.06,109.913,256.222,2357.267,113.583,-107.249,1842.032,75.908,298.844,1907.704,555.255,339.204,1991.87,101.319,321.807,1972.296,319.523,120.348,1983.517,83.12,349.118,1773.133,82.487,339.204,1991.87,101.319,337.809,2028.038,160.889,269.644,1994.788,97.918,334.945,1932.355,137.354,493.26,1647.46,502.14,621.365,2075.51,448.128,64.443,1767.576,437.005,445.725,1717.463,944.175,441.36,1315.06,232.14,673.242,1524.706,-75.834,72.833,1497.35,78.756,496.015,1654.747,504.525,434.59,1331.41,158.149,507.368,1524.565,239.511,226.208,1407.334,164.301,412.104,1252.975,364.469,434.59,1331.41,158.149,449.118,1396.196,133.459,367.379,1350.761,169.378,451.605,1352.533,223.588,360.965,1776.19,1477.74,387.608,1940.649,1454.739,526.393,1751.934,1495.93,375.435,1750.684,1312.133,66.368,1627.56,1176.6,-174.486,1524.807,1321.299,200.524,1362.455,1211.649,182.551,1720.662,1436.101,68.616,1588.48,872.463,-187.678,1460.706,886.984,197.196,1334.388,906.057,66.514,1625.017,1156.865,53.625,1587.33,830.031,3.365,1652.225,846.02,-7.133,1534.631,852.932,81.473,1589.478,908.854,640.225,1705.51,1171.8,759.795,1409.993,1210.915,906.688,1830.361,1300.513,506.592,1690.044,1463.451,630.587,1911.4,992.037,781.255,1767.766,819.447,854.924,2016.513,1100.402,640.115,1707.833,1169.769,640.618,1958.4,970.115,723.809,1964.379,1020.998,592.863,2002.59,1043,622.064,1871.469,1010.665,356.116,1901.37,1743.45,354.958,1874.453,1751.073,384.064,1899.918,1742.568,354.872,1893.797,1716.522,282.943,1836.431,1733.579,422.117,1824.769,1733.314,266.551,1702.633,1705.756,405.376,1678.096,1697.64,263.916,1741.757,1640.617,425.014,1738.334,1639.219,354.77,1876.493,1741.782,332.733,1643.009,1552.517,333.782,1618.045,1514.089,357.354,1576.504,1244.3,362.074,1783.033,1476.781,371.901,1830.481,1284.574,441.608,1557.715,1409.816,177.462,1727.083,1503.832,92.292,1701.849,1400.812,69.47,1671.242,1159.537,58.425,1645.421,959.615,102.582,1646.534,857.098,6.208,1562.656,886.517,43.408,1600.525,833.281,512.79,1690.268,1519.512,607.832,1663.626,1417.293,673.783,1732.953,1188.626,663.951,1872.81,1062.303,618.66,1955.395,1044.544,682.626,1880.276,958.011,655.093,1959.44,978.969,265.64,1808.619,1039.171,496.555,1779.914,1020.75,335.444,1580.173,1086.86,396.529,1572.499,1085.822,202.465,1830.128,752.082,248.808,1876.04,894.383,274.088,1929.349,726.251,244.949,1901.787,557.414,244.817,1914.697,364.101,305.063,1957.448,447.735,322.6,1956.661,343.971,292.356,1909.255,99.639,342.466,1851.413,77.482,331.834,2017.333,108.584,367.923,2071.403,76.506,286.335,2043.466,55.185,350.609,2117.155,66.993,562.533,1670.251,739.784,524.445,1791.329,846.4,520.716,1771.359,630.839,544.823,1630.111,521.285,536.781,1491.379,402.959,504.937,1602.699,396.514,489.387,1533.525,344.317,473.742,1291.096,241.389,418.738,1264.332,285.907,443.679,1342.744,138.493,397.271,1328.251,81.284,477.502,1288.669,99.087,418.802,1342.283,50.478,397.814,1833.678,1389.936,398.559,1828.572,1428.779,349.85,1843.101,1392.285,323.554,1553.25,1020.459,330.635,1556.374,1058.435,371.366,1548.173,1012.494,190.39,1847.431,679.787,181.12,1826.929,712.02,188.234,1889.922,704.976,234.863,1912.386,275.618,224.189,1909.53,314.137,249.935,1957.967,284.63,569.837,1639.058,649.113,572.683,1638.128,687.858,579.317,1686.845,647.922,527.747,1393.384,364.242,536.697,1423.419,387.768,538.849,1419.747,324.779,276.791,1726.02,969.321,459.059,1707.36,956.038,297.751,1900.17,545.266,493.26,1647.46,502.14,331.742,1917.06,109.913,441.36,1315.06,232.14,339.204,1991.87,101.319,434.59,1331.41,158.149,187.797,1724.86,1447.82,506.881,1690.08,1462.82,66.368,1627.56,1176.6,640.225,1705.51,1171.8,53.625,1587.33,830.031,640.618,1958.4,970.115,365.756,1728.73,1063.7,337.15,1934.373,93.033,36.177,2.998,-7.163,20.297,3.126,-10.277,3.927,-0.992,7.433,-36.507,4.051,2.894,6.198,-11.268,-11.202,44.201,0.109,-15.926,-18.39,-2.611,22.754,-42.877,6.386,5.62,-7.075,9.623,-4.873,-7.075,-9.623,4.873,-14.312,26.405,56.874,26.222,-0,0,-15.606,13.709,74.189,7.288,-7.167,6.465,13.72,18.242,28.044,51.798,-0,-0,6.214,19.7,85.781,7.288,7.167,-6.465,-94.92,4.545,-2.586,-20.815,19.252,-5.817,14.608,4.332,6.099,14.608,-4.332,-6.099,8.755,-4.935,9.149,8.755,4.935,-9.149,-15.708,2.545,2.372,-15.708,-2.545,-2.372,0,0,0,0,0,0,-0.899,-0.07,1.918,-0.449,0.031,0.608,-0.185,-0.008,0.002,-1.469,0.276,1.593,-0.55,0.005,0.2,-0.105,0.018,-0.011,0,0,0,0,0,0,371.733,-27.493,-8.095,-6.896,11.967,-1.502,-16.98,-1.995,-1.123,209.957,-82.917,38.219,60.428,-50.011,10.683,-55.195,-2.213,2.827,0,0,0.572,0,0,0.007,0,0,0.023,0,0,-0.691,0,0,-0.431,0,0,-0.095
32.25,367.443,1733.56,965.417,382.106,1910.796,919.382,185.278,1752.381,979.855,386.089,1778.057,1142.671,298.071,1910.49,546.041,299.077,2326.751,702.818,-146.617,1915.045,536.8,287.817,1753.776,962.2,332.439,1918,110.088,256.104,2358.04,103.994,-106.386,1841.424,77.414,299.204,1918.403,555.503,339.977,1992.73,100.859,322.879,1974.998,319.244,121.085,1984.483,83.051,349.609,1773.832,83.84,339.977,1992.73,100.859,339.531,2029.248,160.23,270.38,1995.761,98.472,336.145,1933.434,137.301,497.58,1680.28,501.317,630.999,2108.396,462.966,71.054,1807.175,434.022,444.38,1736.575,944.663,444.307,1343.06,240.829,675.442,1544.572,-73.078,75.596,1522.456,84.504,500.85,1689.15,504.634,438.611,1356.51,166.167,512.693,1551.932,240.647,231.082,1434.976,166.709,412.748,1286.662,375.159,438.611,1356.51,166.167,454.553,1419.884,138.828,371.454,1377.229,175.034,454.54,1380.433,230.911,361.304,1792.82,1480.28,388.218,1957.239,1457.308,526.681,1768.306,1498.579,375.845,1767.303,1314.681,67.581,1649.08,1176.94,-174.01,1544.778,1319.283,201.149,1383.286,1208.876,182.907,1738.418,1438.14,70.95,1614.18,872.416,-185.616,1486.668,884.191,198.965,1359.427,903.026,67.799,1646.825,1157.281,56.291,1613.47,829.94,6.059,1678.325,846.18,-4.75,1560.696,851.897,83.568,1614.805,908.98,640.082,1718.61,1174.15,759.257,1423.324,1216.109,906.882,1844.354,1301.286,506.769,1706.291,1466.097,633.416,1920.03,988.929,783.819,1770.635,821.063,858.037,2025.895,1095.966,640.001,1721.051,1171.912,643.928,1966.08,965.535,726.965,1973.036,1016.544,596.276,2013.102,1036.695,624.445,1880.722,1008.892,355.416,1918.3,1745.77,354.251,1891.391,1753.423,383.369,1916.872,1745.006,354.292,1910.692,1718.847,282.287,1853.357,1735.704,421.478,1841.659,1735.988,265.968,1719.521,1708.008,404.784,1694.927,1700.45,263.577,1758.561,1642.819,425.123,1755.224,1642.057,354.1,1893.411,1744.119,332.637,1659.747,1554.922,333.856,1634.691,1516.504,357.534,1593.143,1246.841,362.424,1799.656,1479.323,372.704,1847.033,1287.092,441.423,1574.145,1412.548,177.621,1744.755,1505.888,92.586,1721.368,1402.152,70.817,1692.988,1160.491,60.57,1669.99,960.248,105.184,1672.299,857.967,8.397,1588.413,885.881,46.079,1626.653,833.241,512.713,1706.469,1522.423,607.824,1679.338,1420.303,673.531,1746.409,1190.597,665.916,1883.058,1060.411,621.718,1965.671,1040.028,685.268,1887.321,956.165,658.377,1967.285,974.411,265.23,1825.071,1042.29,495.759,1797.061,1023.243,335.63,1596.924,1089.55,397.179,1589.275,1088.253,202.65,1844.223,753.815,248.344,1891.516,896.037,274.16,1942.683,726.336,245.133,1912.176,557.574,245.295,1921.03,364.137,305.403,1965.859,446.926,323.098,1962.682,343.219,293.053,1909.932,100.005,342.648,1851.643,77.71,332.646,2017.892,107.93,368.385,2071.749,74.975,286.424,2043.788,55.083,351.339,2117.46,65.282,563.781,1694.518,740.268,525.228,1812.211,849.739,524.601,1799.618,633.761,548.468,1662.365,522.155,540.853,1523.112,406.848,509.104,1634.44,398.04,493.378,1564.15,347.246,476.671,1319.344,250.664,420.757,1295.595,296.279,448.114,1367.236,144.988,402.461,1350.608,87.192,481.462,1310.534,107.908,424.631,1363.007,52.427,398.518,1850.06,1392.491,399.171,1845.062,1431.348,350.557,1859.781,1394.786,324.557,1569.664,1022.923,332.04,1572.573,1060.864,371.797,1565.016,1014.367,190.596,1860.234,681.107,181.315,1840.14,713.591,188.503,1903.025,705.706,235.527,1916.716,275.781,224.862,1914.627,314.288,250.426,1962.535,283.824,571.759,1666.117,648.785,574.35,1664.09,687.568,581.863,1713.811,648.988,530.976,1424.227,370.827,539.997,1454.818,393.64,542.312,1449.507,330.666,276.297,1742.58,972.338,458.588,1724.55,958.495,298.071,1910.49,546.041,497.58,1680.28,501.317,332.439,1918,110.088,444.307,1343.06,240.829,339.977,1992.73,100.859,438.611,1356.51,166.167,188.106,1742.45,1449.91,506.945,1706.31,1465.71,67.581,1649.08,1176.94,640.082,1718.61,1174.15,56.291,1613.47,829.94,643.928,1966.08,965.535,366.327,1745.95,1065.97,337.647,1934.768,92.82,35.258,3.457,-6.982,20.651,3.077,-10.457,4.71,-1.016,7.665,-36.371,4.726,2.54,7.968,-11.973,-11.989,47.496,-0.594,-15.233,-19.002,-2.467,21.489,-43.005,6.048,5.087,-7.067,9.758,-5.205,-7.067,-9.758,5.205,-13.555,26.286,56.608,26.222,-0,0,-15.513,13.435,74.323,7.345,-6.944,6.574,13.184,18.172,28.301,50.711,-0,0,5.858,19.392,85.648,7.345,6.944,-6.574,-94.446,4.467,-2.512,-18.48,19.645,-6.694,14.559,4.508,5.899,14.559,-4.508,-5.899,8.759,-4.96,9.243,8.759,4.96,-9.243,-15.78,2.301,2.387,-15.78,-2.301,-2.387,0,0,0,0,0,0,-1.074,-0.097,1.875,-0.456,0.02,0.567,-0.169,-0.006,-0.002,-2.181,0.272,1.421,-0.735,-0.06,-0.17,-0.003,-0.002,-0.018,0,0,0,0,0,0,370.441,-34.601,-8.466,-15.038,10.314,-1.786,-12.856,-1.807,-1.401,508.982,-96.246,16.775,29.705,-32.348,6.491,-52.528,-0.212,-0.349,0,0,0.654,0,0,0.006,0,0,0.018,0,0,-1.673,0,0,-0.21,0,0,-0.021
32.26,367.129,1750.09,968.277,381.241,1927.412,922.403,184.927,1768.381,982.931,385.841,1794.463,1145.555,298.515,1919.65,546.541,300.767,2338.542,696.135,-146.151,1925.458,536.973,287.551,1770.152,965.329,333.105,1918.81,110.232,254.979,2358.328,95.43,-105.401,1839.815,79.071,299.824,1927.892,555.551,340.727,1993.47,100.513,324.057,1977.149,319.041,121.787,1985.416,83.21,350.021,1774.455,84.865,340.727,1993.47,100.513,341.153,2030.156,159.78,271.106,1996.573,99.092,337.34,1934.282,137.174,501.498,1712.91,501.45,639.429,2140.718,478.868,77.084,1846.136,433.049,443.164,1755.168,945.709,446.916,1372.29,248.916,677.204,1567.149,-69.778,77.975,1549.539,90.695,505.384,1723.262,505.759,442.736,1383.96,173.853,516.743,1580.657,244.976,235.784,1463.758,168.506,412.415,1319.402,383.944,442.736,1383.96,173.853,460.175,1446.374,145.248,375.628,1405.69,180.353,457.238,1409.459,238.331,361.833,1809.14,1482.94,389.1,1973.498,1459.948,527.15,1784.285,1501.323,376.4,1783.56,1317.353,68.941,1670.65,1177.35,-173.117,1564.149,1317.253,202.406,1404.385,1205.576,183.405,1755.899,1440.29,73.454,1640.59,872.42,-183.142,1512.9,881.21,201.377,1385.388,899.473,69.231,1668.72,1157.753,59.193,1640.45,829.897,9.043,1705.276,846.503,-2.216,1587.623,850.668,85.784,1640.711,909.181,640.035,1731.52,1176.48,759.046,1436.576,1221.22,907.111,1858.323,1301.973,507.13,1722.223,1468.725,636.343,1928.13,985.676,786.497,1772.973,822.892,861.197,2034.886,1091.33,639.987,1734.099,1173.977,647.329,1973.15,960.751,730.226,1981.2,1011.827,599.816,2023.081,1029.996,626.931,1889.558,1007.031,354.909,1935,1748.19,353.735,1908.102,1755.879,382.866,1933.592,1747.534,353.892,1927.351,1721.274,281.825,1870.054,1737.965,421.029,1858.333,1738.771,265.579,1736.176,1710.424,404.404,1711.546,1703.409,263.426,1775.108,1645.178,425.285,1771.849,1645.012,353.618,1910.11,1746.573,332.715,1676.244,1557.495,334.053,1651.1,1519.09,357.765,1609.459,1249.532,362.968,1815.981,1481.985,373.676,1863.271,1289.689,441.312,1590.299,1415.415,177.947,1762.156,1508.111,93.041,1740.699,1403.679,72.156,1714.827,1161.631,62.865,1695.044,961.022,108.035,1698.764,859.095,10.72,1614.922,885.156,48.998,1653.633,833.273,512.844,1722.376,1525.353,607.948,1694.776,1423.262,673.339,1759.73,1192.522,667.969,1892.934,1058.396,624.889,1975.475,1035.251,687.991,1893.802,954.291,661.753,1974.547,969.638,264.856,1841.222,1045.334,495.17,1813.867,1026.062,335.714,1613.349,1092.352,397.571,1605.679,1090.876,203.003,1857.581,755.39,248.388,1906.56,897.296,274.67,1955.18,726.153,245.456,1921.515,557.568,245.874,1926.441,364.103,305.847,1973.32,446.053,323.62,1968,342.453,293.735,1910.418,100.361,342.869,1851.785,77.869,333.444,2018.164,107.454,368.793,2071.907,73.833,286.519,2043.96,55.191,351.971,2117.567,64.108,564.816,1718.338,741.432,526.029,1832.749,853.51,527.887,1827.504,637.449,551.859,1694.564,523.893,544.67,1555.197,411.051,512.906,1666.523,400.347,497.073,1595.395,350.653,479.217,1348.627,259.1,422.255,1326.987,304.733,452.774,1394.33,151.616,408.352,1376.606,92.936,486.111,1335.938,116.405,431.423,1387.834,55.198,399.45,1866.121,1395.143,399.986,1861.229,1434.014,351.484,1876.143,1397.364,325.358,1585.828,1025.604,333.113,1588.56,1063.514,372.082,1581.475,1016.574,190.968,1872.329,682.337,181.665,1852.727,715.106,189.03,1915.453,706.268,236.296,1920.232,275.912,225.658,1918.831,314.401,250.888,1966.311,283.056,573.424,1693.02,649.178,575.81,1689.911,687.99,584.223,1740.548,650.758,533.977,1455.637,377.132,543.082,1486.64,399.386,545.554,1480.072,336.466,275.965,1758.84,975.306,458.292,1741.35,961.248,298.515,1919.65,546.541,501.498,1712.91,501.45,333.105,1918.81,110.232,446.916,1372.29,248.916,340.727,1993.47,100.513,442.736,1383.96,173.853,188.572,1759.75,1452.16,507.171,1722.23,1468.63,68.941,1670.65,1177.35,640.035,1731.52,1176.48,59.193,1640.45,829.897,647.329,1973.15,960.751,366.941,1762.91,1068.35,338.156,1934.974,92.661,34.24,3.789,-6.651,20.768,3.056,-10.876,5.471,-1.055,8.031,-36.168,5.3,2.184,9.779,-12.512,-12.622,50.526,-1.27,-14.662,-18.846,-2.315,20.124,-42.967,5.586,4.786,-7.032,9.782,-5.499,-7.032,-9.782,5.499,-12.73,26.159,56.175,26.252,-0,-0,-15.3,13.21,74.629,7.399,-6.73,6.704,12.695,18.096,28.616,49.547,-0,0,5.454,19.045,85.492,7.399,6.73,-6.704,-94.086,4.354,-2.423,-17.081,19.677,-7.855,14.508,4.575,5.733,14.508,-4.575,-5.733,8.781,-4.968,9.366,8.781,4.968,-9.366,-15.865,2.081,2.405,-15.865,-2.081,-2.405,0,0,0,0,0,0,-1.188,-0.11,1.829,-0.446,0.012,0.536,-0.154,-0.004,-0.004,-2.79,0.257,1.307,-0.884,-0.136,-0.504,0.093,-0.023,-0.026,0,0,0,0,0,0,338.461,-40.851,-7.375,-18.331,6.671,-1.754,-9.656,-1.616,-1.376,800.706,-101.179,-10.854,-7,-8.87,0.945,-44.446,1.698,-4.061,0,0,0.64,0,0,-0,0,0,0.013,0,0,-2.619,0,0,0.024,0,0,0.027
32.27,367.013,1766.01,971.174,380.783,1943.401,925.46,184.763,1783.904,985.712,385.505,1810.273,1148.503,299.072,1927.72,546.84,303.391,2349.196,688.941,-145.564,1935.502,537.271,287.519,1785.766,968.229,333.692,1919.52,110.355,253.21,2358.287,87.889,-104.402,1837.651,80.858,300.598,1936.24,555.466,341.413,1994.11,100.233,325.265,1978.941,318.883,122.417,1986.335,83.52,350.302,1775.002,85.689,341.413,1994.11,100.233,342.591,2030.841,159.462,271.781,1997.237,99.679,338.464,1934.952,136.979,504.954,1744.71,502.476,646.382,2171.913,495.355,82.337,1883.478,433.97,442.123,1772.924,947.236,449.203,1402,256.103,679.199,1591.637,-65.934,80.366,1578.133,96.402,509.446,1756.377,507.809,446.838,1412.95,180.854,519.741,1610.116,251.82,240.317,1493.279,169.832,411.349,1350.514,390.777,446.838,1412.95,180.854,465.688,1474.917,152.173,379.762,1435.325,185.112,459.622,1438.975,245.485,362.509,1824.89,1485.66,390.199,1989.169,1462.613,527.757,1799.625,1504.108,377.067,1799.208,1320.088,70.383,1691.85,1177.84,-171.952,1582.74,1315.228,204.069,1425.291,1201.95,184,1772.77,1442.51,76.069,1667.08,872.497,-180.403,1538.962,878.113,204.2,1411.595,895.605,70.748,1690.258,1158.256,62.239,1667.65,829.928,12.227,1732.451,847.037,0.397,1614.803,849.318,88.076,1666.594,909.455,640.091,1744.02,1178.74,759.168,1449.524,1226.171,907.361,1872.034,1302.581,507.635,1737.576,1471.265,639.296,1935.61,982.409,789.248,1774.87,824.943,864.313,2043.386,1086.671,640.08,1746.756,1175.936,650.742,1979.56,955.937,733.52,1988.765,1007.011,603.406,2032.366,1023.14,629.469,1897.876,1005.137,354.595,1951.18,1750.66,353.407,1924.294,1758.389,382.555,1949.784,1750.1,353.672,1943.486,1723.754,281.552,1886.225,1740.304,420.757,1874.489,1741.583,265.37,1752.306,1712.937,404.215,1727.652,1706.429,263.44,1791.113,1647.628,425.487,1787.909,1647.996,353.321,1926.286,1749.079,332.934,1692.215,1560.159,334.336,1666.991,1521.773,358.03,1625.192,1252.289,363.661,1831.733,1484.7,374.764,1878.93,1292.314,441.266,1605.902,1418.322,178.406,1778.96,1510.436,93.63,1759.439,1405.348,73.468,1736.315,1162.918,65.256,1720.005,961.927,111.062,1725.276,860.45,13.115,1641.553,884.402,52.072,1680.819,833.406,513.152,1737.721,1528.231,608.163,1709.651,1426.092,673.212,1772.674,1194.366,670.064,1902.286,1056.341,628.099,1984.66,1030.381,690.727,1899.676,952.467,665.145,1981.156,964.824,264.563,1856.809,1048.205,494.826,1830.048,1029.119,335.714,1629.187,1095.187,397.739,1621.455,1093.601,203.501,1870.062,756.801,248.846,1920.901,898.12,275.554,1966.744,725.8,245.902,1929.874,557.487,246.484,1931.053,364.049,306.343,1979.871,445.174,324.126,1972.671,341.705,294.35,1910.782,100.7,343.092,1851.868,77.987,334.186,2018.244,107.085,369.136,2071.96,72.98,286.621,2044.035,55.377,352.493,2117.569,63.314,565.666,1741.333,743.187,526.801,1852.578,857.601,530.534,1854.513,641.758,554.937,1726.005,526.384,548.085,1586.836,415.465,516.331,1698.2,403.302,500.444,1626.511,354.388,481.381,1378.212,266.484,423.294,1357.712,311.222,457.494,1423.236,158.035,414.697,1405.314,98.216,491.3,1364.037,124.19,438.857,1415.871,58.591,400.547,1881.602,1397.832,400.942,1876.809,1436.713,352.569,1891.913,1399.959,325.925,1601.498,1028.423,333.813,1604.109,1066.308,372.273,1597.29,1019.068,191.467,1883.643,683.489,182.129,1864.588,716.554,189.769,1927.114,706.711,237.086,1923.091,276.029,226.477,1922.305,314.501,251.305,1969.431,282.352,574.874,1719.297,650.223,577.089,1715.134,689.044,586.395,1766.607,653.145,536.656,1486.811,382.988,545.852,1518.08,404.858,548.514,1510.658,342.02,275.826,1774.56,978.145,458.2,1757.46,964.203,299.072,1927.72,546.84,504.954,1744.71,502.476,333.692,1919.52,110.355,449.203,1402,256.103,341.413,1994.11,100.233,446.838,1412.95,180.854,189.155,1776.44,1454.52,507.525,1737.57,1471.51,70.383,1691.85,1177.84,640.091,1744.02,1178.74,62.239,1667.65,829.928,650.742,1979.56,955.937,367.594,1779.33,1070.78,338.639,1935.056,92.536,33.175,3.994,-6.212,20.709,3.054,-11.459,6.168,-1.102,8.479,-35.908,5.748,1.839,11.589,-12.875,-13.076,53.229,-1.878,-14.32,-18.065,-2.174,18.835,-42.829,5.131,4.606,-6.972,9.706,-5.747,-6.972,-9.706,5.747,-11.858,26.034,55.627,26.307,0,0,-14.997,13.059,75.051,7.448,-6.531,6.847,12.257,18.02,28.982,48.344,0,-0,5.026,18.678,85.31,7.448,6.531,-6.847,-93.798,4.217,-2.318,-16.564,19.443,-9.204,14.456,4.539,5.607,14.456,-4.539,-5.607,8.817,-4.966,9.512,8.817,4.966,-9.512,-15.958,1.889,2.432,-15.958,-1.889,-2.432,0,0,0,0,0,0,-1.219,-0.109,1.779,-0.418,0.005,0.518,-0.143,-0.002,-0.006,-3.211,0.233,1.259,-0.988,-0.21,-0.761,0.171,-0.043,-0.039,0,0,0,0,0,0,275.172,-42.077,-5.015,-15.064,1.827,-1.403,-7.628,-1.447,-1.034,1062.96,-97.766,-39.901,-50.526,16.539,-4.807,-31.448,3.284,-7.667,0,0,0.52,0,0,-0.005,0,0,0.01,0,0,-3.368,0,0,0.239,0,0,0.039
32.28,367.109,1780.88,973.974,380.736,1958.318,928.403,184.799,1798.505,988.083,385.11,1825.059,1151.375,299.696,1934.74,547.017,306.674,2358.581,681.788,-144.893,1945.04,537.642,287.642,1800.182,970.812,334.167,1920.15,110.463,251.125,2358.053,81.422,-103.474,1835.315,82.678,301.411,1943.44,555.304,342.004,1994.68,99.995,326.411,1980.496,318.752,122.95,1987.254,83.899,350.435,1775.494,86.384,342.004,1994.68,99.995,343.79,2031.378,159.23,272.369,1997.779,100.175,339.465,1935.499,136.736,507.9,1774.69,504.224,651.729,2201.085,511.683,86.673,1917.962,436.429,441.295,1789.375,949.087,451.189,1431.05,262.141,681.824,1616.819,-61.689,82.993,1607.146,100.927,512.891,1787.489,510.561,450.765,1442.17,186.88,521.922,1639.132,260.146,244.636,1522.642,170.74,409.863,1379.278,395.679,450.765,1442.17,186.88,470.794,1504.164,159.069,383.695,1464.851,189.136,461.644,1467.864,251.991,363.264,1839.66,1488.32,391.405,2003.853,1465.201,528.439,1813.955,1506.812,377.784,1813.861,1322.763,71.818,1712.03,1178.38,-170.721,1600.27,1313.256,205.799,1445.271,1198.27,184.648,1788.557,1444.688,78.686,1692.69,872.661,-177.618,1564.135,875.037,207.103,1437.015,891.725,72.258,1710.794,1158.764,65.287,1694.06,830.046,15.482,1758.851,847.788,2.965,1641.251,847.945,90.359,1691.498,909.783,640.237,1755.76,1180.87,759.565,1461.785,1230.838,907.62,1885.071,1303.109,508.235,1751.943,1473.646,642.171,1942.33,979.276,791.97,1776.394,827.143,867.283,2051.198,1082.19,640.268,1758.667,1177.728,654.044,1985.21,951.313,736.733,1995.571,1002.309,606.92,2040.735,1016.442,631.969,1905.491,1003.304,354.455,1966.38,1753.08,353.253,1939.506,1760.849,382.416,1964.99,1752.6,353.609,1958.642,1726.184,281.446,1901.413,1742.625,420.637,1889.663,1744.315,265.314,1767.457,1715.437,404.185,1742.785,1709.382,263.585,1806.134,1650.066,425.72,1802.958,1650.886,353.191,1941.482,1751.539,333.254,1707.217,1562.799,334.673,1681.923,1524.438,358.305,1639.927,1254.994,364.435,1846.487,1487.365,375.895,1893.593,1294.878,441.272,1620.527,1421.14,178.951,1794.69,1512.763,94.309,1777.013,1407.087,74.717,1756.775,1164.291,67.651,1744.011,962.927,114.141,1750.875,861.961,15.488,1667.352,883.683,55.162,1707.225,833.653,513.586,1752.092,1530.96,608.428,1723.541,1428.706,673.148,1784.866,1196.086,672.12,1910.888,1054.352,631.234,1993.013,1025.638,693.381,1904.868,950.781,668.432,1987.005,960.186,264.381,1871.42,1050.8,494.725,1845.169,1032.266,335.648,1644.023,1097.944,397.732,1636.199,1096.293,204.084,1881.453,758.053,249.591,1934.144,898.554,276.691,1977.195,725.369,246.427,1937.241,557.396,247.057,1934.945,364.002,306.83,1985.516,444.345,324.576,1976.707,341.015,294.861,1911.067,101.013,343.289,1851.915,78.085,334.837,2018.211,106.785,369.409,2071.966,72.341,286.729,2044.051,55.562,352.902,2117.528,62.785,566.368,1762.928,745.359,527.504,1871.154,861.822,532.568,1879.892,646.427,557.637,1755.692,529.396,550.982,1616.939,419.898,519.356,1728.404,406.665,503.444,1656.414,358.221,483.192,1407.016,272.65,423.985,1386.777,315.834,462.06,1452.608,163.902,421.128,1435.163,102.783,496.744,1393.342,130.936,446.459,1445.518,62.267,401.723,1896.096,1400.46,401.959,1891.389,1439.347,353.728,1906.665,1402.476,326.251,1616.254,1031.249,334.148,1618.803,1069.111,372.417,1612.05,1021.727,192.034,1893.999,684.56,182.65,1875.507,717.913,190.638,1937.803,707.08,237.817,1925.42,276.14,227.235,1925.176,314.599,251.663,1972.002,281.735,576.148,1744.203,651.765,578.212,1739.039,690.574,588.359,1791.269,655.96,538.941,1516.646,388.203,548.224,1548.045,409.867,551.129,1540.153,347.119,275.894,1789.3,980.73,458.324,1772.47,967.218,299.696,1934.74,547.017,507.9,1774.69,504.224,334.167,1920.15,110.463,451.189,1431.05,262.141,342.004,1994.68,99.995,450.765,1442.17,186.88,189.809,1792.06,1456.87,507.97,1751.93,1474.24,71.818,1712.03,1178.38,640.237,1755.76,1180.87,65.287,1694.06,830.046,654.044,1985.21,951.313,368.262,1794.77,1073.15,339.063,1935.063,92.435,32.134,4.074,-5.703,20.536,3.068,-12.134,6.773,-1.152,8.957,-35.609,6.062,1.512,13.334,-13.057,-13.353,55.546,-2.39,-14.252,-16.882,-2.056,17.747,-42.598,4.793,4.473,-6.897,9.536,-5.939,-6.897,-9.536,5.939,-10.98,25.924,55.054,26.385,-0,0,-14.645,13.001,75.525,7.493,-6.355,6.993,11.869,17.95,29.375,47.159,0,0,4.601,18.305,85.107,7.493,6.355,-6.993,-93.553,4.072,-2.198,-16.763,19.045,-10.623,14.407,4.405,5.522,14.407,-4.405,-5.522,8.858,-4.953,9.668,8.858,4.953,-9.668,-16.05,1.731,2.462,-16.05,-1.731,-2.462,0,0,0,0,0,0,-1.154,-0.094,1.728,-0.374,-0,0.512,-0.136,-0.001,-0.006,-3.374,0.201,1.267,-1.041,-0.27,-0.906,0.222,-0.061,-0.059,0,0,0,0,0,0,182.646,-36.698,-1.822,-5.064,-3.152,-0.794,-6.726,-1.32,-0.425,1268.89,-86.637,-65.019,-99.617,39.569,-9.882,-15.101,4.371,-10.765,0,0,0.321,0,0,-0.003,0,0,0.007,0,0,-3.735,0,0,0.396,0,0,0.016
32.29,367.365,1794.16,976.538,381.016,1971.625,931.08,184.993,1811.64,990.016,384.711,1838.287,1154.017,300.319,1940.65,547.132,310.23,2366.516,675.168,-144.202,1953.733,538.028,287.837,1812.899,973.016,334.52,1920.68,110.565,249.141,2357.738,76.072,-102.701,1833.204,84.392,302.154,1949.441,555.114,342.48,1995.16,99.795,327.411,1981.836,318.642,123.372,1988.114,84.278,350.437,1775.907,86.994,342.48,1995.16,99.795,344.729,2031.791,159.055,272.846,1998.201,100.558,340.296,1935.935,136.487,510.298,1801.61,506.41,655.545,2227.096,526.891,90.044,1948.275,439.849,440.697,1803.966,951.05,452.89,1457.94,266.884,685.087,1641.044,-57.347,85.852,1634.866,103.947,515.627,1815.345,513.651,454.332,1469.84,191.757,523.435,1666.081,268.826,248.586,1550.316,171.319,408.3,1404.737,398.803,454.332,1469.84,191.757,475.204,1532.192,165.403,387.232,1492.538,192.316,463.268,1494.639,257.507,364.024,1852.84,1490.8,392.607,2016.944,1467.594,529.128,1826.701,1509.318,378.487,1826.912,1325.258,73.174,1730.31,1178.93,-169.48,1615.968,1311.413,207.554,1463.48,1194.765,185.281,1802.66,1446.707,81.159,1716.16,872.9,-174.926,1587.149,872.18,209.955,1460.416,888.078,73.687,1729.391,1159.244,68.156,1718.37,830.245,18.605,1783.156,848.7,5.349,1665.656,846.666,92.51,1714.24,910.138,640.443,1766.26,1182.79,760.113,1472.823,1235.052,907.88,1896.836,1303.558,508.86,1764.78,1475.776,644.828,1948.12,976.446,794.51,1777.606,829.343,869.985,2058.053,1078.122,640.517,1769.35,1179.28,657.076,1989.97,947.123,739.704,2001.425,997.984,610.177,2047.934,1010.259,634.304,1912.159,1001.643,354.451,1979.99,1755.33,353.233,1953.128,1763.137,382.413,1978.602,1754.915,353.666,1972.212,1728.443,281.471,1915.014,1744.801,420.633,1903.25,1746.824,265.374,1781.027,1717.78,404.267,1756.338,1712.106,263.815,1819.583,1652.352,425.969,1816.413,1653.531,353.193,1955.091,1753.822,333.624,1720.654,1565.261,335.029,1695.301,1526.932,358.568,1653.099,1257.5,365.214,1859.674,1489.835,376.978,1906.693,1297.253,441.311,1633.605,1423.719,179.52,1808.726,1514.961,95.014,1792.702,1408.785,75.854,1775.311,1165.654,69.921,1765.927,963.956,117.088,1774.312,863.516,17.709,1691.052,883.061,58.082,1731.538,833.997,514.083,1764.936,1533.42,608.701,1735.91,1431.005,673.136,1795.81,1197.621,674.029,1918.445,1052.544,634.137,2000.271,1021.287,695.828,1909.277,949.32,671.453,1991.963,955.973,264.309,1884.492,1053.024,494.823,1858.652,1035.297,335.537,1657.297,1100.479,397.604,1649.364,1098.786,204.683,1891.439,759.135,250.472,1945.804,898.695,277.919,1986.263,724.937,246.968,1943.521,557.329,247.544,1938.148,363.977,307.257,1990.216,443.614,324.946,1980.077,340.416,295.249,1911.299,101.291,343.445,1851.94,78.168,335.372,2018.128,106.538,369.613,2071.959,71.868,286.832,2044.037,55.704,353.201,2117.48,62.437,566.952,1782.321,747.699,528.108,1887.76,865.902,534.053,1902.643,651.085,559.893,1782.357,532.601,553.293,1644.146,424.074,521.932,1755.77,410.108,506.009,1683.695,361.864,484.684,1433.599,277.495,424.444,1412.961,318.794,466.222,1480.588,168.91,427.195,1464.026,106.469,502.037,1421.772,136.415,453.657,1474.548,65.822,402.872,1909.051,1402.89,402.948,1904.416,1441.779,354.858,1919.833,1404.79,326.363,1629.51,1033.904,334.179,1632.051,1071.747,372.54,1625.206,1024.354,192.6,1903.1,685.526,183.166,1885.141,719.139,191.535,1947.201,707.397,238.435,1927.302,276.246,227.87,1927.52,314.693,251.956,1974.088,281.222,577.261,1766.712,653.576,579.189,1760.637,692.353,590.071,1813.535,658.928,540.795,1543.751,392.59,550.15,1575.172,414.202,553.339,1567.128,351.538,276.12,1802.5,982.978,458.61,1785.82,970.098,300.319,1940.65,547.132,510.298,1801.61,506.41,334.52,1920.68,110.565,452.89,1457.94,266.884,342.48,1995.16,99.795,454.332,1469.84,191.757,190.464,1806,1459.09,508.444,1764.77,1476.7,73.174,1730.31,1178.93,640.443,1766.26,1182.79,68.156,1718.37,830.245,657.076,1989.97,947.123,368.905,1808.61,1075.35,339.409,1935.034,92.353,31.182,4.059,-5.182,20.306,3.092,-12.81,7.27,-1.199,9.402,-35.309,6.262,1.221,14.928,-13.092,-13.483,57.428,-2.794,-14.427,-15.529,-1.969,16.934,-42.321,4.619,4.33,-6.817,9.308,-6.076,-6.817,-9.308,6.076,-10.146,25.826,54.483,26.468,-0,0,-14.278,13.028,76.026,7.529,-6.205,7.131,11.537,17.892,29.759,46.065,-0,0,4.196,17.941,84.906,7.529,6.205,-7.131,-93.341,3.934,-2.075,-17.455,18.565,-11.974,14.366,4.207,5.475,14.366,-4.207,-5.475,8.902,-4.933,9.822,8.902,4.933,-9.822,-16.135,1.606,2.494,-16.135,-1.606,-2.494,0,0,0,0,0,0,-0.988,-0.068,1.678,-0.317,-0.004,0.516,-0.131,0,-0.005,-3.239,0.167,1.312,-1.039,-0.302,-0.917,0.238,-0.074,-0.082,0,0,0,0,0,0,65.596,-25.358,1.721,10.018,-7.491,-0.038,-6.689,-1.245,0.348,1385.3,-69.285,-81.221,-149.29,56.185,-13.622,2.09,4.853,-13.006,0,0,0.097,0,0,0.004,0,0,0.005,0,0,-3.555,0,0,0.459,0,0,-0.019
32.3,367.708,1805.21,978.702,381.486,1982.691,933.341,185.28,1822.636,991.474,384.35,1849.298,1156.258,300.872,1945.35,547.221,313.595,2372.813,669.559,-143.568,1961.108,538.38,288.042,1823.366,974.782,334.754,1921.11,110.656,247.406,2357.423,71.923,-102.105,1831.452,85.869,302.765,1954.146,554.936,342.832,1995.54,99.636,328.209,1982.925,318.556,123.678,1988.863,84.613,350.345,1776.234,87.501,342.832,1995.54,99.636,345.401,2032.105,158.925,273.201,1998.508,100.824,340.931,1936.27,136.272,512.129,1824.07,508.667,658.012,2248.683,539.923,92.467,1973.048,443.519,440.318,1816.042,952.89,454.283,1480.93,270.306,688.59,1662.382,-53.336,88.694,1659.186,105.571,517.633,1838.517,516.653,457.339,1493.91,195.406,524.4,1689.132,276.749,251.945,1574.37,171.636,406.925,1425.791,400.452,457.339,1493.91,195.406,478.706,1556.761,170.686,390.181,1516.43,194.616,464.496,1517.585,261.785,364.71,1863.82,1492.92,393.675,2027.845,1469.634,529.754,1837.304,1511.44,379.101,1837.779,1327.39,74.341,1745.68,1179.46,-168.41,1629.153,1309.846,209.041,1478.825,1191.752,185.853,1814.358,1448.449,83.311,1736.1,873.18,-172.591,1606.77,869.73,212.415,1480.332,884.961,74.92,1745.061,1159.664,70.64,1739.08,830.496,21.348,1803.861,849.652,7.397,1686.493,845.599,94.386,1733.495,910.484,640.673,1775,1184.4,760.742,1482.078,1238.598,908.101,1906.734,1303.922,509.437,1775.446,1477.545,647.103,1952.77,974.087,796.724,1778.514,831.374,872.253,2063.677,1074.714,640.79,1778.262,1180.547,659.654,1993.73,943.621,742.245,2006.131,994.32,612.963,2053.699,1005.015,636.327,1917.602,1000.242,354.536,1991.33,1757.26,353.305,1964.478,1765.098,382.499,1989.941,1756.893,353.795,1983.518,1730.382,281.576,1926.346,1746.68,420.704,1914.568,1748.957,265.501,1792.336,1719.8,404.409,1767.631,1714.422,264.074,1830.79,1654.326,426.21,1827.612,1655.766,353.28,1966.428,1755.778,333.99,1731.854,1567.377,335.369,1706.455,1529.081,358.795,1664.063,1259.641,365.916,1870.648,1491.948,377.922,1917.591,1299.29,441.364,1644.493,1425.898,180.049,1820.383,1516.871,95.667,1805.723,1410.305,76.817,1790.903,1166.889,71.905,1784.471,964.919,119.68,1794.181,864.964,19.628,1711.21,882.576,60.619,1752.253,834.39,514.57,1775.628,1535.481,608.948,1746.166,1432.889,673.158,1804.947,1198.902,675.667,1924.635,1051.031,636.622,2006.155,1017.605,697.921,1912.786,948.153,674.025,1995.894,952.443,264.325,1895.384,1054.794,495.044,1869.847,1037.966,335.408,1668.359,1102.63,397.416,1660.319,1100.906,205.225,1899.636,760.024,251.337,1955.369,898.664,279.065,1993.631,724.56,247.46,1948.56,557.296,247.916,1940.653,363.972,307.591,1993.905,443.02,325.226,1982.726,339.937,295.514,1911.488,101.524,343.554,1851.951,78.239,335.777,2018.039,106.346,369.755,2071.954,71.53,286.922,2044.014,55.796,353.404,2117.442,62.217,567.428,1798.56,749.916,528.589,1901.581,869.514,535.072,1921.624,655.293,561.653,1804.603,535.613,555.005,1666.964,427.679,523.994,1778.774,413.258,508.063,1706.767,365.012,485.868,1456.301,281.012,424.763,1434.909,320.437,469.727,1505.027,172.836,432.423,1489.477,109.2,506.712,1446.913,140.515,459.865,1500.381,68.877,403.887,1919.837,1404.967,403.816,1915.256,1443.854,355.854,1930.778,1406.756,326.321,1640.588,1036.19,334.011,1643.156,1074.019,372.652,1636.128,1026.706,193.101,1910.576,686.341,183.62,1893.079,720.172,192.349,1954.922,707.663,238.906,1928.771,276.34,228.35,1929.361,314.777,252.179,1975.715,280.826,578.194,1785.627,655.383,580.003,1778.782,694.113,591.471,1832.236,661.71,542.204,1566.587,396.002,551.61,1597.956,417.671,555.089,1589.981,355.072,276.436,1813.53,984.788,458.979,1796.89,972.615,300.872,1945.35,547.221,512.129,1824.07,508.667,334.754,1921.11,110.656,454.283,1480.93,270.306,342.832,1995.54,99.636,457.339,1493.91,195.406,191.061,1817.57,1461.01,508.892,1775.45,1478.76,74.341,1745.68,1179.46,640.673,1775,1184.4,70.64,1739.08,830.496,659.654,1993.73,943.621,369.472,1820.16,1077.24,339.665,1934.995,92.292,30.377,3.983,-4.708,20.067,3.119,-13.419,7.649,-1.239,9.784,-35.047,6.364,0.98,16.268,-13.025,-13.507,58.85,-3.088,-14.751,-14.231,-1.913,16.401,-42.063,4.596,4.171,-6.736,9.062,-6.157,-6.736,-9.062,6.157,-9.415,25.75,53.994,26.551,0,0,-13.95,13.104,76.473,7.557,-6.088,7.248,11.268,17.854,30.103,45.129,0,0,3.86,17.621,84.722,7.557,6.088,-7.248,-93.167,3.817,-1.959,-18.377,18.082,-13.134,14.331,3.987,5.457,14.331,-3.987,-5.457,8.941,-4.909,9.954,8.941,4.909,-9.954,-16.205,1.516,2.52,-16.205,-1.516,-2.52,0,0,0,0,0,0,-0.727,-0.033,1.631,-0.249,-0.007,0.529,-0.13,0,-0.003,-2.806,0.134,1.369,-0.983,-0.302,-0.795,0.219,-0.082,-0.105,0,0,0,0,0,0,-63.024,-11.58,5.101,26.214,-10.89,0.689,-7.057,-1.225,1.106,1382.54,-47.623,-85.649,-191.303,64.104,-15.573,17.247,4.703,-14.033,0,0,-0.083,0,0,0.011,0,0,0.003,0,0,-2.822,0,0,0.417,0,0,-0.045
32.31,368.038,1813.45,980.328,381.981,1990.936,935.039,185.568,1830.884,992.475,384.072,1857.513,1157.946,301.296,1948.72,547.293,316.317,2377.313,665.344,-143.065,1966.671,538.664,288.217,1831.079,976.062,334.893,1921.42,110.732,246.215,2357.188,68.998,-101.719,1830.295,86.97,303.196,1957.498,554.796,343.067,1995.81,99.524,328.771,1983.735,318.496,123.879,1989.432,84.863,350.227,1776.465,87.896,343.067,1995.81,99.524,345.84,2032.319,158.838,273.439,1998.711,100.994,341.368,1936.503,136.109,513.393,1840.84,510.608,659.425,2264.739,549.839,94.036,1991.219,446.725,440.116,1825.014,954.382,455.326,1498.44,272.512,691.712,1679.009,-50.11,91.126,1678.068,106.198,518.952,1855.787,519.135,459.603,1512.44,197.856,524.952,1706.638,282.956,254.488,1592.894,171.769,405.91,1441.45,401.087,459.603,1512.44,197.856,481.189,1575.767,174.584,392.38,1534.709,196.1,465.349,1535.06,264.738,365.25,1872.01,1494.52,394.498,2035.975,1471.165,530.25,1845.214,1513.025,379.57,1845.879,1328.998,75.232,1757.24,1179.89,-167.596,1639.068,1308.641,210.163,1490.39,1189.451,186.295,1823.068,1449.776,84.974,1751.19,873.446,-170.791,1621.664,867.873,214.3,1495.427,882.609,75.865,1756.85,1159.992,72.547,1754.81,830.739,23.485,1819.58,850.511,8.957,1702.351,844.792,95.835,1748.019,910.769,640.879,1781.52,1185.62,761.296,1489.016,1241.282,908.277,1914.166,1304.198,509.901,1783.404,1478.875,648.838,1956.14,972.331,798.427,1779.14,833,873.962,2067.816,1072.163,641.034,1784.914,1181.471,661.61,1996.42,941.011,744.182,2009.546,991.559,615.085,2057.868,1001.053,637.885,1921.605,999.194,354.652,1999.79,1758.73,353.412,1972.945,1766.591,382.615,1998.4,1758.394,353.939,1991.954,1731.858,281.704,1934.8,1748.121,420.801,1923.01,1750.57,265.643,1800.774,1721.346,404.558,1776.055,1716.173,264.307,1839.153,1655.838,426.414,1835.963,1657.449,353.397,1974.886,1757.269,334.296,1740.213,1568.991,335.656,1714.78,1530.724,358.969,1672.237,1261.269,366.467,1878.829,1493.555,378.645,1925.712,1300.845,441.415,1652.611,1427.538,180.475,1829.053,1518.344,96.194,1815.396,1411.506,77.548,1802.625,1167.874,73.445,1798.471,965.707,121.697,1809.204,866.143,21.102,1726.494,882.244,62.573,1767.982,834.758,514.975,1783.601,1537.024,609.142,1753.786,1434.275,673.195,1811.773,1199.861,676.916,1929.187,1049.907,638.518,2010.44,1014.833,699.516,1915.307,947.323,675.977,1998.704,949.806,264.385,1903.514,1056.059,495.294,1878.176,1040.042,335.289,1676.62,1104.257,397.225,1668.489,1102.503,205.651,1905.686,760.686,252.053,1962.408,898.569,279.979,1999.022,724.274,247.845,1952.213,557.29,248.167,1942.442,363.979,307.822,1996.53,442.59,325.416,1984.61,339.595,295.673,1911.632,101.699,343.619,1851.955,78.294,336.052,2017.969,106.209,369.842,2071.955,71.307,286.988,2043.993,55.844,353.526,2117.419,62.087,567.789,1810.744,751.724,528.933,1911.888,872.339,535.712,1935.803,658.624,562.889,1821.202,538.057,556.15,1684.067,430.427,525.486,1796.05,415.764,509.546,1724.181,367.409,486.735,1473.572,283.294,424.988,1451.38,321.163,472.358,1523.907,175.576,436.402,1509.26,111.005,510.343,1466.498,143.258,464.589,1520.591,71.159,404.673,1927.882,1406.546,404.487,1923.338,1445.43,356.627,1938.928,1408.244,326.203,1648.873,1037.931,333.77,1651.482,1075.752,372.743,1644.255,1028.552,193.487,1916.091,686.959,183.969,1898.948,720.952,192.988,1960.616,707.867,239.225,1929.83,276.414,228.671,1930.688,314.841,252.336,1976.879,280.551,578.906,1799.842,656.909,580.621,1792.415,695.592,592.501,1846.286,663.971,543.178,1583.767,398.375,552.611,1615.057,420.151,556.342,1607.251,357.593,276.746,1821.77,986.102,459.329,1805.13,974.554,301.296,1948.72,547.293,513.393,1840.84,510.608,334.893,1921.42,110.732,455.326,1498.44,272.512,343.067,1995.81,99.524,459.603,1512.44,197.856,191.529,1826.17,1462.5,509.261,1783.41,1480.31,75.232,1757.24,1179.89,640.879,1781.52,1185.62,72.547,1754.81,830.739,661.61,1996.42,941.011,369.911,1828.78,1078.66,339.835,1934.962,92.252,29.772,3.89,-4.337,19.865,3.145,-13.88,7.912,-1.268,10.055,-34.844,6.411,0.801,17.274,-12.92,-13.476,59.819,-3.28,-15.1,-13.185,-1.881,16.098,-41.85,4.663,4.027,-6.669,8.847,-6.193,-6.669,-8.847,6.193,-8.847,25.694,53.626,26.618,-0,0,-13.684,13.215,76.822,7.575,-6.003,7.334,11.069,17.833,30.368,44.419,0,0,3.608,17.371,84.578,7.575,6.003,-7.334,-93.035,3.732,-1.867,-19.255,17.672,-14.005,14.304,3.791,5.458,14.304,-3.791,-5.458,8.972,-4.885,10.052,8.972,4.885,-10.052,-16.257,1.458,2.539,-16.257,-1.458,-2.539,0,0,0,0,0,0,-0.396,0.008,1.59,-0.176,-0.009,0.548,-0.13,-0.001,0,-2.126,0.107,1.419,-0.879,-0.271,-0.559,0.169,-0.083,-0.124,0,0,0,0,0,0,-179.036,-0.022,7.665,38.971,-12.987,1.134,-7.407,-1.255,1.585,1238.49,-23.036,-78.212,-214.775,63.056,-15.454,26.772,3.989,-13.585,0,0,-0.158,0,0,0.013,0,0,0.002,0,0,-1.757,0,0,0.294,0,0,-0.045
32.32,368.284,1818.57,981.345,382.368,1996.056,936.099,185.788,1836.035,993.046,383.891,1862.622,1159.004,301.561,1950.77,547.342,318.1,2380.036,662.714,-142.742,1970.17,538.853,288.336,1835.845,976.842,334.959,1921.61,110.783,245.496,2357.041,67.252,-101.507,1829.623,87.659,303.451,1959.516,554.708,343.197,1995.97,99.458,329.104,1984.228,318.461,123.989,1989.791,85.02,350.125,1776.601,88.143,343.197,1995.97,99.458,346.078,2032.444,158.788,273.57,1998.824,101.084,341.619,1936.639,136.01,514.133,1851.29,511.936,660.09,2274.73,556.093,94.895,2002.369,448.934,440.034,1830.589,955.372,455.985,1509.52,273.704,693.921,1689.71,-47.989,92.809,1690.192,106.286,519.686,1866.532,520.793,461.025,1524.26,199.238,525.226,1717.691,286.919,256.09,1604.72,171.793,405.3,1451.212,401.189,461.025,1524.26,199.238,482.68,1587.923,176.968,393.753,1546.325,196.899,465.859,1546.125,266.443,365.598,1877.1,1495.54,395.016,2041.028,1472.137,530.572,1850.133,1514.026,379.864,1850.91,1330.022,75.796,1764.5,1180.19,-167.09,1645.31,1307.888,210.853,1497.656,1188.007,186.579,1828.493,1450.632,86.04,1760.7,873.644,-169.646,1631.083,866.705,215.488,1504.945,881.136,76.464,1764.248,1160.209,73.762,1764.74,830.924,24.856,1829.5,851.111,9.948,1712.377,844.306,96.766,1757.161,910.965,641.026,1785.58,1186.39,761.689,1493.354,1242.972,908.392,1918.821,1304.37,510.209,1788.358,1479.71,649.938,1958.19,971.251,799.515,1779.502,834.08,875.036,2070.367,1070.579,641.206,1789.058,1182.052,662.843,1998.03,939.391,745.408,2011.621,989.827,616.429,2060.396,998.566,638.88,1924.062,998.551,354.751,2005.05,1759.66,353.505,1978.209,1767.534,382.715,2003.658,1759.341,354.054,1997.201,1732.792,281.808,1940.067,1749.038,420.884,1928.27,1751.587,265.756,1806.031,1722.327,404.671,1781.303,1717.274,264.471,1844.365,1656.798,426.554,1841.165,1658.503,353.495,1980.155,1758.213,334.502,1745.423,1570.014,335.854,1719.969,1531.766,359.081,1677.329,1262.296,366.822,1883.924,1494.57,379.104,1930.767,1301.832,441.453,1657.668,1428.565,180.754,1834.442,1519.286,96.541,1821.399,1412.289,78.011,1809.97,1168.519,74.434,1807.273,966.234,122.996,1818.659,866.929,22.042,1736.134,882.057,63.82,1777.914,835.028,515.249,1788.568,1537.988,609.267,1758.519,1435.127,673.228,1816.031,1200.461,677.708,1931.989,1049.211,639.719,2013.058,1013.096,700.527,1916.831,946.83,677.209,2000.394,948.167,264.448,1908.584,1056.82,495.492,1883.354,1041.375,335.204,1681.773,1105.279,397.082,1673.58,1103.502,205.925,1909.426,761.098,252.529,1966.747,898.484,280.571,2002.332,724.094,248.09,1954.441,557.295,248.308,1943.523,363.989,307.955,1998.107,442.329,325.525,1985.739,339.39,295.751,1911.724,101.809,343.652,1851.955,78.329,336.208,2017.926,106.128,369.889,2071.958,71.181,287.028,2043.979,55.865,353.588,2117.408,62.02,568.021,1818.379,752.924,529.14,1918.311,874.163,536.057,1944.648,660.79,563.621,1831.539,539.672,556.8,1694.759,432.159,526.394,1806.867,417.395,510.447,1735.126,368.917,487.275,1484.494,284.539,425.133,1461.701,321.373,474.003,1535.969,177.176,438.911,1521.949,112.007,512.665,1479.079,144.802,467.564,1533.612,72.56,405.175,1932.896,1407.544,404.913,1928.371,1446.424,357.12,1943.999,1409.181,326.088,1654.045,1039.031,333.566,1656.688,1076.847,372.804,1649.309,1029.742,193.73,1919.497,687.348,184.19,1902.577,721.442,193.397,1964.131,707.997,239.405,1930.48,276.462,228.851,1931.502,314.882,252.43,1977.589,280.389,579.363,1808.751,657.945,581.014,1800.958,696.592,593.135,1855.091,665.468,543.75,1594.539,399.76,553.195,1625.76,421.634,557.1,1618.116,359.097,276.98,1826.91,986.896,459.588,1810.24,975.794,301.561,1950.77,547.342,514.133,1851.29,511.936,334.959,1921.61,110.783,455.985,1509.52,273.704,343.197,1995.97,99.458,461.025,1524.26,199.238,191.831,1831.52,1463.45,509.507,1788.37,1481.28,75.796,1764.5,1180.19,641.026,1785.58,1186.39,73.762,1764.74,830.924,662.843,1998.03,939.391,370.192,1834.16,1079.57,339.93,1934.94,92.229,29.394,3.812,-4.1,19.73,3.164,-14.172,8.067,-1.286,10.22,-34.717,6.422,0.691,17.903,-12.823,-13.431,60.375,-3.386,-15.372,-12.507,-1.866,15.959,-41.708,4.74,3.925,-6.623,8.696,-6.201,-6.623,-8.696,6.201,-8.48,25.66,53.399,26.663,-0,0,-13.518,13.298,77.045,7.582,-5.95,7.385,10.947,17.824,30.537,43.971,0,0,3.448,17.207,84.483,7.582,5.95,-7.385,-92.953,3.679,-1.807,-19.886,17.395,-14.546,14.288,3.652,5.467,14.288,-3.652,-5.467,8.992,-4.866,10.111,8.992,4.866,-10.111,-16.285,1.426,2.551,-16.285,-1.426,-2.551,0,0,0,0,0,0,-0.029,0.052,1.554,-0.103,-0.01,0.569,-0.132,-0.003,0.003,-1.294,0.088,1.457,-0.742,-0.216,-0.249,0.098,-0.079,-0.136,0,0,0,0,0,0,-251.147,4.733,8.873,42.248,-13.88,1.091,-7.313,-1.323,1.564,943.757,3.592,-61.529,-210.391,54.792,-12.931,27.665,2.868,-11.293,0,0,-0.122,0,0,0.008,0,0,0.001,0,0,-0.745,0,0,0.147,0,0,-0.026
32.33,368.408,1820.86,981.802,382.565,1998.345,936.575,185.9,1838.343,993.284,383.806,1864.908,1159.48,301.68,1951.67,547.366,318.898,2381.229,661.541,-142.595,1971.717,538.941,288.398,1837.958,977.187,334.983,1921.69,110.806,245.233,2356.985,66.509,-101.43,1829.384,87.952,303.555,1960.379,554.669,343.25,1996.05,99.43,329.241,1984.457,318.446,124.033,1989.964,85.086,350.072,1776.67,88.254,343.25,1996.05,99.43,346.173,2032.511,158.766,273.624,1998.883,101.119,341.722,1936.71,135.968,514.446,1855.94,512.562,660.32,2279.176,558.895,95.238,2007.276,449.977,440.011,1833.069,955.835,456.283,1514.5,274.173,694.985,1694.581,-47.013,93.611,1695.698,106.231,519.987,1871.301,521.566,461.663,1529.6,199.803,525.331,1722.65,288.704,256.809,1610.066,171.779,405.037,1455.558,401.14,461.663,1529.6,199.803,483.326,1593.425,178.007,394.364,1551.557,197.212,466.084,1551.099,267.154,365.757,1879.37,1496,395.249,2043.282,1472.576,530.721,1852.328,1514.473,379.995,1853.155,1330.484,76.053,1767.74,1180.33,-166.857,1648.093,1307.555,211.165,1500.903,1187.356,186.715,1830.901,1451.017,86.522,1764.97,873.742,-169.13,1635.321,866.184,216.022,1509.22,880.475,76.736,1767.56,1160.31,74.31,1769.22,831.018,25.486,1833.978,851.406,10.389,1716.91,844.092,97.188,1761.269,911.059,641.096,1787.39,1186.73,761.882,1495.296,1243.727,908.44,1920.911,1304.443,510.348,1790.565,1480.076,650.435,1959.09,970.769,800.016,1779.655,834.581,875.514,2071.502,1069.873,641.288,1790.908,1182.311,663.396,1998.73,938.672,745.959,2012.528,989.055,617.029,2061.491,997.466,639.334,1925.135,998.256,354.803,2007.4,1760.08,353.555,1980.56,1767.959,382.767,2006.008,1759.768,354.112,1999.545,1733.213,281.862,1942.413,1749.452,420.929,1930.612,1752.042,265.814,1808.373,1722.769,404.728,1783.641,1717.766,264.55,1846.688,1657.231,426.621,1843.482,1658.973,353.547,1982.501,1758.638,334.599,1747.744,1570.475,335.95,1722.281,1532.235,359.131,1679.596,1262.758,366.984,1886.193,1495.026,379.31,1933.018,1302.277,441.472,1659.92,1429.024,180.883,1836.838,1519.713,96.702,1824.066,1412.648,78.22,1813.256,1168.817,74.885,1811.218,966.482,123.587,1822.9,867.296,22.467,1740.466,881.98,64.385,1782.38,835.163,515.377,1790.782,1538.419,609.324,1760.623,1435.504,673.245,1817.929,1200.729,678.064,1933.227,1048.903,640.261,2014.207,1012.321,700.984,1917.495,946.618,677.762,2001.128,947.439,264.484,1910.844,1057.149,495.594,1885.658,1041.98,335.162,1684.07,1105.737,397.009,1675.848,1103.948,206.05,1911.084,761.283,252.749,1968.665,898.44,280.84,2003.791,724.014,248.201,1955.419,557.301,248.366,1943.996,363.995,308.011,1998.792,442.215,325.571,1986.227,339.302,295.779,1911.766,101.858,343.664,1851.954,78.345,336.273,2017.907,106.093,369.907,2071.961,71.128,287.045,2043.974,55.871,353.611,2117.405,61.994,568.128,1821.795,753.48,529.229,1921.172,874.995,536.194,1948.591,661.783,563.934,1836.141,540.419,557.071,1699.533,432.935,526.792,1811.701,418.142,510.842,1740.032,369.591,487.517,1489.41,285.035,425.2,1466.319,321.39,474.738,1541.432,177.851,440.035,1527.711,112.412,513.716,1484.797,145.435,468.896,1539.542,73.172,405.402,1935.131,1407.993,405.106,1930.614,1446.871,357.343,1946.256,1409.601,326.023,1656.351,1039.524,333.458,1659.013,1077.339,372.832,1651.558,1030.283,193.839,1921.004,687.523,184.289,1904.184,721.662,193.582,1965.686,708.056,239.479,1930.769,276.484,228.924,1931.863,314.9,252.471,1977.901,280.32,579.571,1812.737,658.433,581.193,1804.779,697.062,593.415,1859.03,666.163,543.995,1599.359,400.344,553.443,1630.543,422.273,557.43,1622.989,359.743,277.098,1829.2,987.244,459.718,1812.51,976.361,301.68,1951.67,547.366,514.446,1855.94,512.562,334.983,1921.69,110.806,456.283,1514.5,274.173,343.25,1996.05,99.43,461.663,1529.6,199.803,191.973,1833.9,1463.88,509.62,1790.58,1481.71,76.053,1767.74,1180.33,641.096,1787.39,1186.73,74.31,1769.22,831.018,663.396,1998.73,938.672,370.319,1836.56,1079.97,339.969,1934.931,92.219,29.226,3.769,-3.994,19.665,3.173,-14.293,8.132,-1.292,10.286,-34.662,6.424,0.643,18.182,-12.77,-13.404,60.606,-3.428,-15.508,-12.198,-1.861,15.912,-41.643,4.788,3.879,-6.602,8.621,-6.201,-6.602,-8.621,6.201,-8.314,25.645,53.298,26.685,-0,0,-13.44,13.346,77.151,7.585,-5.927,7.407,10.892,17.823,30.614,43.769,-0,0,3.387,17.135,84.441,7.585,5.927,-7.407,-92.916,3.657,-1.779,-20.191,17.265,-14.787,14.281,3.583,5.472,14.281,-3.583,-5.472,9,-4.856,10.136,9,4.856,-10.136,-16.297,1.413,2.556,-16.297,-1.413,-2.556,0,0,0,0,0,0,0.326,0.093,1.524,-0.038,-0.012,0.588,-0.135,-0.005,0.006,-0.442,0.076,1.486,-0.595,-0.152,0.079,0.019,-0.072,-0.142,0,0,0,0,0,0,-275.975,3.752,8.869,36.026,-13.992,0.644,-6.755,-1.413,1.123,554.031,28.669,-40.884,-180.823,42.985,-8.849,21.267,1.583,-7.808,0,0,-0.051,0,0,0.003,0,0,0,0,0,-0.165,0,0,0.045,0,0,-0.007
32.34,368.439,1821.37,981.904,382.616,1998.855,936.684,185.928,1838.86,993.332,383.786,1865.415,1159.587,301.707,1951.86,547.371,319.096,2381.483,661.278,-142.561,1972.072,538.96,288.407,1838.42,977.264,334.987,1921.71,110.811,245.176,2356.975,66.348,-101.415,1829.336,88.017,303.578,1960.569,554.66,343.262,1996.06,99.424,329.271,1984.498,318.443,124.043,1989.995,85.1,350.06,1776.678,88.277,343.262,1996.06,99.424,346.196,2032.515,158.763,273.636,1998.886,101.13,341.748,1936.716,135.956,514.514,1856.98,512.706,660.361,2280.174,559.51,95.309,2008.364,450.215,440.01,1833.635,955.943,456.349,1515.62,274.269,695.231,1695.685,-46.792,93.794,1696.942,106.208,520.05,1872.365,521.743,461.804,1530.81,199.922,525.348,1723.768,289.111,256.966,1611.275,171.777,404.98,1456.528,401.115,461.804,1530.81,199.922,483.472,1594.67,178.234,394.501,1552.747,197.273,466.132,1552.226,267.305,365.792,1879.88,1496.11,395.297,2043.789,1472.681,530.754,1852.826,1514.579,380.023,1853.66,1330.594,76.109,1768.46,1180.35,-166.807,1648.706,1307.463,211.237,1501.626,1187.198,186.74,1831.432,1451.094,86.631,1765.92,873.766,-169.011,1636.26,866.066,216.147,1510.173,880.329,76.796,1768.293,1160.334,74.434,1770.22,831.04,25.623,1834.972,851.481,10.492,1717.917,844.038,97.283,1762.177,911.08,641.112,1787.79,1186.81,761.924,1495.725,1243.902,908.451,1921.373,1304.466,510.377,1791.055,1480.161,650.546,1959.28,970.664,800.128,1779.68,834.693,875.621,2071.745,1069.719,641.306,1791.308,1182.369,663.52,1998.88,938.512,746.082,2012.727,988.884,617.163,2061.733,997.214,639.435,1925.374,998.196,354.815,2007.92,1760.17,353.567,1981.081,1768.052,382.779,2006.528,1759.859,354.125,2000.063,1733.304,281.875,1942.933,1749.544,420.939,1931.132,1752.144,265.828,1808.892,1722.868,404.742,1784.16,1717.876,264.569,1847.203,1657.328,426.636,1843.996,1659.078,353.56,1983.022,1758.733,334.621,1748.259,1570.578,335.973,1722.794,1532.34,359.143,1680.099,1262.862,367.02,1886.697,1495.127,379.356,1933.518,1302.376,441.476,1660.42,1429.126,180.913,1837.369,1519.809,96.738,1824.656,1412.73,78.266,1813.987,1168.884,74.986,1812.098,966.538,123.72,1823.846,867.38,22.563,1741.433,881.965,64.511,1783.378,835.195,515.406,1791.273,1538.514,609.337,1761.089,1435.587,673.249,1818.35,1200.789,678.144,1933.5,1048.835,640.382,2014.459,1012.148,701.086,1917.64,946.572,677.886,2001.287,947.277,264.493,1911.345,1057.221,495.618,1886.169,1042.117,335.153,1684.581,1105.839,396.992,1676.352,1104.047,206.078,1911.451,761.324,252.799,1969.089,898.43,280.9,2004.113,723.996,248.226,1955.634,557.302,248.378,1944.1,363.997,308.023,1998.941,442.19,325.581,1986.333,339.283,295.784,1911.775,101.869,343.666,1851.954,78.349,336.287,2017.904,106.086,369.91,2071.962,71.117,287.048,2043.972,55.872,353.616,2117.404,61.989,568.152,1822.556,753.607,529.249,1921.808,875.183,536.223,1949.467,662.007,564.002,1837.162,540.589,557.129,1700.595,433.108,526.88,1812.777,418.311,510.928,1741.125,369.741,487.571,1490.509,285.136,425.216,1467.348,321.382,474.901,1542.658,177.995,440.286,1529.005,112.496,513.952,1486.082,145.567,469.192,1540.876,73.306,405.453,1935.627,1408.093,405.149,1931.111,1446.971,357.393,1946.757,1409.695,326.007,1656.864,1039.634,333.431,1659.53,1077.449,372.838,1652.057,1030.405,193.863,1921.337,687.562,184.311,1904.54,721.711,193.623,1966.029,708.069,239.495,1930.833,276.488,228.939,1931.943,314.905,252.48,1977.971,280.305,579.618,1813.624,658.546,581.233,1805.629,697.169,593.477,1859.907,666.321,544.048,1600.432,400.469,553.496,1631.607,422.412,557.503,1624.075,359.882,277.128,1829.71,987.318,459.75,1813.02,976.49,301.707,1951.86,547.371,514.514,1856.98,512.706,334.987,1921.71,110.811,456.349,1515.62,274.269,343.262,1996.06,99.424,461.804,1530.81,199.922,192.004,1834.43,1463.98,509.645,1791.07,1481.8,76.109,1768.46,1180.35,641.112,1787.79,1186.81,74.434,1770.22,831.04,663.52,1998.88,938.512,370.348,1837.09,1080.06,339.977,1934.929,92.217,29.187,3.758,-3.968,19.65,3.176,-14.322,8.147,-1.294,10.301,-34.647,6.425,0.63,18.243,-12.756,-13.396,60.654,-3.436,-15.54,-12.127,-1.86,15.904,-41.632,4.794,3.867,-6.596,8.603,-6.198,-6.596,-8.603,6.198,-8.276,25.641,53.276,26.689,-0,-0,-13.42,13.362,77.171,7.588,-5.923,7.411,10.879,17.823,30.63,43.724,0,0,3.369,17.117,84.432,7.588,5.923,-7.411,-92.909,3.652,-1.772,-20.265,17.235,-14.84,14.279,3.567,5.474,14.279,-3.567,-5.474,9.002,-4.854,10.14,9.002,4.854,-10.14,-16.302,1.412,2.556,-16.302,-1.412,-2.556,0,0,0,0,0,0,0.617,0.128,1.5,0.013,-0.013,0.604,-0.137,-0.007,0.009,0.294,0.072,1.513,-0.467,-0.093,0.37,-0.052,-0.064,-0.146,0,0,0,0,0,0,-271.36,0.353,8.24,25.128,-13.783,0.072,-6.055,-1.507,0.55,175.081,49.961,-21.489,-144.955,31.39,-4.49,12.675,0.398,-4.109,0,0,0,0,0,0,0,0,0,0,0,0,0,0,0,0,0,0

Time,GRW1P,,,GRW1F,,,GRW1M,,,GRW2P,,,GRW2F,,,GRW2M,,
s,mm,mm,mm,N,N,N,Nmm,Nmm,Nmm,mm,mm,mm,N,N,N,Nmm,Nmm,Nmm
,X,Y,Z,X,Y,Z,X,Y,Z,X,Y,Z,X,Y,Z,X,Y,Z
29.86,200.000000357628,306.999999761581,0,0,0,0,0,0,0,200,-312,0,0,0,0,0,0,0
29.87,200.000000357628,306.999999761581,0,0,0,0,0,0,0,200,-312,0,0,0,0,0,0,0
29.88,200.000000357628,306.999999761581,0,0,0,0,0,0,0,200,-312,0,0,0,0,0,0,0
29.89,200.000000357628,306.999999761581,0,0,0,0,0,0,0,200,-312,0,0,0,0,0,0,0
29.9,200.000000357628,306.999999761581,0,0,0,0,0,0,0,200,-312,0,0,0,0,0,0,0
29.91,200.000000357628,306.999999761581,0,0,0,0,0,0,0,200,-312,0,0,0,0,0,0,0
29.92,200.000000357628,306.999999761581,0,0,0,0,0,0,0,200,-312,0,0,0,0,0,0,0
29.93,200.000000357628,306.999999761581,0,0,0,0,0,0,0,200,-312,0,0,0,0,0,0,0
29.94,200.000000357628,306.999999761581,0,0,0,0,0,0,0,200,-312,0,0,0,0,0,0,0
29.95,200.000000357628,306.999999761581,0,0,0,0,0,0,0,200,-312,0,0,0,0,0,0,0
29.96,200.000000357628,306.999999761581,0,0.0968356012696873,-1.90021455311021,-29.1145782470703,309.733856326388,52.5196830994276,293.484375,200,-312,0,0,0,0,0,0,0
29.97,200.000000357628,306.999999761581,0,0,0,0,0,0,0,200,-312,0,0,0,0,0,0,0
29.98,200.000000357628,306.999999761581,0,0,0,0,0,0,0,200,-312,0,0,0,0,0,0,0
29.99,200.000000357628,306.999999761581,0,0,0,0,0,0,0,200,-312,0,0,0,0,0,0,0
30,200.000000357628,306.999999761581,0,0,0,0,0,0,0,200,-312,0,0,0,0,0,0,0
30.01,200.000000357628,306.999999761581,0,0,0,0,0,0,0,200,-312,0,0,0,0,0,0,0
30.02,200.000000357628,306.999999761581,0,0,0,0,0,0,0,200,-312,0,0,0,0,0,0,0
30.03,200.000000357628,306.999999761581,0,0,0,0,0,0,0,200,-312,0,0,0,0,0,0,0
30.04,200.000000357628,306.999999761581,0,0,0,0,0,0,0,200,-312,0,0,0,0,0,0,0
30.05,200.000000357628,306.999999761581,0,0,0,0,0,0,0,200,-312,0,0,0,0,0,0,0
30.06,200.000000357628,306.999999761581,0,0,0,0,0,0,0,200,-312,0,0,0,0,0,0,0
30.07,200.000000357628,306.999999761581,0,0,0,0,0,0,0,200,-312,0,0,0,0,0,0,0
30.08,200.000000357628,306.999999761581,0,0,0,0,0,0,0,200,-312,0,0,0,0,0,0,0
30.09,200.000000357628,306.999999761581,0,0,0,0,0,0,0,200,-312,0,0,0,0,0,0,0
30.1,200.000000357628,306.999999761581,0,0,0,0,0,0,0,200,-312,0,0,0,0,0,0,0
30.11,200.000000357628,306.999999761581,0,0,0,0,0,0,0,200,-312,0,0,0,0,0,0,0
30.12,200.000000357628,306.999999761581,0,0,0,0,0,0,0,200,-312,0,0,0,0,0,0,0
30.13,200.000000357628,306.999999761581,0,0,0,0,0,0,0,200,-312,0,0,0,0,0,0,0
30.14,200.000000357628,306.999999761581,0,0,0,0,0,0,0,200,-312,0,0,0,0,0,0,0
30.15,200.000000357628,306.999999761581,0,0,0,0,0,0,0,200,-312,0,0,0,0,0,0,0
30.16,200.000000357628,306.999999761581,0,0,0,0,0,0,0,200,-312,0,0,0,0,0,0,0
30.17,200.000000357628,306.999999761581,0,0,0,0,0,0,0,200,-312,0,0,0,0,0,0,0
30.18,200.000000357628,306.999999761581,0,0,0,0,0,0,0,200,-312,0,0,0,0,0,0,0
30.19,200.000000357628,306.999999761581,0,0,0,0,0,0,0,200,-312,0,0,0,0,0,0,0
30.2,200.000000357628,306.999999761581,0,0,0,0,0,0,0,200,-312,0,0,0,0,0,0,0
30.21,200.000000357628,306.999999761581,0,0,0,0,0,0,0,200,-312,0,0,0,0,0,0,0
30.22,200.000000357628,306.999999761581,0,0,0,0,0,0,0,200,-312,0,0,0,0,0,0,0
30.23,200.000000357628,306.999999761581,0,0,0,0,0,0,0,200,-312,0,0,0,0,0,0,0
30.24,200.000000357628,306.999999761581,0,0,0,0,0,0,0,200,-312,0,0,0,0,0,0,0
30.25,200.000000357628,306.999999761581,0,0,0,0,0,0,0,200,-312,0,0,0,0,0,0,0
30.26,200.000000357628,306.999999761581,0,0,0,0,0,0,0,200,-312,0,0,0,0,0,0,0
30.27,200.000000357628,306.999999761581,0,0,0,0,0,0,0,200,-312,0,0,0,0,0,0,0
30.28,200.000000357628,306.999999761581,0,0,0,0,0,0,0,200,-312,0,0,0,0,0,0,0
30.29,200.000000357628,306.999999761581,0,0,0,0,0,0,0,200,-312,0,0,0,0,0,0,0
30.3,200.000000357628,306.999999761581,0,0,0,0,0,0,0,200,-312,0,0,0,0,0,0,0
30.31,200.000000357628,306.999999761581,0,0,0,0,0,0,0,200,-312,0,0,0,0,0,0,0
30.32,200.000000357628,306.999999761581,0,0,0,0,0,0,0,200,-312,0,0,0,0,0,0,0
30.33,200.000000357628,306.999999761581,0,0,0,0,0,0,0,200,-312,0,0,0,0,0,0,0
30.34,200.000000357628,306.999999761581,0,0,0,0,0,0,0,200,-312,0,0,0,0,0,0,0
30.35,200.000000357628,306.999999761581,0,0,0,0,0,0,0,200,-312,0,0,0,0,0,0,0
30.36,200.000000357628,306.999999761581,0,0,0,0,0,0,0,200,-312,0,0,0,0,0,0,0
30.37,200.000000357628,306.999999761581,0,0,0,0,0,0,0,200,-312,0,0,0,0,0,0,0
30.38,200.000000357628,306.999999761581,0,0,0,0,0,0,0,200,-312,0,0,0,0,0,0,0
30.39,200.000000357628,306.999999761581,0,0,0,0,0,0,0,200,-312,0,0,0,0,0,0,0
30.4,200.000000357628,306.999999761581,0,0,0,0,0,0,0,200,-312,0,0,0,0,0,0,0
30.41,200.000000357628,306.999999761581,0,0,0,0,0,0,0,200,-312,0,0,0,0,0,0,0
30.42,200.000000357628,306.999999761581,0,0,0,0,0,0,0,200,-312,0,0,0,0,0,0,0
30.43,200.000000357628,306.999999761581,0,0,0,0,0,0,0,200,-312,0,0,0,0,0,0,0
30.44,200.000000357628,306.999999761581,0,0,0,0,0,0,0,200,-312,0,0,0,0,0,0,0
30.45,200.000000357628,306.999999761581,0,0,0,0,0,0,0,200,-312,0,0,0,0,0,0,0
30.46,200.000000357628,306.999999761581,0,0,0,0,0,0,0,200,-312,0,0,0,0,0,0,0
30.47,200.000000357628,306.999999761581,0,0,0,0,0,0,0,200,-312,0,0,0,0,0,0,0
30.48,200.000000357628,306.999999761581,0,0,0,0,0,0,0,200,-312,0,0,0,0,0,0,0
30.49,200.000000357628,306.999999761581,0,0,0,0,0,0,0,200,-312,0,0,0,0,0,0,0
30.5,200.000000357628,306.999999761581,0,0,0,0,0,0,0,200,-312,0,0,0,0,0,0,0
30.51,200.000000357628,306.999999761581,0,0,0,0,0,0,0,200,-312,0,0,0,0,0,0,0
30.52,200.000000357628,306.999999761581,0,0,0,0,0,0,0,200,-312,0,0,0,0,0,0,0
30.53,200.000000357628,306.999999761581,0,0,0,0,0,0,0,200,-312,0,0,0,0,0,0,0
30.54,200.000000357628,306.999999761581,0,0,0,0,0,0,0,200,-312,0,0,0,0,0,0,0
30.55,200.000000357628,306.999999761581,0,0,0,0,0,0,0,200,-312,0,0,0,0,0,0,0
30.56,200.000000357628,306.999999761581,0,0,0,0,0,0,0,200,-312,0,0,0,0,0,0,0
30.57,200.000000357628,306.999999761581,0,0,0,0,0,0,0,200,-312,0,0,0,0,0,0,0
30.58,200.000000357628,306.999999761581,0,0,0,0,0,0,0,200,-312,0,0,0,0,0,0,0
30.59,200.000000357628,306.999999761581,0,0,0,0,0,0,0,200,-312,0,0,0,0,0,0,0
30.6,200.000000357628,306.999999761581,0,0,0,0,0,0,0,200,-312,0,0,0,0,0,0,0
30.61,200.000000357628,306.999999761581,0,0,0,0,0,0,0,200,-312,0,7.98822736740112,-27.2086620330811,101.79118347168,-28153.4296875,-4695.345703125,2493.30200195312
30.62,200.000000357628,306.999999761581,0,0,0,0,0,0,0,200,-312,0,37.9544792175293,-55.6684379577637,332.781494140625,-92174.390625,-18334.28515625,8135.3447265625
30.63,200.000000357628,306.999999761581,0,0,0,0,0,0,0,200,-312,0,53.918399810791,-118.763442993164,556.256164550781,-149146.28125,-33032.8203125,7478.240234375
30.64,200.000000357628,306.999999761581,0,0,0,0,0,0,0,200,-312,0,48.510929107666,-184.515869140625,738.181884765625,-174882.546875,-46630.3125,1161.07995605469
30.65,200.000000357628,306.999999761581,0,0,0,0,0,0,0,200,-312,0,36.8653526306152,-209.857437133789,861.389831542969,-174814.203125,-57091.79296875,-5372.15966796875
30.66,200.000000357628,306.999999761581,0,0,0,0,0,0,0,200,-312,0,31.5649299621582,-235.620513916016,930.35498046875,-174586.78125,-63238.171875,-8427.5068359375
30.67,200.000000357628,306.999999761581,0,0,0,0,0,0,0,200,-312,0,19.9395332336426,-248.899612426758,968.528564453125,-174589.6875,-68491.9296875,-13275.0498046875
30.68,200.000000357628,306.999999761581,0,0,0,0,0,0,0,200,-312,0,-1.42985045909882,-247.335098266602,993.851379394531,-174580.671875,-73517.828125,-18271.205078125
30.69,200.000000357628,306.999999761581,0,0,0,0,0,0,0,200,-312,0,-16.2740898132324,-248.092864990234,1007.36968994141,-174178.0625,-76955.0234375,-21258.744140625
30.7,200.000000357628,306.999999761581,0,0,0,0,0,0,0,200,-312,0,-15.4835824966431,-237.988739013672,1021.2109375,-174250.984375,-78715.421875,-21054.0703125
30.71,200.000000357628,306.999999761581,0,0,0,0,0,0,0,200,-312,0,-8.09542846679688,-223.989288330078,1033.91271972656,-174509.203125,-78998.6015625,-19194.517578125
30.72,200.000000357628,306.999999761581,0,0,0,0,0,0,0,200,-312,0,-5.68020248413086,-210.107345581055,1037.74047851562,-174454.984375,-79419.9140625,-16971.48046875
30.73,200.000000357628,306.999999761581,0,0,0,0,0,0,0,200,-312,0,1.46703064441681,-191.339477539062,1029.77954101562,-174370.0625,-78083.3203125,-14643.5595703125
30.74,200.000000357628,306.999999761581,0,0,0,0,0,0,0,200,-312,0,6.73831367492676,-174.975158691406,1010.89123535156,-174993.453125,-76476.4453125,-12528.2880859375
30.75,200.000000357628,306.999999761581,0,0,0,0,0,0,0,200,-312,0,9.72880268096924,-161.480194091797,981.062744140625,-174620.75,-74196.34375,-11030.1533203125
30.76,200.000000357628,306.999999761581,0,0,0,0,0,0,0,200,-312,0,11.2199144363403,-145.552459716797,948.68310546875,-175147.421875,-72142.9375,-9916.3037109375
30.77,200.000000357628,306.999999761581,0,0,0,0,0,0,0,200,-312,0,11.3912172317505,-131.218887329102,914.194702148437,-174495.640625,-70097.015625,-8568
30.78,200.000000357628,306.999999761581,0,0,0,0,0,0,0,200,-312,0,9.58932113647461,-115.944786071777,881.37060546875,-174766.828125,-68396.8828125,-8260.353515625
30.79,200.000000357628,306.999999761581,0,0,0,0,0,0,0,200,-312,0,5.29398965835571,-99.9443435668945,842.776245117187,-174695.78125,-66603.828125,-8023.96337890625
30.8,200.000000357628,306.999999761581,0,0,0,0,0,0,0,200,-312,0,0.592952370643616,-87.2938537597656,803.437133789062,-174340.453125,-64780.6015625,-7733.43505859375
30.81,200.000000357628,306.999999761581,0,0,0,0,0,0,0,200,-312,0,-4.56766891479492,-74.6371459960937,763.924194335937,-167096.75,-63248.30859375,-7473.224609375
30.82,200.000000357628,306.999999761581,0,0,0,0,0,0,0,200,-312,0,-8.76955127716064,-61.9088325500488,725.870971679687,-157413.984375,-61520.42578125,-7198.62939453125
30.83,200.000000357628,306.999999761581,0,0,0,0,0,0,0,200,-312,0,-12.7326307296753,-51.2747993469238,690.108825683594,-148851.640625,-60072.66796875,-7088.62548828125
30.84,200.000000357628,306.999999761581,0,0,0,0,0,0,0,200,-312,0,-15.2437419891357,-39.7699775695801,656.182739257812,-140570.921875,-58547.4296875,-6132.51123046875
30.85,200.000000357628,306.999999761581,0,0,0,0,0,0,0,200,-312,0,-16.2415046691895,-30.6803245544434,628.291381835937,-133508.984375,-56871.33984375,-5449.0556640625
30.86,200.000000357628,306.999999761581,0,0,0,0,0,0,0,200,-312,0,-15.7844295501709,-21.9203815460205,604.629150390625,-127487.875,-55683.70703125,-4247.982421875
30.87,200.000000357628,306.999999761581,0,0,0,0,0,0,0,200,-312,0,-14.9070348739624,-13.1301746368408,582.52734375,-122297.6484375,-54494.890625,-2698.71899414062
30.88,200.000000357628,306.999999761581,0,0,0,0,0,0,0,200,-312,0,-11.8411664962769,-5.25572443008423,565.470947265625,-117275.2109375,-53734.5859375,-1073.54089355469
30.89,200.000000357628,306.999999761581,0,0,0,0,0,0,0,200,-312,0,-8.37373542785645,0.0610813684761524,554.165832519531,-112793.0625,-52290.28125,479.68505859375
30.9,200.000000357628,306.999999761581,0,0,0,0,0,0,0,200,-312,0,-4.9383659362793,5.12425899505615,544.910339355469,-109573.6484375,-52161.3359375,1839.30407714844
30.91,200.000000357628,306.999999761581,0,0,0,0,0,0,0,200,-312,0,-1.9571328163147,9.7875394821167,539.137145996094,-106359.359375,-51920.11328125,2977.05151367187
30.92,200.000000357628,306.999999761581,0,0,0,0,0,0,0,200,-312,0,-1.80369293689728,11.6195116043091,540.08544921875,-103877.796875,-52811.25390625,3263.52026367187
30.93,200.000000357628,306.999999761581,0,0,0,0,0,0,0,200,-312,0,0.380635917186737,15.2496652603149,542.584777832031,-101656.1484375,-53264.890625,4153.4150390625
30.94,200.000000357628,306.999999761581,0,0,0,0,0,0,0,200,-312,0,-0.00958342477679253,18.720760345459,552.09326171875,-99967.0625,-54759.26171875,5100.69091796875
30.95,200.000000357628,306.999999761581,0,0,0,0,0,0,0,200,-312,0,-1.50027322769165,23.2212524414062,568.31787109375,-100326.1015625,-56821.52734375,5510.146484375
30.96,200.000000357628,306.999999761581,0,0,0,0,0,0,0,200,-312,0,-2.64972853660583,28.5359706878662,591.355712890625,-101120.3671875,-59675.8203125,6268.17529296875
30.97,200.000000357628,306.999999761581,0,0,0,0,0,0,0,200,-312,0,-4.07118225097656,32.8824081420898,627.077697753906,-103003.609375,-63638.0859375,6670.84716796875
30.98,200.000000357628,306.999999761581,0,0,0,0,0,0,0,200,-312,0,-6.50391912460327,38.7633361816406,672.735717773437,-105868.09375,-68324.4296875,7003.46240234375
30.99,200.000000357628,306.999999761581,0,0,0,0,0,0,0,200,-312,0,-8.86311340332031,44.2521362304687,715.729431152344,-107690.6875,-72847.4140625,7654.53125
31,200.000000357628,306.999999761581,0,0,0,0,0,0,0,200,-312,0,-11.3303022384644,51.4305152893066,759.464172363281,-110359.5078125,-77518.671875,7832.90283203125
31.01,200.000000357628,306.999999761581,0,0,0,0,0,0,0,200,-312,0,-9.62173557281494,60.0152816772461,811.17578125,-113642.8125,-82163.9375,9081.6845703125
31.02,200.000000357628,306.999999761581,0,0,0,0,0,0,0,200,-312,0,-10.487078666687,72.1080017089844,866.209899902344,-117504.734375,-86641.40625,10494.6611328125
31.03,200.000000357628,306.999999761581,0,0,0,0,0,0,0,200,-312,0,-11.08362865448,85.4207153320312,907.553527832031,-119719.765625,-90210.140625,11801.9248046875
31.04,200.000000357628,306.999999761581,0,0,0,0,0,0,0,200,-312,0,-11.1904315948486,97.346794128418,942.527282714844,-120510.40625,-92565.15625,12857.1533203125
31.05,200.000000357628,306.999999761581,0,0,0,0,0,0,0,200,-312,0,-10.8706254959106,111.115524291992,969.676391601562,-119781.171875,-93693.546875,13891.6787109375
31.06,200.000000357628,306.999999761581,0,0,0,0,0,0,0,200,-312,0,-9.52317047119141,123.83228302002,988.179809570312,-119061.140625,-94287.0546875,14909.80078125
31.07,200.000000357628,306.999999761581,0,0,0,0,0,0,0,200,-312,0,-7.38247680664062,136.845352172852,1003.44696044922,-117023.96875,-94073.5390625,15533.310546875
31.08,200.000000357628,306.999999761581,0,0,0,0,0,0,0,200,-312,0,-4.38115167617798,151.392776489258,1010.99401855469,-114910.8671875,-93121.640625,16634.119140625
31.09,200.000000357628,306.999999761581,0,0,0,0,0,0,0,200,-312,0,-1.81287598609924,167.193817138672,1007.24432373047,-112083.0546875,-91527.2421875,17448.986328125
31.1,200.000000357628,306.999999761581,0,7.06528186366626,-1.80971528784104,72.697135925293,-7701.85302852638,-496.029522652976,695.753723144531,200,-312,0,2.41944122314453,184.554504394531,990.626892089844,-108661.171875,-88980.03125,18536.314453125
31.11,200.000000357628,306.999999761581,0,-7.8671030048848,39.8199653813055,245.241195678711,-27639.537128008,-7815.24553957096,-357.80908203125,200,-312,0,6.14559650421143,199.465591430664,958.170288085937,-103035.0234375,-84357.734375,19689.11328125
31.12,200.000000357628,306.999999761581,0,-41.8948402132912,11.4031830832835,354.197601318359,-39626.5117530771,-14397.8387727105,-4303.88330078125,200,-312,0,12.4947671890259,214.985565185547,902.555725097656,-95833.8671875,-78481.1171875,21140.099609375
31.13,200.000000357628,306.999999761581,0,-57.1892244030469,-67.0597151346463,412.4267578125,-39829.3398843921,-17046.5409206645,-6966.5224609375,200,-312,0,18.2635402679443,225.037353515625,817.683471679687,-85583.421875,-70191.3671875,22000.134765625
31.14,200.000000357628,306.999999761581,0,-56.3747294007419,-102.44493852526,530.671264648438,-45650.4141128949,-21137.1639536609,-7502.87939453125,200,-312,0,22.8671455383301,223.701019287109,705.561340332031,-73282.140625,-59832.12890625,22223.611328125
31.15,200.000000357628,306.999999761581,0,-42.5283358647317,-123.078781026534,643.199951171875,-48652.2227118763,-23331.3475402541,-6525.9423828125,200,-312,0,27.9302196502686,205.855422973633,569.289428710937,-57555.328125,-47811.37890625,21097.291015625
31.16,200.000000357628,306.999999761581,0,-13.116062541467,-158.192504851541,730.365112304688,-44717.3945853442,-22688.7616121354,-5434.06884765625,200,-312,0,27.3649806976318,159.220413208008,432.177795410156,-40444.64453125,-35704.3359375,16665.232421875
31.17,200.000000357628,306.999999761581,0,36.8395533602626,-198.283706752871,803.598083496094,-41066.5469249465,-20949.0897458397,-5185.044921875,200,-312,0,21.8758888244629,108.61661529541,295.257781982422,-24431.923828125,-24031.26171875,11040.158203125
31.18,200.000000357628,306.999999761581,0,26.6131300708208,-209.143615786107,826.461059570312,-36523.2695823549,-21434.9374129217,-4112.3232421875,200,-312,0,15.3613967895508,68.8807220458984,185.064453125,-13555.693359375,-14922.1220703125,7250.21630859375
31.19,200.000000357628,306.999999761581,0,28.4231161607253,-219.46054083925,854.682556152344,-34129.9609921548,-22923.8671061278,-4591.216796875,200,-312,0,6.16263580322266,43.0108871459961,105.286170959473,-6971.4970703125,-8761.8388671875,4008.53637695312
31.2,200.000000357628,306.999999761581,0,43.5364984989082,-220.003524884073,905.767028808594,-30722.488338483,-24005.2792236269,-4686.9970703125,200,-312,0,-5.34122085571289,21.4676914215088,53.5768623352051,-2819.31958007812,-4798.66796875,1662.60998535156
31.21,200.000000357628,306.999999761581,0,38.7400355097315,-210.139114472246,946.49169921875,-30032.882875226,-26309.199147146,-3767.52221679688,200,-312,0,-8.83184337615967,3.31338047981262,29.6105308532715,-1067.21435546875,-2823.98120117187,59.5099678039551
31.22,200.000000357628,306.999999761581,0,36.3870539721246,-197.650207606285,1010.79382324219,-30418.252019625,-27892.1405524772,-4112.3232421875,200,-312,0,0,0,0,0,0,0
31.23,200.000000357628,306.999999761581,0,24.0791507110267,-185.613800106237,1023.29705810547,-30073.4453841193,-30039.3319595493,-4303.88330078125,200,-312,0,0,0,0,0,0,0
31.24,200.000000357628,306.999999761581,0,18.0156970744695,-169.77641300682,1030.44177246094,-29241.8653062185,-30133.357352157,-4342.193359375,200,-312,0,0,0,0,0,0,0
31.25,200.000000357628,306.999999761581,0,17.9251972453032,-149.323577923596,1014.72344970703,-26706.5547612492,-30932.6718113266,-3556.80859375,200,-312,0,0,0,0,0,0,0
31.26,200.000000357628,306.999999761581,0,14.7577225160762,-141.993133580107,990.788757324219,-24090.1133539156,-30478.1581456897,-3441.87573242188,200,-312,0,0,0,0,0,0,0
31.27,200.000000357628,306.999999761581,0,17.5631996983271,-125.250762981327,954.708068847656,-19790.2266316158,-28989.2519059414,-3422.72021484375,200,-312,0,0,0,0,0,0,0
31.28,200.000000357628,306.999999761581,0,23.4456555500249,-114.39084630834,908.982116699219,-15774.2803381066,-27124.1855092662,-3077.91650390625,200,-312,0,0,0,0,0,0,0
31.29,200.000000357628,306.999999761581,0,25.6176393044985,-99.4584656372491,863.256164550781,-12447.952209071,-25431.5195015718,-3192.85180664062,200,-312,0,0,0,0,0,0,0
31.3,200.000000357628,306.999999761581,0,27.9706208997153,-87.7840500544801,814.315124511719,-8878.23443156047,-23723.1816194576,-1200.65991210938,200,-312,0,0,0,0,0,0,0
31.31,200.000000357628,306.999999761581,0,29.2376096792325,-77.1956330042782,768.589111328125,-5693.8833540534,-22343.9589707997,-1296.43835449219,200,-312,0,0,0,0,0,0,0
31.32,200.000000357628,306.999999761581,0,26.3416326934916,-62.715744081358,733.937438964844,-2996.31254961019,-20808.0214772312,-2139.28759765625,200,-312,0,0,0,0,0,0,0
31.33,200.000000357628,306.999999761581,0,26.8846281660073,-54.4803085968128,689.640380859375,269.168867949881,-19648.2343756417,-1468.83898925781,200,-312,0,0,0,0,0,0,0
31.34,200.000000357628,306.999999761581,0,24.6221465056827,-42.2629013648561,652.130798339844,2479.96187054309,-18253.3613340377,-1775.33044433594,200,-312,0,0,0,0,0,0,0
31.35,200.000000357628,306.999999761581,0,26.1606349092795,-35.7469521192566,616.050170898438,5116.68697111397,-17030.8808715741,-1909.42028808594,200,-312,0,0,0,0,0,0,0
31.36,200.000000357628,306.999999761581,0,25.6176394753861,-27.7830143585626,605.333129882812,8747.25386392633,-17751.8320521051,-2100.9775390625,200,-312,0,0,0,0,0,0,0
31.37,200.000000357628,306.999999761581,0,18.1966952664816,-25.7015304999273,574.96826171875,11972.1718336479,-17344.3379191689,-3135.38330078125,200,-312,0,0,0,0,0,0,0
31.38,200.000000357628,306.999999761581,0,12.8572368177352,-18.6425857850486,572.824829101562,14365.4989838043,-16623.37503425,-3288.63012695312,200,-312,0,0,0,0,0,0,0
31.39,200.000000357628,306.999999761581,0,16.2962111997388,-18.0090904624372,561.393371582031,17103.6366783694,-16936.8320720282,-3058.76171875,200,-312,0,0,0,0,0,0,0
31.4,200.000000357628,306.999999761581,0,13.7622298851273,-14.3891182273918,559.249938964844,21058.7206619224,-17281.6328627079,-3039.6064453125,200,-312,0,0,0,0,0,0,0
31.41,200.000000357628,306.999999761581,0,14.0337276312025,-6.15368178852493,558.535522460938,24790.7108985394,-16341.2647075432,-4303.88330078125,200,-312,0,0,0,0,0,0,0
31.42,200.000000357628,306.999999761581,0,14.6672229605027,-6.78717664400869,556.034851074219,29333.9882404958,-17093.5586636877,-5223.35595703125,200,-312,0,0,0,0,0,0,0
31.43,200.000000357628,306.999999761581,0,14.4862241591807,-6.4251795160442,566.037414550781,32883.4101176631,-16184.5362112127,-4993.48486328125,200,-312,0,0,0,0,0,0,0
31.44,200.000000357628,306.999999761581,0,15.3912172248466,-2.89570692870907,563.893981933594,36818.2382398979,-17344.3379784065,-5299.9775390625,200,-312,0,0,0,0,0,0,0
31.45,200.000000357628,306.999999761581,0,14.1242275354558,4.88723322361892,594.258911132812,41523.7538630295,-18127.9708021253,-7177.23583984375,200,-312,0,0,0,0,0,0,0
31.46,200.000000357628,306.999999761581,0,17.5632000213306,10.2266921578331,618.908081054688,46046.7733909912,-19507.1876097841,-7177.23583984375,200,-312,0,0,0,0,0,0,0
31.47,200.000000357628,306.999999761581,0,19.1016884262219,17.2856368563135,651.416381835938,51015.9843278187,-19789.2872310066,-7215.5458984375,200,-312,0,0,0,0,0,0,0
31.48,200.000000357628,306.999999761581,0,23.4456558738914,21.4486045278414,686.42529296875,57100.7069821255,-20604.2872455137,-7407.10400390625,200,-312,0,0,0,0,0,0,0
31.49,200.000000357628,306.999999761581,0,28.0611191449679,27.421558313224,721.077026367188,61583.1601040989,-21873.7735843257,-7119.765625,200,-312,0,0,0,0,0,0,0
31.5,200.000000357628,306.999999761581,0,30.5046006114256,36.2904891240487,761.444458007812,67708.499942468,-24130.6622708046,-7732.7509765625,200,-312,0,0,0,0,0,0,0
31.51,200.000000357628,306.999999761581,0,29.5996075943073,53.1233596096048,797.525085449219,72981.9374400018,-25165.0802521275,-7311.32568359375,200,-312,0,0,0,0,0,0,0
31.52,200.000000357628,306.999999761581,0,34.667568360414,64.435775674182,856.111511230469,79026.1249349198,-27296.586125913,-7885.99658203125,200,-312,0,0,0,0,0,0,0
31.53,200.000000357628,306.999999761581,0,37.0205499653403,80.1826552462088,885.761901855469,83528.8124299127,-29396.7462928982,-8173.330078125,200,-312,0,0,0,0,0,0,0
31.54,200.000000357628,306.999999761581,0,42.088512642032,92.8525542209422,931.487854003906,88193.8124264749,-30838.6466946454,-7694.439453125,200,-312,0,0,0,0,0,0,0
31.55,200.000000357628,306.999999761581,0,43.084003706976,108.418434040346,967.211303710938,92960.1483624429,-31481.2326435093,-7522.0380859375,200,-312,0,0,0,0,0,0,0
31.56,200.000000357628,306.999999761581,0,47.1564715467484,123.441314584836,985.787475585938,97036.9452329589,-33361.9611688541,-6813.27783203125,200,-312,0,0,0,0,0,0,0
31.57,200.000000357628,306.999999761581,0,44.3509944432525,139.731185807345,1022.58258056641,101154.320230119,-34553.1213349207,-5491.53271484375,200,-312,0,0,0,0,0,0,0
31.58,200.000000357628,306.999999761581,0,46.9754756692376,150.138610727845,1014.72344970703,103872.179603101,-35399.4533726506,-4533.74853515625,200,-312,0,0,0,0,0,0,0
31.59,200.000000357628,306.999999761581,0,47.337471405313,166.518981820732,1025.08325195312,105798.992099888,-36747.3127522444,-3767.52221679688,200,-312,0,0,0,0,0,0,0
31.6,200.000000357628,306.999999761581,0,49.5094532580479,183.804351688601,1019.72467041016,105616.421788733,-36183.0705643092,-2139.28759765625,200,-312,0,0,0,0,0,0,0
31.61,200.000000357628,306.999999761581,0,50.7764439485818,195.931259034213,969.7119140625,104683.429601943,-35885.3127495847,-1526.30651855469,200,-312,0,0,0,0,0,0,0
31.62,200.000000357628,306.999999761581,0,43.7174992869976,212.945129290301,947.563415527344,100282.12491534,-35509.1643015912,1040.55590820312,200,-312,0,0,0,0,0,0,0
31.63,200.000000357628,306.999999761581,0,42.9935041151535,228.42050160648,892.906616210938,95434.6639820621,-33738.109602534,2266.51977539062,200,-312,0,0,0,0,0,0,0
31.64,200.000000357628,306.999999761581,0,37.9255452926445,232.31198111075,814.67236328125,87078.2733646476,-30556.5236451108,3549.9521484375,200,-312,0,0,0,0,0,0,0
31.65,200.000000357628,306.999999761581,0,0,0,0,0,0,0,200,-312,0,0,0,0,0,0,0
31.66,200.000000357628,306.999999761581,0,0,0,0,0,0,0,200,-312,0,0,0,0,0,0,0
31.67,200.000000357628,306.999999761581,0,0,0,0,0,0,0,200,-312,0,0,0,0,0,0,0
31.68,200.000000357628,306.999999761581,0,0,0,0,0,0,0,200,-312,0,0,0,0,0,0,0
31.69,200.000000357628,306.999999761581,0,0,0,0,0,0,0,200,-312,0,0,0,0,0,0,0
31.7,200.000000357628,306.999999761581,0,0,0,0,0,0,0,200,-312,0,0,0,0,0,0,0
31.71,200.000000357628,306.999999761581,0,0,0,0,0,0,0,200,-312,0,0,0,0,0,0,0
31.72,200.000000357628,306.999999761581,0,0,0,0,0,0,0,200,-312,0,0,0,0,0,0,0
31.73,200.000000357628,306.999999761581,0,0,0,0,0,0,0,200,-312,0,0,0,0,0,0,0
31.74,200.000000357628,306.999999761581,0,0,0,0,0,0,0,200,-312,0,0,0,0,0,0,0
31.75,200.000000357628,306.999999761581,0,0,0,0,0,0,0,200,-312,0,0,0,0,0,0,0
31.76,200.000000357628,306.999999761581,0,0,0,0,0,0,0,200,-312,0,0,0,0,0,0,0
31.77,200.000000357628,306.999999761581,0,0,0,0,0,0,0,200,-312,0,0,0,0,0,0,0
31.78,200.000000357628,306.999999761581,0,0,0,0,0,0,0,200,-312,0,0,0,0,0,0,0
31.79,200.000000357628,306.999999761581,0,0,0,0,0,0,0,200,-312,0,0,0,0,0,0,0
31.8,200.000000357628,306.999999761581,0,0,0,0,0,0,0,200,-312,0,0,0,0,0,0,0
31.81,200.000000357628,306.999999761581,0,0,0,0,0,0,0,200,-312,0,0,0,0,0,0,0
31.82,200.000000357628,306.999999761581,0,0,0,0,0,0,0,200,-312,0,0,0,0,0,0,0
31.83,200.000000357628,306.999999761581,0,0,0,0,0,0,0,200,-312,0,0,0,0,0,0,0
31.84,200.000000357628,306.999999761581,0,0,0,0,0,0,0,200,-312,0,0,0,0,0,0,0
31.85,200.000000357628,306.999999761581,0,0,0,0,0,0,0,200,-312,0,0,0,0,0,0,0
31.86,200.000000357628,306.999999761581,0,0,0,0,0,0,0,200,-312,0,0,0,0,0,0,0
31.87,200.000000357628,306.999999761581,0,0,0,0,0,0,0,200,-312,0,0,0,0,0,0,0
31.88,200.000000357628,306.999999761581,0,0,0,0,0,0,0,200,-312,0,0,0,0,0,0,0
31.89,200.000000357628,306.999999761581,0,0,0,0,0,0,0,200,-312,0,0,0,0,0,0,0
31.9,200.000000357628,306.999999761581,0,0,0,0,0,0,0,200,-312,0,0,0,0,0,0,0
31.91,200.000000357628,306.999999761581,0,0,0,0,0,0,0,200,-312,0,0,0,0,0,0,0
31.92,200.000000357628,306.999999761581,0,0,0,0,0,0,0,200,-312,0,0,0,0,0,0,0
31.93,200.000000357628,306.999999761581,0,0,0,0,0,0,0,200,-312,0,0,0,0,0,0,0
31.94,200.000000357628,306.999999761581,0,0,0,0,0,0,0,200,-312,0,0,0,0,0,0,0
31.95,200.000000357628,306.999999761581,0,0,0,0,0,0,0,200,-312,0,0,0,0,0,0,0
31.96,200.000000357628,306.999999761581,0,0,0,0,0,0,0,200,-312,0,0,0,0,0,0,0
31.97,200.000000357628,306.999999761581,0,0,0,0,0,0,0,200,-312,0,0,0,0,0,0,0
31.98,200.000000357628,306.999999761581,0,0,0,0,0,0,0,200,-312,0,0,0,0,0,0,0
31.99,200.000000357628,306.999999761581,0,0,0,0,0,0,0,200,-312,0,0,0,0,0,0,0
32,200.000000357628,306.999999761581,0,0,0,0,0,0,0,200,-312,0,0,0,0,0,0,0
32.01,200.000000357628,306.999999761581,0,0,0,0,0,0,0,200,-312,0,0,0,0,0,0,0
32.02,200.000000357628,306.999999761581,0,0,0,0,0,0,0,200,-312,0,0,0,0,0,0,0
32.03,200.000000357628,306.999999761581,0,0,0,0,0,0,0,200,-312,0,0,0,0,0,0,0
32.04,200.000000357628,306.999999761581,0,0,0,0,0,0,0,200,-312,0,0,0,0,0,0,0
32.05,200.000000357628,306.999999761581,0,0,0,0,0,0,0,200,-312,0,0,0,0,0,0,0
32.06,200.000000357628,306.999999761581,0,0,0,0,0,0,0,200,-312,0,0,0,0,0,0,0
32.07,200.000000357628,306.999999761581,0,0,0,0,0,0,0,200,-312,0,0,0,0,0,0,0
32.08,200.000000357628,306.999999761581,0,0,0,0,0,0,0,200,-312,0,0,0,0,0,0,0
32.09,200.000000357628,306.999999761581,0,0,0,0,0,0,0,200,-312,0,0,0,0,0,0,0
32.1,200.000000357628,306.999999761581,0,0,0,0,0,0,0,200,-312,0,0,0,0,0,0,0
32.11,200.000000357628,306.999999761581,0,0,0,0,0,0,0,200,-312,0,0,0,0,0,0,0
32.12,200.000000357628,306.999999761581,0,0,0,0,0,0,0,200,-312,0,0,0,0,0,0,0
32.13,200.000000357628,306.999999761581,0,0,0,0,0,0,0,200,-312,0,0,0,0,0,0,0
32.14,200.000000357628,306.999999761581,0,0,0,0,0,0,0,200,-312,0,0,0,0,0,0,0
32.15,200.000000357628,306.999999761581,0,0,0,0,0,0,0,200,-312,0,0,0,0,0,0,0
32.16,200.000000357628,306.999999761581,0,0,0,0,0,0,0,200,-312,0,0,0,0,0,0,0
32.17,200.000000357628,306.999999761581,0,0,0,0,0,0,0,200,-312,0,0,0,0,0,0,0
32.18,200.000000357628,306.999999761581,0,0,0,0,0,0,0,200,-312,0,0,0,0,0,0,0
32.19,200.000000357628,306.999999761581,0,0,0,0,0,0,0,200,-312,0,0,0,0,0,0,0
32.2,200.000000357628,306.999999761581,0,0,0,0,0,0,0,200,-312,0,0,0,0,0,0,0
32.21,200.000000357628,306.999999761581,0,0,0,0,0,0,0,200,-312,0,0,0,0,0,0,0
32.22,200.000000357628,306.999999761581,0,0,0,0,0,0,0,200,-312,0,0,0,0,0,0,0
32.23,200.000000357628,306.999999761581,0,0,0,0,0,0,0,200,-312,0,0,0,0,0,0,0
32.24,200.000000357628,306.999999761581,0,0,0,0,0,0,0,200,-312,0,0,0,0,0,0,0
32.25,200.000000357628,306.999999761581,0,0,0,0,0,0,0,200,-312,0,0,0,0,0,0,0
32.26,200.000000357628,306.999999761581,0,0,0,0,0,0,0,200,-312,0,0,0,0,0,0,0
32.27,200.000000357628,306.999999761581,0,0,0,0,0,0,0,200,-312,0,0,0,0,0,0,0
32.28,200.000000357628,306.999999761581,0,0,0,0,0,0,0,200,-312,0,0,0,0,0,0,0
32.29,200.000000357628,306.999999761581,0,0,0,0,0,0,0,200,-312,0,0,0,0,0,0,0
32.3,200.000000357628,306.999999761581,0,0,0,0,0,0,0,200,-312,0,0,0,0,0,0,0
32.31,200.000000357628,306.999999761581,0,0,0,0,0,0,0,200,-312,0,0,0,0,0,0,0
32.32,200.000000357628,306.999999761581,0,0,0,0,0,0,0,200,-312,0,0,0,0,0,0,0
32.33,200.000000357628,306.999999761581,0,0,0,0,0,0,0,200,-312,0,0,0,0,0,0,0
32.34,200.000000357628,306.999999761581,0,0,0,0,0,0,0,200,-312,0,0,0,0,0,0,0

Time,Force_Fx1,Force_Fy1,Force_Fz1,Moment_Mx1,Moment_My1,Moment_Mz1,Force_Fx2,Force_Fy2,Force_Fz2,Moment_Mx2,Moment_My2,Moment_Mz2,Voltage_emg1,Voltage_emg2,Voltage_emg3,Voltage_4,Voltage_5,Voltage_6,Force_1,Force_Synchro
s,N,N,N,Nmm,Nmm,Nmm,N,N,N,Nmm,Nmm,Nmm,V,V,V,V,V,V,,
29.86,-0,-0,-0,-0,-0,-0,-0,-0,-0,-0,-0,-0,-0.00091552734375,0.0103759765625,-0.01983642578125,-0.0011444091796875,-0.00732421875,-0.0156402587890625,0.01220703125,4.99984741210938
29.86099638409,-0,-0,-0,-0,-0,-0,-0,-0,-0,-0,-0,-0,0.0091552734375,-0.0067138671875,-0.0091552734375,-0.0005340576171875,-0.00293731689453125,-0.0148391723632812,-0.054931640625,4.99984741210938
29.86199276818,-0,-0,-0,-0,-0,-0,-0,-0,-0,-0,-0,-0,0.01312255859375,0.003662109375,-0.00732421875,-0.020904541015625,0.00972747802734375,0.0338363647460938,-0.00213623046875,4.99984741210938
29.86298915227,-0,-0,-0,-0,-0,-0,-0,-0,-0,-0,-0,-0,0.0042724609375,0.0054931640625,0.001220703125,-0.00057220458984375,-0.00942230224609375,-0.0176620483398438,0.02288818359375,4.99984741210938
29.86398553636,-0,-0,-0,-0,-0,-0,-0,-0,-0,-0,-0,-0,0.0140380859375,0.00823974609375,0.01434326171875,0.015869140625,-0.00225067138671875,0.0396728515625,0.00213623046875,4.99984741210938
29.86498192045,-0,-0,-0,-0,-0,-0,-0,-0,-0,-0,-0,-0,-0.01220703125,0.0048828125,0.0152587890625,0.0104141235351562,0.00732421875,-0.0587844848632812,0.0103759765625,4.99984741210938
29.86597830454,-0,-0,-0,-0,-0,-0,-0,-0,-0,-0,-0,-0,0.0042724609375,0.0140380859375,-0.00732421875,0.00392913818359375,0.0114822387695312,0.0213241577148438,0.0390625,4.99984741210938
29.86697468863,-0,-0,-0,-0,-0,-0,-0,-0,-0,-0,-0,-0,0.00885009765625,0.00396728515625,0.00030517578125,-0.00370025634765625,0.0162506103515625,0.0471115112304688,-0.00335693359375,4.99984741210938
29.86797107272,-0,-0,-0,-0,-0,-0,-0,-0,-0,-0,-0,-0,0.01556396484375,-0.00152587890625,0.01220703125,0.0220108032226562,0.004730224609375,-0.0204086303710938,-0.025634765625,4.99984741210938
29.86896745681,-0,-0,-0,-0,-0,-0,-0,-0,-0,-0,-0,-0,0.0140380859375,0.0048828125,0.01953125,-0.0052642822265625,0.0208282470703125,-0.00179290771484375,-0.00213623046875,4.99984741210938
29.8699638409,-0,-0,-0,-0,-0,-0,-0,-0,-0,-0,-0,-0,0.01007080078125,0.01007080078125,-0.00396728515625,0.02105712890625,0.00095367431640625,0.01678466796875,0.00396728515625,4.99984741210938
29.87096022499,-0,-0,-0,-0,-0,-0,-0,-0,-0,-0,-0,-0,0.0152587890625,-0.001220703125,-0.010986328125,0.000152587890625,0.0008392333984375,0.00034332275390625,0.00091552734375,4.99984741210938
29.87195660908,-0,-0,-0,-0,-0,-0,-0,-0,-0,-0,-0,-0,-0.0177001953125,0.001220703125,0.00701904296875,-0.0175094604492188,-0.01739501953125,-0.0055694580078125,0.029296875,4.99984741210938
29.8729529931699,-0,-0,-0,-0,-0,-0,-0,-0,-0,-0,-0,-0,-0.00030517578125,0.00579833984375,-0.01373291015625,-0.00659942626953125,-0.0112152099609375,-0.00270843505859375,-0.01434326171875,4.99984741210938
29.8739493772599,-0,-0,-0,-0,-0,-0,-0,-0,-0,-0,-0,-0,0.00885009765625,-0.0030517578125,-0.008544921875,-0.00095367431640625,-0.0264358520507812,-0.0051116943359375,0.0274658203125,4.99984741210938
29.8749457613499,-0,-0,-0,-0,-0,-0,-0,-0,-0,-0,-0,-0,0,0.01861572265625,-0.00335693359375,-0.0064849853515625,-0.0159072875976562,-0.015411376953125,0.01220703125,4.99984741210938
29.8759421454399,-0,-0,-0,-0,-0,-0,-0,-0,-0,-0,-0,-0,-0.00518798828125,0.0030517578125,-0.02410888671875,0.0208663940429688,-0.003509521484375,-0.0173568725585938,0.00701904296875,4.99984741210938
29.8769385295299,-0,-0,-0,-0,-0,-0,-0,-0,-0,-0,-0,-0,-0.020751953125,-0.00457763671875,-0.0103759765625,-0.0125503540039062,0.00873565673828125,-0.0148391723632812,-0.0103759765625,4.99984741210938
29.8779349136199,-0,-0,-0,-0,-0,-0,-0,-0,-0,-0,-0,-0,-0.020751953125,0.0091552734375,-0.02777099609375,-0.0067901611328125,-0.0067901611328125,-0.0138473510742188,0.02593994140625,4.99984741210938
29.8789312977099,-0,-0,-0,-0,-0,-0,-0,-0,-0,-0,-0,-0,-0.0103759765625,0.00030517578125,-0.0299072265625,-0.011138916015625,-0.00171661376953125,-0.0089263916015625,-0.00762939453125,4.99984741210938
29.8799276817999,-0,-0,-0,-0,-0,-0,-0,-0,-0,-0,-0,-0,-0.0067138671875,-0.00457763671875,0,-0.00873565673828125,-0.00885009765625,-0.0070953369140625,0.0006103515625,4.99984741210938
29.8809240658899,-0,-0,-0,-0,-0,-0,-0,-0,-0,-0,-0,-0,0.00946044921875,0.003662109375,0.0006103515625,0.0266265869140625,-0.00186920166015625,0.0096893310546875,-0.00335693359375,4.99984741210938
29.8819204499799,-0,-0,-0,-0,-0,-0,-0,-0,-0,-0,-0,-0,0.0018310546875,0.00823974609375,-0.0067138671875,-0.0222396850585938,-0.0131988525390625,0.0102996826171875,-0.0030517578125,4.99984741210938
29.8829168340699,-0,-0,-0,-0,-0,-0,-0,-0,-0,-0,-0,-0,0.00518798828125,0.0091552734375,0.00701904296875,0.009613037109375,0.0023651123046875,0.0127410888671875,-0.001220703125,4.99984741210938
29.8839132181599,-0,-0,-0,-0,-0,-0,-0,-0,-0,-0,-0,-0,0.0006103515625,0.00091552734375,0.00152587890625,0.00362396240234375,0.027618408203125,-0.0093841552734375,-0.0115966796875,4.99984741210938
29.8849096022499,-0,-0,-0,-0,-0,-0,-0,-0,-0,-0,-0,-0,-0.0006103515625,-0.00274658203125,-0.00274658203125,0.009307861328125,0.004730224609375,-0.00370025634765625,-0.0091552734375,4.99984741210938
29.8859059863399,-0,-0,-0,-0,-0,-0,-0,-0,-0,-0,-0,-0,0.00701904296875,0.00946044921875,0.020751953125,0.018463134765625,0.00335693359375,-0.0186538696289062,0.0091552734375,4.99984741210938
29.8869023704299,-0,-0,-0,-0,-0,-0,-0,-0,-0,-0,-0,-0,0.01708984375,0.00213623046875,-0.0042724609375,7.62939453125e-05,0.0176239013671875,0.0233078002929688,-0.013427734375,4.99984741210938
29.8878987545199,-0,-0,-0,-0,-0,-0,-0,-0,-0,-0,-0,-0,0.00518798828125,-0.008544921875,0.01861572265625,-0.0102996826171875,0.0091552734375,-0.0254440307617188,-0.02197265625,4.99984741210938
29.8888951386099,-0,-0,-0,-0,-0,-0,-0,-0,-0,-0,-0,-0,0.01251220703125,0.00823974609375,-0.0115966796875,0.0225830078125,0.0160598754882812,-0.00476837158203125,-0.015869140625,4.99984741210938
29.8898915226999,-0,-0,-0,-0,-0,-0,-0,-0,-0,-0,-0,-0,0.01068115234375,0.00701904296875,0.00579833984375,0.0214385986328125,-0.005035400390625,0.0461196899414062,0.0140380859375,4.99984741210938
29.8908879067899,-0,-0,-0,-0,-0,-0,-0,-0,-0,-0,-0,-0,0.0018310546875,-0.00030517578125,0.00518798828125,-0.00774383544921875,0.00194549560546875,-0.0205230712890625,-0.01739501953125,4.99984741210938
29.8918842908799,-0,-0,-0,-0,-0,-0,-0,-0,-0,-0,-0,-0,0.00335693359375,0.008544921875,0.0146484375,0.00576019287109375,0.0164031982421875,0.014801025390625,-0.02655029296875,4.99984741210938
29.8928806749699,-0,-0,-0,-0,-0,-0,-0,-0,-0,-0,-0,-0,-0.00335693359375,-0.00030517578125,0.00396728515625,0.0045013427734375,-0.007476806640625,0.0159072875976562,0.00457763671875,4.99984741210938
29.8938770590599,-0,-0,-0,-0,-0,-0,-0,-0,-0,-0,-0,-0,-0.0030517578125,-0.0152587890625,0.00732421875,-0.0025177001953125,-0.008544921875,0.0180435180664062,-0.0164794921875,4.99984741210938
29.8948734431499,-0,-0,-0,-0,-0,-0,-0,-0,-0,-0,-0,-0,-0.00091552734375,0.01556396484375,-0.01983642578125,-0.0257492065429688,-0.0190353393554688,0.0269699096679688,0.01434326171875,4.99984741210938
29.8958698272399,-0,-0,-0,-0,-0,-0,-0,-0,-0,-0,-0,-0,-0.00396728515625,-0.00152587890625,-0.0128173828125,-0.00698089599609375,-0.0164794921875,-0.049591064453125,0.0128173828125,4.99984741210938
29.8968662113299,-0,-0,-0,-0,-0,-0,-0,-0,-0,-0,-0,-0,-0.003662109375,0.0006103515625,-0.0146484375,-0.0079345703125,-0.002593994140625,0.0122833251953125,0.0152587890625,4.99984741210938
29.8978625954198,-0,-0,-0,-0,-0,-0,-0,-0,-0,-0,-0,-0,-0.013427734375,0.0048828125,-0.00091552734375,0.00591278076171875,-0.0228118896484375,0.0475311279296875,-0.00274658203125,4.99984741210938
29.8988589795098,-0,-0,-0,-0,-0,-0,-0,-0,-0,-0,-0,-0,0.0018310546875,-0.003662109375,-0.00946044921875,0.0159072875976562,-0.05950927734375,0.00579833984375,-0.0244140625,4.99984741210938
29.8998553635998,-0,-0,-0,-0,-0,-0,-0,-0,-0,-0,-0,-0,-0.0152587890625,0.00701904296875,-0.00518798828125,-0.0165939331054688,-0.007781982421875,0.0023651123046875,-0.00244140625,4.99984741210938
29.9008517476898,-0,-0,-0,-0,-0,-0,-0,-0,-0,-0,-0,-0,0.00885009765625,-0.00457763671875,-0.01068115234375,0.00244140625,-0.00026702880859375,0.019683837890625,0.023193359375,4.99984741210938
29.9018481317798,-0,-0,-0,-0,-0,-0,-0,-0,-0,-0,-0,-0,0.00335693359375,-0.01129150390625,-0.003662109375,0.00667572021484375,0.004119873046875,0.0049591064453125,0.0048828125,4.99984741210938
29.9028445158698,-0,-0,-0,-0,-0,-0,-0,-0,-0,-0,-0,-0,0.00823974609375,0.00274658203125,0.0103759765625,-0.0016021728515625,-0.014495849609375,-0.0291061401367188,0.00823974609375,4.99984741210938
29.9038408999598,-0,-0,-0,-0,-0,-0,-0,-0,-0,-0,-0,-0,0.003662109375,0.0042724609375,0.00823974609375,0.00606536865234375,0.026092529296875,-0.0141525268554688,-0.030517578125,4.99984741210938
29.9048372840498,-0,-0,-0,-0,-0,-0,-0,-0,-0,-0,-0,-0,0.01251220703125,-0.00640869140625,0.0054931640625,0.0313186645507812,0.0098419189453125,0.015869140625,-0.01190185546875,4.99984741210938
29.9058336681398,-0,-0,-0,-0,-0,-0,-0,-0,-0,-0,-0,-0,0.00518798828125,0.00396728515625,0.01678466796875,0.0157546997070312,0.023040771484375,0.019989013671875,-0.01068115234375,4.99984741210938
29.9068300522298,-0,-0,-0,-0,-0,-0,-0,-0,-0,-0,-0,-0,0.00762939453125,0.0103759765625,0.0018310546875,0.0086212158203125,0.0176620483398438,0.0353240966796875,0.02532958984375,4.99984741210938
29.9078264363198,-0,-0,-0,-0,-0,-0,-0,-0,-0,-0,-0,-0,-0.01007080078125,0.01068115234375,0.00274658203125,0.01190185546875,0.0250244140625,-0.0008392333984375,-0.01434326171875,4.99984741210938
29.9088228204098,-0,-0,-0,-0,-0,-0,-0,-0,-0,-0,-0,-0,-0.008544921875,0.0091552734375,-0.01617431640625,-0.00995635986328125,0.0281143188476562,-0.0153350830078125,-0.00640869140625,4.99984741210938
29.9098192044998,-0,-0,-0,-0,-0,-0,-0,-0,-0,-0,-0,-0,0.00518798828125,-0.00518798828125,-0.00518798828125,0.00728607177734375,0.006103515625,0.0220108032226562,-0.01617431640625,4.99984741210938
29.9108155885898,-0,-0,-0,-0,-0,-0,-0,-0,-0,-0,-0,-0,0.003662109375,0.00152587890625,0.01068115234375,-0.00453948974609375,0.0029754638671875,-0.0125885009765625,-0.032958984375,4.99984741210938
29.9118119726798,-0,-0,-0,-0,-0,-0,-0,-0,-0,-0,-0,-0,0.00274658203125,0.00396728515625,0.001220703125,-0.020294189453125,-0.00484466552734375,0.01617431640625,-0.01617431640625,4.99984741210938
29.9128083567698,-0,-0,-0,-0,-0,-0,-0,-0,-0,-0,-0,-0,0.009765625,0.0067138671875,0.00091552734375,-0.006256103515625,0.0087738037109375,0.006103515625,-0.009765625,4.99984741210938
29.9138047408598,-0,-0,-0,-0,-0,-0,-0,-0,-0,-0,-0,-0,0.0018310546875,0.00579833984375,-0.0152587890625,-0.006103515625,-0.0107955932617188,-0.00034332275390625,-0.001220703125,4.99984741210938
29.9148011249498,-0,-0,-0,-0,-0,-0,-0,-0,-0,-0,-0,-0,0.0079345703125,-0.00396728515625,-0.0286865234375,7.62939453125e-05,-0.00823974609375,0.032196044921875,0.030517578125,4.99984741210938
29.9157975090398,-0,-0,-0,-0,-0,-0,-0,-0,-0,-0,-0,-0,-0.00823974609375,0.0006103515625,-0.0103759765625,-0.0122833251953125,-0.0153732299804688,-0.0489425659179688,-0.003662109375,4.99984741210938
29.9167938931298,-0,-0,-0,-0,-0,-0,-0,-0,-0,-0,-0,-0,-0.0006103515625,0.00640869140625,-0.01495361328125,0.01129150390625,-0.00400543212890625,0.0190353393554688,0.02471923828125,4.99984741210938
29.9177902772198,-0,-0,-0,-0,-0,-0,-0,-0,-0,-0,-0,-0,0.0006103515625,0.0079345703125,-0.015869140625,-0.013885498046875,-0.0174713134765625,0.0083160400390625,0.0372314453125,4.99984741210938
29.9187866613098,-0,-0,-0,-0,-0,-0,-0,-0,-0,-0,-0,-0,-0.0128173828125,0.00457763671875,-0.00762939453125,-0.0060272216796875,-0.0138473510742188,-0.00736236572265625,0.00762939453125,4.99984741210938
29.9197830453998,-0,-0,-0,-0,-0,-0,-0,-0,-0,-0,-0,-0,-0.0054931640625,0.00885009765625,-0.0128173828125,-0.008087158203125,-0.00911712646484375,-0.032501220703125,-0.00457763671875,4.99984741210938
29.9207794294898,-0,-0,-0,-0,-0,-0,-0,-0,-0,-0,-0,-0,0.00396728515625,0.0091552734375,0.01434326171875,-0.0240707397460938,-0.00377655029296875,-0.00850677490234375,0.00335693359375,4.99984741210938
29.9217758135797,-0,-0,-0,-0,-0,-0,-0,-0,-0,-0,-0,-0,0.013427734375,-0.00091552734375,-0.01312255859375,0.000152587890625,0.00247955322265625,0.0112152099609375,0.009765625,4.99984741210938
29.9227721976697,-0,-0,-0,-0,-0,-0,-0,-0,-0,-0,-0,-0,0.00091552734375,-0.0054931640625,-0.0018310546875,0.00732421875,0.0101089477539062,0.0074005126953125,0.00152587890625,4.99984741210938
29.9237685817597,-0,-0,-0,-0,-0,-0,-0,-0,-0,-0,-0,-0,0.009765625,0.00518798828125,0.03204345703125,0.0239944458007812,0.0025177001953125,-0.0267791748046875,-0.0152587890625,4.99984741210938
29.9247649658497,-0,-0,-0,-0,-0,-0,-0,-0,-0,-0,-0,-0,-0.006103515625,0.0018310546875,0.01373291015625,0.0178909301757812,0.0333023071289062,-0.037689208984375,0.0146484375,4.99984741210938
29.9257613499397,-0,-0,-0,-0,-0,-0,-0,-0,-0,-0,-0,-0,-0.00579833984375,0.003662109375,0.0018310546875,0.0019073486328125,0.0214767456054688,-0.0110244750976562,0.0091552734375,4.99984741210938
29.9267577340297,-0,-0,-0,-0,-0,-0,-0,-0,-0,-0,-0,-0,0.00762939453125,0.00885009765625,0.0042724609375,0.0087738037109375,0.00530242919921875,0.019989013671875,-0.0091552734375,4.99984741210938
29.9277541181197,-0,-0,-0,-0,-0,-0,-0,-0,-0,-0,-0,-0,0.020751953125,-0.00762939453125,0.0299072265625,-0.00186920166015625,0.00110626220703125,0.0142669677734375,0.03814697265625,4.99984741210938
29.9287505022097,-0,-0,-0,-0,-0,-0,-0,-0,-0,-0,-0,-0,0.0042724609375,0.01007080078125,0.010986328125,-0.0115966796875,0.021209716796875,-0.0154495239257812,-0.00823974609375,4.99984741210938
29.9297468862997,-0,-0,-0,-0,-0,-0,-0,-0,-0,-0,-0,-0,0.001220703125,0.00457763671875,0.02044677734375,-0.0060272216796875,0.0165557861328125,0.00308990478515625,-0.00640869140625,4.99984741210938
29.9307432703897,-0,-0,-0,-0,-0,-0,-0,-0,-0,-0,-0,-0,-0.00335693359375,-0.0115966796875,-0.00885009765625,0.00518798828125,-0.00118255615234375,0.0026702880859375,0.01800537109375,4.99984741210938
29.9317396544797,-0,-0,-0,-0,-0,-0,-0,-0,-0,-0,-0,-0,0.0006103515625,0.00457763671875,0.00335693359375,-0.00102996826171875,-0.003662109375,-0.0200653076171875,-0.00030517578125,4.99984741210938
29.9327360385697,-0,-0,-0,-0,-0,-0,-0,-0,-0,-0,-0,-0,-0.00274658203125,-0.00274658203125,-0.02197265625,-3.814697265625e-05,-0.00579833984375,-0.0005340576171875,0.00152587890625,4.99984741210938
29.9337324226597,-0,-0,-0,-0,-0,-0,-0,-0,-0,-0,-0,-0,-0.01190185546875,-0.00579833984375,-0.01220703125,-0.015716552734375,-0.00072479248046875,-0.0122833251953125,-0.02655029296875,4.99984741210938
29.9347288067497,-0,-0,-0,-0,-0,-0,-0,-0,-0,-0,-0,-0,0.0018310546875,-0.0079345703125,0,-0.0016021728515625,-0.0132369995117188,-0.0406265258789062,0.00152587890625,4.99984741210938
29.9357251908397,-0,-0,-0,-0,-0,-0,-0,-0,-0,-0,-0,-0,-0.008544921875,0.00091552734375,-0.0164794921875,-0.02410888671875,-0.0157928466796875,0.0075531005859375,-0.00152587890625,4.99984741210938
29.9367215749297,-0,-0,-0,-0,-0,-0,-0,-0,-0,-0,-0,-0,0.00396728515625,-0.01007080078125,-0.00946044921875,0.00522613525390625,-0.0126266479492188,-0.007476806640625,-0.00946044921875,4.99984741210938
29.9377179590197,-0,-0,-0,-0,-0,-0,-0,-0,-0,-0,-0,-0,0.00579833984375,0.0042724609375,-0.01007080078125,-0.0103759765625,0.006561279296875,-0.0009918212890625,0.00518798828125,4.99984741210938
29.9387143431097,-0,-0,-0,-0,-0,-0,-0,-0,-0,-0,-0,-0,-0.02349853515625,0.00335693359375,-0.00946044921875,0.006561279296875,-0.013580322265625,-0.003204345703125,-0.0579833984375,4.99984741210938
29.9397107271997,-0,-0,-0,-0,-0,-0,-0,-0,-0,-0,-0,-0,0.0006103515625,-0.009765625,0.00030517578125,-0.00476837158203125,-0.0090789794921875,0.0294113159179688,0.00091552734375,4.99984741210938
29.9407071112897,-0,-0,-0,-0,-0,-0,-0,-0,-0,-0,-0,-0,-0.00030517578125,-0.00213623046875,-0.00579833984375,0.013275146484375,0.0083160400390625,-0.0218963623046875,0.01953125,4.99984741210938
29.9417034953797,-0,-0,-0,-0,-0,-0,-0,-0,-0,-0,-0,-0,-0.010986328125,0.00091552734375,0.01953125,0.0037384033203125,-0.0172042846679688,0.00274658203125,-0.02960205078125,4.99984741210938
29.9426998794697,-0,-0,-0,-0,-0,-0,-0,-0,-0,-0,-0,-0,0.01068115234375,0.00518798828125,-0.01251220703125,-0.018310546875,-0.00457763671875,0.0023651123046875,-0.00946044921875,4.99984741210938
29.9436962635597,-0,-0,-0,-0,-0,-0,-0,-0,-0,-0,-0,-0,0.01861572265625,-0.00030517578125,0.02105712890625,-0.0177001953125,0.00919342041015625,0.0348663330078125,0.02349853515625,4.99984741210938
29.9446926476497,-0,-0,-0,-0,-0,-0,-0,-0,-0,-0,-0,-0,0.01007080078125,0.01373291015625,0.00152587890625,0.00705718994140625,0.0163650512695312,-0.00118255615234375,0.02471923828125,4.99984741210938
29.9456890317397,-0,-0,-0,-0,-0,-0,-0,-0,-0,-0,-0,-0,-0.00762939453125,0.0042724609375,0.0341796875,0.0026702880859375,0.0175857543945312,0.00659942626953125,0.003662109375,4.99984741210938
29.9466854158296,-0,-0,-0,-0,-0,-0,-0,-0,-0,-0,-0,-0,-0.00091552734375,0.00701904296875,-0.00244140625,-0.0168609619140625,0.0115203857421875,0.013427734375,0.00091552734375,4.99984741210938
29.9476817999196,-0,-0,-0,-0,-0,-0,-0,-0,-0,-0,-0,-0,0.00152587890625,0.00030517578125,0.01708984375,0.0067138671875,-0.0130844116210938,0.0551223754882812,0.0421142578125,4.99984741210938
29.9486781840096,-0,-0,-0,-0,-0,-0,-0,-0,-0,-0,-0,-0,0.0018310546875,0.013427734375,0.00701904296875,-0.0127029418945312,0.0140762329101562,0.0138092041015625,-0.009765625,4.99984741210938
29.9496745680996,-0,-0,-0,-0,-0,-0,-0,-0,-0,-0,-0,-0,-0.00213623046875,0.009765625,0.0177001953125,-0.0067138671875,0.0143051147460938,0.0132369995117188,-0.02197265625,4.99984741210938
29.9506709521896,-0,-0,-0,-0,-0,-0,-0,-0,-0,-0,-0,-0,0.00457763671875,-0.009765625,-0.00152587890625,0.0042724609375,-0.00026702880859375,0.00278472900390625,0.01922607421875,4.99984741210938
29.9516673362796,-0,-0,-0,-0,-0,-0,-0,-0,-0,-0,-0,-0,-0.0054931640625,-0.0006103515625,-0.00823974609375,0.0054931640625,0.00339508056640625,-0.002899169921875,-0.00335693359375,4.99984741210938
29.9526637203696,-0,-0,-0,-0,-0,-0,-0,-0,-0,-0,-0,-0,-0.0042724609375,-0.010986328125,-0.02716064453125,0.0154495239257812,0.0205230712890625,0.0440216064453125,0.02288818359375,4.99984741210938
29.9536601044596,-0,-0,-0,-0,-0,-0,-0,-0,-0,-0,-0,-0,0.00152587890625,-0.0091552734375,-0.010986328125,0.0067901611328125,-0.0167465209960938,0.00438690185546875,-0.02166748046875,4.99984741210938
29.9546564885496,-0,-0,-0,-0,-0,-0,-0,-0,-0,-0,-0,-0,0.0079345703125,0.0048828125,-0.01922607421875,-0.00988006591796875,-0.00522613525390625,-0.0273895263671875,-0.02410888671875,4.99984741210938
29.9556528726396,-0,-0,-0,-0,-0,-0,-0,-0,-0,-0,-0,-0,-0.00762939453125,0.0018310546875,-0.01373291015625,-0.0006866455078125,-0.0228500366210938,0.00080108642578125,0.02288818359375,4.99984741210938
29.9566492567296,-0,-0,-0,-0,-0,-0,-0,-0,-0,-0,-0,-0,-0.0152587890625,-0.0018310546875,-0.02227783203125,-0.0086212158203125,-0.0222396850585938,-0.0399017333984375,0.02044677734375,4.99984741210938
29.9576456408196,-0,-0,-0,-0,-0,-0,-0,-0,-0,-0,-0,-0,0.01068115234375,-0.0018310546875,-0.01129150390625,0.00247955322265625,0.00698089599609375,-0.0386810302734375,0.01007080078125,4.99984741210938
29.9586420249096,-2.25614619255066,-0.362268000841141,26.6139392852783,-400.153472900391,-115.211013793945,166.252258300781,-0,-0,-0,-0,-0,-0,0.00457763671875,-0.0079345703125,-0.02410888671875,0.00492095947265625,-0.0149154663085938,-0.0231552124023438,-0.00762939453125,4.99984741210938
29.9596384089996,0.0968356058001518,1.90021455287933,29.1145782470703,309.733856201172,-52.5196838378906,-293.484375,-0,-0,-0,-0,-0,-0,-0.003662109375,0.006103515625,-0.00762939453125,-0.003509521484375,-0.0084686279296875,-0.0307464599609375,0.00335693359375,4.99984741210938
29.9606347930896,-0,-0,-0,-0,-0,-0,-0,-0,-0,-0,-0,-0,-0.008544921875,0.00091552734375,-0.0115966796875,-0.0016021728515625,-0.00904083251953125,0.0226593017578125,-0.0323486328125,4.99984741210938
29.9616311771796,-0,-0,-0,-0,-0,-0,-0,-0,-0,-0,-0,-0,-0.00213623046875,0.00152587890625,0.01678466796875,-0.0111007690429688,-0.014801025390625,0.0199127197265625,0.03082275390625,4.99984741210938
29.9626275612696,-0,-0,-0,-0,-0,-0,-0,-0,-0,-0,-0,-0,0.0048828125,0.00640869140625,0.003662109375,0.01861572265625,0.0055694580078125,0.0121307373046875,0.0048828125,4.99984741210938
29.9636239453596,-0,-0,-0,-0,-0,-0,-0,-0,-0,-0,-0,-0,0.00396728515625,0.00030517578125,0.0048828125,-0.0042724609375,0.00278472900390625,0.0518798828125,0.0189208984375,4.99984741210938
29.9646203294496,-0,-0,-0,-0,-0,-0,-0,-0,-0,-0,-0,-0,-0.0006103515625,0.00732421875,0.01220703125,0.000457763671875,-0.00247955322265625,0.0238418579101562,0.00579833984375,4.99984741210938
29.9656167135396,-0,-0,-0,-0,-0,-0,-0,-0,-0,-0,-0,-0,0.006103515625,0.00244140625,0.00579833984375,0.0186920166015625,0.0168228149414062,0.0333404541015625,0.0213623046875,4.99984741210938
29.9666130976296,-0,-0,-0,-0,-0,-0,-0,-0,-0,-0,-0,-0,0.00640869140625,0.006103515625,0.0152587890625,0.0072479248046875,0.0244903564453125,0.0087738037109375,-0.01617431640625,4.99984741210938
29.9676094817196,-0,-0,-0,-0,-0,-0,-0,-0,-0,-0,-0,-0,0.0042724609375,0.001220703125,0.00762939453125,0.0423431396484375,0.00400543212890625,0.0269317626953125,-0.05950927734375,4.99984741210938
29.9686058658096,-0,-0,-0,-0,-0,-0,-0,-0,-0,-0,-0,-0,0.0091552734375,0.0048828125,0.0164794921875,-0.00347137451171875,-0.00274658203125,0.0333786010742188,-0.01708984375,4.99984741210938
29.9696022498996,-0,-0,-0,-0,-0,-0,-0,-0,-0,-0,-0,-0,0.01922607421875,0.00823974609375,0.01007080078125,0.0058746337890625,0.0113296508789062,0.0179290771484375,-0.0299072265625,4.99984741210938
29.9705986339896,-0,-0,-0,-0,-0,-0,-0,-0,-0,-0,-0,-0,0.00640869140625,0.01220703125,-0.0018310546875,-0.020751953125,0.0035858154296875,-0.0005340576171875,0.0006103515625,4.99984741210938
29.9715950180796,-0,-0,-0,-0,-0,-0,-0,-0,-0,-0,-0,-0,0.0048828125,0.01129150390625,0.020751953125,-0.020751953125,-0.00232696533203125,-0.0238800048828125,-0.03143310546875,4.99984741210938
29.9725914021695,-0,-0,-0,-0,-0,-0,-0,-0,-0,-0,-0,-0,-0.00396728515625,-0.01617431640625,-0.0152587890625,-0.016632080078125,-0.0232315063476562,0.0022125244140625,0.020751953125,4.99984741210938
29.9735877862595,-0,-0,-0,-0,-0,-0,-0,-0,-0,-0,-0,-0,-0.01251220703125,0.0079345703125,-0.01312255859375,0.0201416015625,-0.0159072875976562,-0.0416946411132812,0.0048828125,4.99984741210938
29.9745841703495,-0,-0,-0,-0,-0,-0,-0,-0,-0,-0,-0,-0,0.00274658203125,0.00640869140625,-0.0311279296875,0.00885009765625,0.0022125244140625,0.0226211547851562,-0.01495361328125,4.99984741210938
29.9755805544395,-0,-0,-0,-0,-0,-0,-0,-0,-0,-0,-0,-0,-0.00396728515625,-0.01251220703125,-0.0091552734375,-0.0320053100585938,-0.0244522094726562,-0.0203704833984375,-0.00030517578125,4.99984741210938
29.9765769385295,-0,-0,-0,-0,-0,-0,-0,-0,-0,-0,-0,-0,-0.015869140625,-0.01556396484375,0.00030517578125,-0.00514984130859375,-0.0268936157226562,0.0136184692382812,0.02288818359375,4.99984741210938
29.9775733226195,-0,-0,-0,-0,-0,-0,-0,-0,-0,-0,-0,-0,-0.0067138671875,-0.0042724609375,-0.00091552734375,-0.00469207763671875,-0.0002288818359375,-0.0340652465820312,-0.0018310546875,4.99984741210938
29.9785697067095,-0,-0,-0,-0,-0,-0,-0,-0,-0,-0,-0,-0,-0.0018310546875,-0.00244140625,0.00640869140625,0.0032806396484375,-0.0128936767578125,0.00583648681640625,-0.013427734375,4.99984741210938
29.9795660907995,-0,-0,-0,-0,-0,-0,-0,-0,-0,-0,-0,-0,0.001220703125,0.0006103515625,-0.01800537109375,0.00698089599609375,-0.0055694580078125,-0.00652313232421875,0.00244140625,4.99984741210938
29.9805624748895,-0,-0,-0,-0,-0,-0,-0,-0,-0,-0,-0,-0,0.0030517578125,0.01220703125,-0.01495361328125,-0.00202178955078125,0.0014495849609375,0.0110244750976562,0.0067138671875,4.99984741210938
29.9815588589795,-0,-0,-0,-0,-0,-0,-0,-0,-0,-0,-0,-0,-0.00030517578125,-0.0042724609375,0.003662109375,-0.0052642822265625,0.00255584716796875,-0.011444091796875,-0.0006103515625,4.99984741210938
29.9825552430695,-0,-0,-0,-0,-0,-0,-0,-0,-0,-0,-0,-0,-0.0115966796875,0.0048828125,0.03387451171875,0.0091552734375,0.00385284423828125,-0.006866455078125,0.02349853515625,4.99984741210938
29.9835516271595,-0,-0,-0,-0,-0,-0,-0,-0,-0,-0,-0,-0,0.008544921875,0.0067138671875,0.02105712890625,-0.00141143798828125,0.027313232421875,0.00476837158203125,0.0048828125,4.99984741210938
29.9845480112495,-0,-0,-0,-0,-0,-0,-0,-0,-0,-0,-0,-0,0.0030517578125,-0.01495361328125,0.01129150390625,0.020751953125,0.037841796875,-0.014495849609375,0.03387451171875,4.99984741210938
29.9855443953395,-0,-0,-0,-0,-0,-0,-0,-0,-0,-0,-0,-0,0.0079345703125,0.00152587890625,0.01678466796875,-0.0279617309570312,0.0128555297851562,0.0054168701171875,0.01556396484375,4.99984741210938
29.9865407794295,-0,-0,-0,-0,-0,-0,-0,-0,-0,-0,-0,-0,0.01068115234375,0.00396728515625,0.00335693359375,-0.0258636474609375,0.00904083251953125,0.0103378295898438,0.0006103515625,4.99984741210938
29.9875371635195,-0,-0,-0,-0,-0,-0,-0,-0,-0,-0,-0,-0,-0.00823974609375,0.01708984375,-0.00274658203125,0.0095367431640625,0.000152587890625,0.0195693969726562,0.032958984375,4.99984741210938
29.9885335476095,-0,-0,-0,-0,-0,-0,-0,-0,-0,-0,-0,-0,-0.00823974609375,0.0128173828125,0.0091552734375,0.0267410278320312,0.002288818359375,-0.0029754638671875,0.023193359375,4.99984741210938
29.9895299316995,-0,-0,-0,-0,-0,-0,-0,-0,-0,-0,-0,-0,-0.00030517578125,0.00885009765625,0.01373291015625,-0.00301361083984375,0.0288772583007812,0.0113677978515625,0.00152587890625,4.99984741210938
29.9905263157895,-0,-0,-0,-0,-0,-0,-0,-0,-0,-0,-0,-0,0.008544921875,0.00274658203125,-0.006103515625,0.0162887573242188,0.0104141235351562,0.0183868408203125,0.04730224609375,4.99984741210938
29.9915226998795,-0,-0,-0,-0,-0,-0,-0,-0,-0,-0,-0,-0,0.00457763671875,-0.00579833984375,-0.01190185546875,-0.00186920166015625,0.0003814697265625,0.0127410888671875,-0.01190185546875,4.99984741210938
29.9925190839695,-0,-0,-0,-0,-0,-0,-0,-0,-0,-0,-0,-0,0.00091552734375,-0.0006103515625,-0.01861572265625,0.00072479248046875,-0.0128173828125,-0.02655029296875,0.01220703125,4.99984741210938
29.9935154680595,-0,-0,-0,-0,-0,-0,-0,-0,-0,-0,-0,-0,-0.013427734375,0,-0.0067138671875,0.01983642578125,-0.0152587890625,-0.0191497802734375,0.01617431640625,4.99984741210938
29.9945118521495,-0,-0,-0,-0,-0,-0,-0,-0,-0,-0,-0,-0,-0.01007080078125,0.00701904296875,-0.01739501953125,-0.018768310546875,-0.00621795654296875,0.0313568115234375,-0.03082275390625,4.99984741210938
29.9955082362395,-0,-0,-0,-0,-0,-0,-0,-0,-0,-0,-0,-0,-0.0054931640625,-0.00946044921875,-0.01800537109375,0.00759124755859375,-0.0182723999023438,0.0195693969726562,0.0048828125,4.99984741210938
29.9965046203294,-0,-0,-0,-0,-0,-0,-0,-0,-0,-0,-0,-0,0.0054931640625,-0.00274658203125,-0.03326416015625,0.0101470947265625,-0.00537872314453125,-0.0138092041015625,0.0042724609375,4.99984741210938
29.9975010044194,-0,-0,-0,-0,-0,-0,-0,-0,-0,-0,-0,-0,0.00457763671875,-0.0189208984375,-0.00091552734375,-0.0155258178710938,-0.00728607177734375,-0.04425048828125,-0.0079345703125,4.99984741210938
29.9984973885094,-0,-0,-0,-0,-0,-0,-0,-0,-0,-0,-0,-0,0.00030517578125,-0.0091552734375,-0.01373291015625,0.00957489013671875,-0.006866455078125,-0.0222015380859375,0.01312255859375,4.99984741210938
29.9994937725994,-0,-0,-0,-0,-0,-0,-0,-0,-0,-0,-0,-0,-0.00335693359375,-0.0091552734375,-0.0006103515625,0.01007080078125,-0.0115966796875,0.0046539306640625,-0.03326416015625,4.99984741210938
30.0004901566894,-0,-0,-0,-0,-0,-0,-0,-0,-0,-0,-0,-0,0.0018310546875,-0.00244140625,-0.0079345703125,0.0098419189453125,0.0166702270507812,0.0023651123046875,-0.0177001953125,4.99984741210938
30.0014865407794,-0,-0,-0,-0,-0,-0,-0,-0,-0,-0,-0,-0,0.0079345703125,0.00701904296875,-0.00213623046875,-0.0222015380859375,-0.0014495849609375,-0.000762939453125,0.00274658203125,4.99984741210938
30.0024829248694,-0,-0,-0,-0,-0,-0,-0,-0,-0,-0,-0,-0,0.01251220703125,0.008544921875,0.00579833984375,0.00392913818359375,0.01434326171875,0.0187301635742188,0.03997802734375,4.99984741210938
30.0034793089594,-0,-0,-0,-0,-0,-0,-0,-0,-0,-0,-0,-0,0.02197265625,0.00732421875,0.02716064453125,-0.00942230224609375,0.00308990478515625,0.0310897827148438,0.01556396484375,4.99984741210938
30.0044756930494,-0,-0,-0,-0,-0,-0,-0,-0,-0,-0,-0,-0,0.00732421875,-0.001220703125,0.0201416015625,-0.0075531005859375,0.00782012939453125,-0.0321578979492188,0.01556396484375,4.99984741210938
30.0054720771394,-0,-0,-0,-0,-0,-0,-0,-0,-0,-0,-0,-0,0.00579833984375,0.0152587890625,0.01678466796875,-0.0240325927734375,0.0177383422851562,0.0117111206054688,-0.0006103515625,4.99984741210938
30.0064684612294,-0,-0,-0,-0,-0,-0,-0,-0,-0,-0,-0,-0,0.00396728515625,0.00213623046875,0.01739501953125,0.00591278076171875,0.023956298828125,0.00499725341796875,-0.03265380859375,4.99984741210938
30.0074648453194,-0,-0,-0,-0,-0,-0,-0,-0,-0,-0,-0,-0,0.00244140625,0.0079345703125,0.01312255859375,-0.00469207763671875,0.013275146484375,0.0134658813476562,0.01007080078125,4.99984741210938
30.0084612294094,-0,-0,-0,-0,-0,-0,-0,-0,-0,-0,-0,-0,0.009765625,0.01312255859375,0.00885009765625,-0.0102615356445312,0.0305938720703125,-0.04425048828125,0.0115966796875,4.99984741210938
30.0094576134994,-0,-0,-0,-0,-0,-0,-0,-0,-0,-0,-0,-0,0.00518798828125,-0.00244140625,0.01617431640625,-0.00972747802734375,0.0393295288085938,-0.00946044921875,-0.02471923828125,4.99984741210938
30.0104539975894,-0,-0,-0,-0,-0,-0,-0,-0,-0,-0,-0,-0,0.00213623046875,0.01190185546875,-0.0103759765625,-0.0272750854492188,0.0058746337890625,-0.00972747802734375,-0.00213623046875,4.99984741210938
30.0114503816794,-0,-0,-0,-0,-0,-0,-0,-0,-0,-0,-0,-0,0.00244140625,0.00885009765625,0.00701904296875,0.0060272216796875,0.0225830078125,-0.0159835815429688,0,4.99984741210938
30.0124467657694,-0,-0,-0,-0,-0,-0,-0,-0,-0,-0,-0,-0,0.00701904296875,0.0030517578125,0.00457763671875,-0.00423431396484375,-0.001983642578125,-0.0186538696289062,0.01220703125,4.99984741210938
30.0134431498594,-0,-0,-0,-0,-0,-0,-0,-0,-0,-0,-0,-0,-0.00274658203125,0.00213623046875,-0.02410888671875,0.0072479248046875,0.00080108642578125,-0.0206756591796875,-0.03509521484375,4.99984741210938
30.0144395339494,-0,-0,-0,-0,-0,-0,-0,-0,-0,-0,-0,-0,0.0103759765625,-0.0115966796875,-0.01861572265625,0.0180435180664062,-0.00972747802734375,-0.0334930419921875,-0.01617431640625,4.99984741210938
30.0154359180394,-0,-0,-0,-0,-0,-0,-0,-0,-0,-0,-0,-0,0.00091552734375,-0.0054931640625,-0.0189208984375,-0.00057220458984375,-0.0098419189453125,-0.06103515625,-0.00274658203125,4.99984741210938
30.0164323021294,-0,-0,-0,-0,-0,-0,-0,-0,-0,-0,-0,-0,-0.01434326171875,-0.003662109375,-0.03143310546875,-0.0309371948242188,-0.0183868408203125,-0.00885009765625,-0.00396728515625,4.99984741210938
30.0174286862194,-0,-0,-0,-0,-0,-0,-0,-0,-0,-0,-0,-0,-0.00152587890625,-0.00152587890625,-0.02044677734375,0.0105667114257812,-0.0011444091796875,-0.00926971435546875,-0.01434326171875,4.99984741210938
30.0184250703094,-0,-0,-0,-0,-0,-0,-0,-0,-0,-0,-0,-0,0.0091552734375,0.00823974609375,-0.02044677734375,-0.0019073486328125,-0.00431060791015625,-0.0278091430664062,-0.0140380859375,4.99984741210938
30.0194214543994,-0,-0,-0,-0,-0,-0,-0,-0,-0,-0,-0,-0,-0.0006103515625,0.00885009765625,-0.0250244140625,0.015411376953125,-0.0125503540039062,-0.032501220703125,0.001220703125,4.99984741210938
30.0204178384894,-0,-0,-0,-0,-0,-0,-0,-0,-0,-0,-0,-0,0.00030517578125,0.01556396484375,-0.00274658203125,-0.0100326538085938,0.00125885009765625,0.0345993041992188,0.0177001953125,4.99984741210938
30.0214142225793,-0,-0,-0,-0,-0,-0,-0,-0,-0,-0,-0,-0,-0.00244140625,-0.0018310546875,0.01312255859375,0.00270843505859375,-0.013275146484375,-0.0433731079101562,-0.0238037109375,4.99984741210938
30.0224106066693,-0,-0,-0,-0,-0,-0,-0,-0,-0,-0,-0,-0,0.00335693359375,0.00396728515625,0.0042724609375,-0.00522613525390625,0.00354766845703125,0.0116729736328125,-0.01251220703125,4.99984741210938
30.0234069907593,-0,-0,-0,-0,-0,-0,-0,-0,-0,-0,-0,-0,0.003662109375,0.00701904296875,0.02655029296875,0.0116348266601562,-0.0099945068359375,0.0207138061523438,-0.0054931640625,4.99984741210938
30.0244033748493,-0,-0,-0,-0,-0,-0,-0,-0,-0,-0,-0,-0,-0.01373291015625,-0.00335693359375,0.03692626953125,-0.00736236572265625,0.0078582763671875,0.0038909912109375,0.00335693359375,4.99984741210938
30.0253997589393,-0,-0,-0,-0,-0,-0,-0,-0,-0,-0,-0,-0,0.01129150390625,0.0091552734375,0.0225830078125,-0.00408172607421875,0.014495849609375,0.01434326171875,-0.00579833984375,4.99984741210938
30.0263961430293,-0,-0,-0,-0,-0,-0,-0,-0,-0,-0,-0,-0,0.0079345703125,-0.00701904296875,0.001220703125,-0.005340576171875,0.0179672241210938,-0.026702880859375,0,4.99984741210938
30.0273925271193,-0.71765810251236,1.0857207775116,34.830322265625,-400.153472900391,323.628326416016,-446.729736328125,-0,-0,-0,-0,-0,-0,-0.00244140625,0.00244140625,0.023193359375,0.0114822387695312,-0.0204086303710938,0.0531387329101562,-0.025634765625,4.99984741210938
30.0283889112093,-0,-0,-0,-0,-0,-0,-0,-0,-0,-0,-0,-0,0.00457763671875,0.0067138671875,0.00823974609375,0.01861572265625,0.0175857543945312,0.0026702880859375,-0.02410888671875,4.99984741210938
30.0293852952993,-0,-0,-0,-0,-0,-0,-0,-0,-0,-0,-0,-0,0.0152587890625,0.00762939453125,0.009765625,0.00370025634765625,0.0229644775390625,-0.0239181518554688,-0.028076171875,4.99984741210938
30.0303816793893,-0,-0,-0,-0,-0,-0,-0,-0,-0,-0,-0,-0,0.00701904296875,0.01068115234375,0.00762939453125,-0.0067138671875,0.00217437744140625,-0.005340576171875,-0.015869140625,4.99984741210938
30.0313780634793,-0,-0,-0,-0,-0,-0,-0,-0,-0,-0,-0,-0,0.01068115234375,-0.003662109375,-0.0164794921875,0.00591278076171875,0.005645751953125,-0.00141143798828125,0.02960205078125,4.99984741210938
30.0323744475693,-0,-0,-0,-0,-0,-0,-0,-0,-0,-0,-0,-0,-0.00640869140625,0.003662109375,0.00152587890625,0.00518798828125,-0.0037384033203125,-0.0093841552734375,-0.0146484375,4.99984741210938
30.0333708316593,-0,-0,-0,-0,-0,-0,-0,-0,-0,-0,-0,-0,-0.01068115234375,0.0091552734375,-0.01556396484375,0.00339508056640625,-0.0103759765625,-0.0241851806640625,-0.025634765625,4.99984741210938
30.0343672157493,-0,-0,-0,-0,-0,-0,-0,-0,-0,-0,-0,-0,0,0.009765625,-0.003662109375,-0.0238800048828125,-0.0040435791015625,-0.0078582763671875,0.00274658203125,4.99984741210938
30.0353635998393,-0,-0,-0,-0,-0,-0,-0,-0,-0,-0,-0,-0,-0.0146484375,0.00274658203125,-0.02838134765625,0.011138916015625,-0.0124740600585938,-0.0433731079101562,0.009765625,4.99984741210938
30.0363599839293,-0,-0,-0,-0,-0,-0,-0,-0,-0,-0,-0,-0,0.00946044921875,-0.00518798828125,-0.00579833984375,0.0225067138671875,-0.00988006591796875,-0.00370025634765625,0.010986328125,4.99984741210938
30.0373563680193,-0,-0,-0,-0,-0,-0,-0,-0,-0,-0,-0,-0,-0.00457763671875,-0.00396728515625,-0.00579833984375,-0.0057220458984375,-0.022430419921875,0.0264739990234375,-0.023193359375,4.99984741210938
30.0383527521093,-0,-0,-0,-0,-0,-0,-0,-0,-0,-0,-0,-0,0,0.00732421875,-0.01068115234375,-0.00579833984375,-0.0159454345703125,-0.0005340576171875,-0.01251220703125,4.99984741210938
30.0393491361993,-0,-0,-0,-0,-0,-0,-0,-0,-0,-0,-0,-0,-0.0103759765625,0.00762939453125,-0.010986328125,-0.0037384033203125,-0.0066375732421875,-0.0417327880859375,0.01007080078125,4.99984741210938
30.0403455202893,-0,-0,-0,-0,-0,-0,-0,-0,-0,-0,-0,-0,-0.00762939453125,0.00457763671875,-0.0152587890625,0.001068115234375,-0.0048828125,-0.0346755981445312,0.00762939453125,4.99984741210938
30.0413419043793,-0,-0,-0,-0,-0,-0,-0,-0,-0,-0,-0,-0,0.0006103515625,-0.0067138671875,0.0006103515625,0.015106201171875,0.0224685668945312,0.0112152099609375,-0.001220703125,4.99984741210938
30.0423382884693,-0,-0,-0,-0,-0,-0,-0,-0,-0,-0,-0,-0,0.01495361328125,0.01068115234375,0.0091552734375,0.0108718872070312,0.00743865966796875,-0.01007080078125,-0.0103759765625,4.99984741210938
30.0433346725593,-0,-0,-0,-0,-0,-0,-0,-0,-0,-0,-0,-0,0.00946044921875,-0.00213623046875,0.008544921875,0.0127029418945312,0.006866455078125,0.0200653076171875,0.003662109375,4.99984741210938
30.0443310566493,-0,-0,-0,-0,-0,-0,-0,-0,-0,-0,-0,-0,0.00335693359375,0.0006103515625,0.0244140625,-0.0075531005859375,-0.00247955322265625,0.0349044799804688,-0.009765625,4.99984741210938
30.0453274407393,-0,-0,-0,-0,-0,-0,-0,-0,-0,-0,-0,-0,0.00701904296875,0.01434326171875,0.02105712890625,0.0118255615234375,0.00980377197265625,-0.00034332275390625,-0.00457763671875,4.99984741210938
30.0463238248292,-0,-0,-0,-0,-0,-0,-0,-0,-0,-0,-0,-0,0.0042724609375,-0.0006103515625,0.00885009765625,0.0054168701171875,0.0196075439453125,-0.0086212158203125,0.02044677734375,4.99984741210938
30.0473202089192,-0,-0,-0,-0,-0,-0,-0,-0,-0,-0,-0,-0,0.02105712890625,0,0.0146484375,-0.0186920166015625,0.0152587890625,0.00797271728515625,-0.00335693359375,4.99984741210938
30.0483165930092,-0,-0,-0,-0,-0,-0,-0,-0,-0,-0,-0,-0,0.009765625,-0.00244140625,0.00579833984375,0.0079345703125,-0.00186920166015625,0.0174713134765625,-0.04241943359375,4.99984741210938
30.0493129770992,-0,-0,-0,-0,-0,-0,-0,-0,-0,-0,-0,-0,0.00030517578125,-0.003662109375,0.0067138671875,0.0137710571289062,-0.0067901611328125,0.0473403930664062,-0.0018310546875,4.99984741210938
30.0503093611892,-0,-0,-0,-0,-0,-0,-0,-0,-0,-0,-0,-0,0.00274658203125,0.00274658203125,-0.0030517578125,-0.0192642211914062,0.00080108642578125,0.0086212158203125,-0.0091552734375,4.99984741210938
30.0513057452792,-0,-0,-0,-0,-0,-0,-0,-0,-0,-0,-0,-0,-0.00396728515625,0.0030517578125,-0.00030517578125,0.0012969970703125,0.0052642822265625,-0.0054931640625,-0.001220703125,4.99984741210938
30.0523021293692,-0,-0,-0,-0,-0,-0,-0,-0,-0,-0,-0,-0,0.00885009765625,0.00091552734375,-0.00457763671875,-0.00789642333984375,-0.00202178955078125,-0.0176239013671875,0.0152587890625,4.99984741210938
30.0532985134592,-0,-0,-0,-0,-0,-0,-0,-0,-0,-0,-0,-0,-0.0067138671875,0.00946044921875,-0.0238037109375,-0.0046539306640625,-0.0155258178710938,-0.0106048583984375,-0.010986328125,4.99984741210938
30.0542948975492,-0,-0,-0,-0,-0,-0,-0,-0,-0,-0,-0,-0,-0.00762939453125,0.0067138671875,-0.0140380859375,0.0091552734375,-0.0035858154296875,0.029449462890625,0.00640869140625,4.99984741210938
30.0552912816392,-0,-0,-0,-0,-0,-0,-0,-0,-0,-0,-0,-0,-0.00823974609375,0.0140380859375,-0.02044677734375,-0.018768310546875,-0.0203323364257812,-0.0278854370117188,0.0164794921875,4.99984741210938
30.0562876657292,-0,-0,-0,-0,-0,-0,-0,-0,-0,-0,-0,-0,-0.00030517578125,-0.001220703125,-0.02532958984375,0.0124359130859375,-0.01068115234375,-0.0106048583984375,0.0006103515625,4.99984741210938
30.0572840498192,-0,-0,-0,-0,-0,-0,-0,-0,-0,-0,-0,-0,-0.00518798828125,0.00518798828125,-0.02471923828125,0.00377655029296875,-0.012664794921875,-0.0149154663085938,-0.009765625,4.99984741210938
30.0582804339092,-0,-0,-0,-0,-0,-0,-0,-0,-0,-0,-0,-0,0.0103759765625,-0.0018310546875,-0.00640869140625,-0.0095367431640625,-0.0168609619140625,0.0187301635742188,0.00274658203125,4.99984741210938
30.0592768179992,-0,-0,-0,-0,-0,-0,-0,-0,-0,-0,-0,-0,0.001220703125,-0.00091552734375,-0.0048828125,0.005340576171875,-0.0318527221679688,0.00377655029296875,-0.01190185546875,4.99984741210938
30.0602732020892,-0,-0,-0,-0,-0,-0,-0,-0,-0,-0,-0,-0,0.0067138671875,-0.00946044921875,0.0152587890625,0.0224685668945312,-0.0012969970703125,0.023040771484375,-0.01495361328125,4.99984741210938
30.0612695861792,-0,-0,-0,-0,-0,-0,-0,-0,-0,-0,-0,-0,0.00244140625,0.00823974609375,0.01068115234375,-0.0042724609375,-0.00240325927734375,0.0271987915039062,-0.008544921875,4.99984741210938
30.0622659702692,-0,-0,-0,-0,-0,-0,-0,-0,-0,-0,-0,-0,0.0042724609375,0.01739501953125,0,-0.01495361328125,-0.00530242919921875,0.0511932373046875,0.01434326171875,4.99984741210938
30.0632623543592,-0,-0,-0,-0,-0,-0,-0,-0,-0,-0,-0,-0,-0.00885009765625,0.00823974609375,0.01007080078125,-0.0129318237304688,0.0151824951171875,0.0225830078125,0.00457763671875,4.99984741210938
30.0642587384492,-0,-0,-0,-0,-0,-0,-0,-0,-0,-0,-0,-0,0.01068115234375,-0.0006103515625,-0.013427734375,0.0195693969726562,0.00308990478515625,-0.0102615356445312,-0.00732421875,4.99984741210938
30.0652551225392,-0,-0,-0,-0,-0,-0,-0,-0,-0,-0,-0,-0,-0.0030517578125,0.013427734375,0.018310546875,0.0075531005859375,0.0168228149414062,0.01434326171875,-0.0054931640625,4.99984741210938
30.0662515066292,-0,-0,-0,-0,-0,-0,-0,-0,-0,-0,-0,-0,-0.00701904296875,-0.0006103515625,0.0244140625,-0.019378662109375,0.0093841552734375,0.004119873046875,0.01129150390625,4.99984741210938
30.0672478907192,-0,-0,-0,-0,-0,-0,-0,-0,-0,-0,-0,-0,0.00701904296875,0.0048828125,-0.00396728515625,0.02288818359375,0.0199127197265625,0.0304794311523438,0.0213623046875,4.99984741210938
30.0682442748092,-0,-0,-0,-0,-0,-0,-0,-0,-0,-0,-0,-0,0.01007080078125,0.0018310546875,0.01312255859375,0.0078582763671875,0.0185012817382812,0.00904083251953125,0.0048828125,4.99984741210938
30.0692406588992,-0,-0,-0,-0,-0,-0,-0,-0,-0,-0,-0,-0,0.00518798828125,0.00213623046875,0.0146484375,-0.0202178955078125,0.0189971923828125,0.00102996826171875,0.01220703125,4.99984741210938
30.0702370429892,-0,-0,-0,-0,-0,-0,-0,-0,-0,-0,-0,-0,-0.00885009765625,-0.00030517578125,0.0152587890625,-0.0181961059570312,-0.0149154663085938,-0.001373291015625,-0.00732421875,4.99984741210938
30.0712334270791,-0,-0,-0,-0,-0,-0,-0,-0,-0,-0,-0,-0,-0.00213623046875,-0.00091552734375,0.00396728515625,0.00728607177734375,0.0070953369140625,-0.0077056884765625,0.00518798828125,4.99984741210938
30.0722298111691,-0,-0,-0,-0,-0,-0,-0,-0,-0,-0,-0,-0,-0.0115966796875,-0.01678466796875,-0.01678466796875,-0.00335693359375,0.0078582763671875,0.0002288818359375,0.01495361328125,4.99984741210938
30.0732261952591,-0,-0,-0,-0,-0,-0,-0,-0,-0,-0,-0,-0,-0.00091552734375,-0.00579833984375,-0.00457763671875,-0.00408172607421875,-0.0177001953125,0.0123977661132812,-0.0433349609375,4.99984741210938
30.0742225793491,-0,-0,-0,-0,-0,-0,-0,-0,-0,-0,-0,-0,0.0103759765625,-0.0018310546875,-0.0238037109375,0.0133514404296875,-0.02197265625,-0.058746337890625,0.0238037109375,4.99984741210938
30.0752189634391,-0,-0,-0,-0,-0,-0,-0,-0,-0,-0,-0,-0,0.00244140625,-0.0018310546875,-0.01251220703125,-0.006561279296875,-0.0367355346679688,-0.0126266479492188,-0.009765625,4.99984741210938
30.0762153475291,-0,-0,-0,-0,-0,-0,-0,-0,-0,-0,-0,-0,0.0140380859375,-0.00091552734375,-0.01953125,-0.00362396240234375,0.0126266479492188,0.00232696533203125,0.0018310546875,4.99984741210938
30.0772117316191,-0,-0,-0,-0,-0,-0,-0,-0,-0,-0,-0,-0,-0.00396728515625,-0.0042724609375,-0.00274658203125,-0.022125244140625,-0.0104904174804688,-0.0128173828125,0.008544921875,4.99984741210938
30.0782081157091,-0,-0,-0,-0,-0,-0,-0,-0,-0,-0,-0,-0,-0.003662109375,0.008544921875,-0.015869140625,-0.0104141235351562,0.00995635986328125,-0.0308609008789062,0.0152587890625,4.99984741210938
30.0792044997991,-0,-0,-0,-0,-0,-0,-0,-0,-0,-0,-0,-0,0.0067138671875,-0.00457763671875,-0.001220703125,-0.0109100341796875,-0.00400543212890625,-0.010986328125,-0.04241943359375,4.99984741210938
30.0802008838891,-0,-0,-0,-0,-0,-0,-0,-0,-0,-0,-0,-0,0.00732421875,0.00762939453125,0.00396728515625,-0.00530242919921875,0.00934600830078125,0.0029754638671875,0.0048828125,4.99984741210938
30.0811972679791,-0,-0,-0,-0,-0,-0,-0,-0,-0,-0,-0,-0,0.003662109375,0.00823974609375,0.0018310546875,0.0028228759765625,0.00522613525390625,-0.0113677978515625,0.02166748046875,4.99984741210938
30.0821936520691,-0,-0,-0,-0,-0,-0,-0,-0,-0,-0,-0,-0,0.0128173828125,0.0048828125,-0.00152587890625,-0.0145721435546875,-0.00934600830078125,0.049591064453125,-0.00244140625,4.99984741210938
30.0831900361591,-0,-0,-0,-0,-0,-0,-0,-0,-0,-0,-0,-0,0.0018310546875,0.0042724609375,0.0177001953125,0.01190185546875,0.006256103515625,0.0276947021484375,0.00030517578125,4.99984741210938
30.0841864202491,-0,-0,-0,-0,-0,-0,-0,-0,-0,-0,-0,-0,0.00030517578125,0.01007080078125,0.02899169921875,0.009307861328125,0.00396728515625,0.00148773193359375,0.01220703125,4.99984741210938
30.0851828043391,-0,-0,-0,-0,-0,-0,-0,-0,-0,-0,-0,-0,0.00732421875,0.003662109375,0.01953125,0.0202560424804688,-0.0111770629882812,0.0191116333007812,0.00518798828125,4.99984741210938
30.0861791884291,-0,-0,-0,-0,-0,-0,-0,-0,-0,-0,-0,-0,-0.003662109375,0.001220703125,0.00335693359375,0.00553131103515625,-0.00148773193359375,0.0217819213867188,0.001220703125,4.99984741210938
30.0871755725191,-0,-0,-0,-0,-0,-0,-0,-0,-0,-0,-0,-0,0.01434326171875,-0.00091552734375,0.0030517578125,0.0499343872070312,0.00568389892578125,0.0159454345703125,0.0244140625,4.99984741210938
30.0881719566091,-0,-0,-0,-0,-0,-0,-0,-0,-0,-0,-0,-0,0.0103759765625,0.0067138671875,0.01617431640625,0.00354766845703125,0.0164794921875,-0.0118255615234375,0.01678466796875,4.99984741210938
30.0891683406991,-0,-0,-0,-0,-0,-0,-0,-0,-0,-0,-0,-0,-0.00762939453125,0.0018310546875,0.0238037109375,0.0318527221679688,-0.0140380859375,0.0324249267578125,0.01220703125,4.99984741210938
30.0901647247891,-0,-0,-0,-0,-0,-0,-0,-0,-0,-0,-0,-0,0.0079345703125,0.0079345703125,0.00396728515625,-0.019989013671875,-0.0012969970703125,-0.0058746337890625,-0.0048828125,4.99984741210938
30.0911611088791,-0,-0,-0,-0,-0,-0,-0,-0,-0,-0,-0,-0,0.01129150390625,-0.001220703125,-0.0128173828125,0.0254440307617188,-0.0002288818359375,-0.0084686279296875,-0.00244140625,4.99984741210938
30.0921574929691,-0,-0,-0,-0,-0,-0,-0,-0,-0,-0,-0,-0,0.0079345703125,-0.00701904296875,-0.015869140625,-0.008544921875,-0.0089263916015625,-0.00396728515625,0.0384521484375,4.99984741210938
30.0931538770591,-0,-0,-0,-0,-0,-0,-0,-0,-0,-0,-0,-0,-0.006103515625,0.00244140625,-0.03692626953125,0.0189590454101562,-0.0159454345703125,-0.006103515625,0.0018310546875,4.99984741210938
30.0941502611491,-0,-0,-0,-0,-0,-0,-0,-0,-0,-0,-0,-0,-0.008544921875,0.01068115234375,-0.0115966796875,-0.0124359130859375,-0.0113296508789062,0.011749267578125,0.0152587890625,4.99984741210938
30.0951466452391,-0,-0,-0,-0,-0,-0,-0,-0,-0,-0,-0,-0,-0.00396728515625,-0.0115966796875,-0.01861572265625,-0.0164794921875,-0.00919342041015625,-0.00446319580078125,-0.0091552734375,4.99984741210938
30.096143029329,-0,-0,-0,-0,-0,-0,-0,-0,-0,-0,-0,-0,-0.01190185546875,0.0018310546875,-0.00579833984375,0.014495849609375,-0.0055694580078125,-0.0089263916015625,0.029296875,4.99984741210938
30.097139413419,-0,-0,-0,-0,-0,-0,-0,-0,-0,-0,-0,-0,-0.0079345703125,-0.0006103515625,-0.0079345703125,-0.0017547607421875,-0.0255584716796875,-0.0275802612304688,-0.010986328125,4.99984741210938
30.098135797509,-0,-0,-0,-0,-0,-0,-0,-0,-0,-0,-0,-0,-0.0030517578125,0.0018310546875,-0.02532958984375,0.007781982421875,-0.00598907470703125,-0.0206756591796875,-0.01556396484375,4.99984741210938
30.099132181599,-0,-0,-0,-0,-0,-0,-0,-0,-0,-0,-0,-0,-0.00396728515625,0.00701904296875,-0.013427734375,-0.0016021728515625,-0.0131988525390625,-0.0110244750976562,-0.0213623046875,4.99984741210938
30.100128565689,-0,-0,-0,-0,-0,-0,-0,-0,-0,-0,-0,-0,-0.00091552734375,-0.01220703125,-0.00640869140625,0.0170135498046875,0,0.0298309326171875,-0.00030517578125,4.99984741210938
30.101124949779,-0,-0,-0,-0,-0,-0,-0,-0,-0,-0,-0,-0,0.003662109375,0.0048828125,0,0.001068115234375,0.0244522094726562,-0.0052642822265625,0.03173828125,4.99984741210938
30.102121333869,-0,-0,-0,-0,-0,-0,-0,-0,-0,-0,-0,-0,0.00457763671875,-0.0018310546875,0.0018310546875,0.00728607177734375,0.0075531005859375,-0.00995635986328125,0.0030517578125,4.99984741210938
30.103117717959,-0,-0,-0,-0,-0,-0,-0,-0,-0,-0,-0,-0,0.0018310546875,-0.00213623046875,-0.00335693359375,0.0298309326171875,0.0148773193359375,0.0133895874023438,0.04241943359375,4.99984741210938
30.104114102049,-0,-0,-0,-0,-0,-0,-0,-0,-0,-0,-0,-0,0.00701904296875,0.01312255859375,-0.00244140625,-0.020751953125,0.0276565551757812,0.027618408203125,0.0140380859375,4.99984741210938
30.105110486139,-0,-0,-0,-0,-0,-0,-0,-0,-0,-0,-0,-0,0.01068115234375,0.00701904296875,0.0347900390625,-0.009307861328125,0.006866455078125,0.0152587890625,0.00762939453125,4.99984741210938
30.106106870229,-0,-0,-0,-0,-0,-0,-0,-0,-0,-0,-0,-0,0.0018310546875,0.003662109375,0.01434326171875,-0.00370025634765625,0.0382232666015625,0.0619888305664062,-0.02227783203125,4.99984741210938
30.107103254319,-0,-0,-0,-0,-0,-0,-0,-0,-0,-0,-0,-0,-0.0030517578125,0.00244140625,0.0006103515625,0.0232315063476562,0.00732421875,0.005035400390625,0.0164794921875,4.99984741210938
30.108099638409,-0,-0,-0,-0,-0,-0,-0,-0,-0,-0,-0,-0,0.0006103515625,0.0030517578125,0.01983642578125,-0.0049591064453125,0.0048828125,0.0075531005859375,-0.00213623046875,4.99984741210938
30.109096022499,-0,-0,-0,-0,-0,-0,-0,-0,-0,-0,-0,-0,-0.0006103515625,0.01220703125,0.0042724609375,-0.0075531005859375,0.00827789306640625,0.0387954711914062,-0.00213623046875,4.99984741210938
30.110092406589,-0,-0,-0,-0,-0,-0,-0,-0,-0,-0,-0,-0,0.015869140625,-0.00274658203125,-0.01617431640625,-0.001068115234375,0.008087158203125,-0.0171279907226562,0.02044677734375,4.99984741210938
30.111088790679,-0,-0,-0,-0,-0,-0,-0,-0,-0,-0,-0,-0,0,-0.00030517578125,0.00701904296875,-0.00438690185546875,-0.0146484375,-0.0028228759765625,0.0018310546875,4.99984741210938
30.112085174769,-0,-0,-0,-0,-0,-0,-0,-0,-0,-0,-0,-0,-0.0128173828125,-0.0018310546875,-0.0030517578125,-0.004119873046875,-0.0012969970703125,-0.0202178955078125,0.013427734375,4.99984741210938
30.113081558859,-0,-0,-0,-0,-0,-0,-0,-0,-0,-0,-0,-0,0.00091552734375,-0.00274658203125,0.00579833984375,-0.0077056884765625,-0.00888824462890625,-0.00644683837890625,-0.01007080078125,4.99984741210938
30.114077942949,-0,-0,-0,-0,-0,-0,-0,-0,-0,-0,-0,-0,-0.001220703125,-0.00091552734375,-0.00274658203125,-0.0042724609375,0.00911712646484375,-0.0491714477539062,0.00732421875,4.99984741210938
30.115074327039,-0,-0,-0,-0,-0,-0,-0,-0,-0,-0,-0,-0,-0.01800537109375,0.00457763671875,-0.0360107421875,-0.0122451782226562,-0.0060272216796875,-0.0658035278320312,0.02777099609375,4.99984741210938
30.116070711129,-0,-0,-0,-0,-0,-0,-0,-0,-0,-0,-0,-0,0.0042724609375,-0.01434326171875,-0.01312255859375,0.0136184692382812,-0.0121307373046875,-0.03692626953125,-0.0152587890625,4.99984741210938
30.117067095219,-0,-0,-0,-0,-0,-0,-0,-0,-0,-0,-0,-0,0.00640869140625,0.0067138671875,-0.02410888671875,-0.0185775756835938,-0.00194549560546875,-0.0104522705078125,-0.03173828125,4.99984741210938
30.118063479309,-0,-0,-0,-0,-0,-0,-0,-0,-0,-0,-0,-0,0.0018310546875,-0.006103515625,-0.00885009765625,-0.00446319580078125,-0.017547607421875,0.0102615356445312,0.02227783203125,4.99984741210938
30.119059863399,-0,-0,-0,-0,-0,-0,-0,-0,-0,-0,-0,-0,-0.00213623046875,-0.0030517578125,-0.00213623046875,-0.0045013427734375,-0.0111007690429688,-0.0075531005859375,-0.02655029296875,4.99984741210938
30.120056247489,-0,-0,-0,-0,-0,-0,-0,-0,-0,-0,-0,-0,-0.00091552734375,0.0006103515625,0.01739501953125,-0.00225067138671875,0.00850677490234375,-0.00110626220703125,-0.023193359375,4.99984741210938
30.1210526315789,-0,-0,-0,-0,-0,-0,-0,-0,-0,-0,-0,-0,0.001220703125,-0.0030517578125,-0.0006103515625,-0.016632080078125,-0.00286102294921875,-0.008392333984375,0.00640869140625,4.99984741210938
30.1220490156689,-0,-0,-0,-0,-0,-0,-0,-0,-0,-0,-0,-0,0.0128173828125,0.0006103515625,0.00762939453125,0.0110244750976562,0.00446319580078125,0.003509521484375,0.013427734375,4.99984741210938
30.1230453997589,-0,-0,-0,-0,-0,-0,-0,-0,-0,-0,-0,-0,0.008544921875,0.00030517578125,0.01861572265625,-0.001983642578125,0.0116729736328125,0.0267791748046875,-0.01312255859375,4.99984741210938
30.1240417838489,-0,-0,-0,-0,-0,-0,-0,-0,-0,-0,-0,-0,0.0225830078125,0.008544921875,0.01220703125,-0.00614166259765625,0.00377655029296875,0.0405120849609375,-0.015869140625,4.99984741210938
30.1250381679389,-0,-0,-0,-0,-0,-0,-0,-0,-0,-0,-0,-0,-0.00213623046875,0.00762939453125,0.020751953125,0.00980377197265625,0.01007080078125,0.0180816650390625,-0.003662109375,4.99984741210938
30.1260345520289,-0,-0,-0,-0,-0,-0,-0,-0,-0,-0,-0,-0,0.00823974609375,0.01007080078125,0.01556396484375,-0.00766754150390625,0.00507354736328125,0.0126266479492188,0.02593994140625,4.99984741210938
30.1270309361189,-0,-0,-0,-0,-0,-0,-0,-0,-0,-0,-0,-0,0.0054931640625,0.0091552734375,0.0115966796875,-0.0200271606445312,0.0286865234375,0.0147247314453125,0.02838134765625,4.99984741210938
30.1280273202089,-0,-0,-0,-0,-0,-0,-0,-0,-0,-0,-0,-0,0.0006103515625,0.0115966796875,0.0018310546875,-0.0234222412109375,0.0225448608398438,0.0070953369140625,-0.00274658203125,4.99984741210938
30.1290237042989,-0,-0,-0,-0,-0,-0,-0,-0,-0,-0,-0,-0,0.00396728515625,0.0054931640625,-0.00244140625,0.00171661376953125,0.022125244140625,-0.00667572021484375,-0.02349853515625,4.99984741210938
30.1300200883889,-0,-0,-0,-0,-0,-0,-0,-0,-0,-0,-0,-0,0.01617431640625,-0.00213623046875,-0.020751953125,-0.00148773193359375,0.00255584716796875,-0.00240325927734375,0.00701904296875,4.99984741210938
30.1310164724789,-0,-0,-0,-0,-0,-0,-0,-0,-0,-0,-0,-0,0,0.0048828125,-0.0006103515625,0.0016021728515625,-0.00705718994140625,-0.0282669067382812,0.01007080078125,4.99984741210938
30.1320128565689,-0,-0,-0,-0,-0,-0,-0,-0,-0,-0,-0,-0,-0.00213623046875,0.013427734375,0.01068115234375,0.0165939331054688,-0.000762939453125,-0.0051116943359375,-0.02044677734375,4.99984741210938
30.1330092406589,-0,-0,-0,-0,-0,-0,-0,-0,-0,-0,-0,-0,-0.00457763671875,0.0128173828125,-0.02655029296875,-0.010833740234375,0.00621795654296875,-0.001068115234375,0.02105712890625,4.99984741210938
30.1340056247489,-0,-0,-0,-0,-0,-0,-0,-0,-0,-0,-0,-0,0.01129150390625,0.00030517578125,-0.03570556640625,-0.0142288208007812,-0.0137710571289062,0.03021240234375,0.00030517578125,4.99984741210938
30.1350020088389,-0,-0,-0,-0,-0,-0,-0,-0,-0,-0,-0,-0,-0.0042724609375,0.00762939453125,-0.01800537109375,0.0111770629882812,-0.01220703125,0.0130081176757812,0.00946044921875,4.99984741210938
30.1359983929289,-0,-0,-0,-0,-0,-0,-0,-0,-0,-0,-0,-0,-0.01190185546875,0.001220703125,-0.02838134765625,-0.006561279296875,-0.0143051147460938,0.00240325927734375,0.0042724609375,4.99984741210938
30.1369947770189,-0,-0,-0,-0,-0,-0,-0,-0,-0,-0,-0,-0,0.02105712890625,-0.0054931640625,-0.00885009765625,-0.0084686279296875,-0.00385284423828125,0.00446319580078125,-0.0244140625,4.99984741210938
30.1379911611089,-0,-0,-0,-0,-0,-0,-0,-0,-0,-0,-0,-0,-0.00762939453125,-0.00396728515625,-0.0152587890625,0.0178909301757812,-0.0148773193359375,-0.0327682495117188,0.0311279296875,4.99984741210938
30.1389875451989,-0,-0,-0,-0,-0,-0,-0,-0,-0,-0,-0,-0,0,-0.0030517578125,0.00762939453125,-0.006256103515625,-0.00797271728515625,-0.0074005126953125,-0.01068115234375,4.99984741210938
30.1399839292889,-0,-0,-0,-0,-0,-0,-0,-0,-0,-0,-0,-0,-0.008544921875,-0.00213623046875,0.00335693359375,-0.00453948974609375,0.0244903564453125,-0.0063323974609375,-0.00091552734375,4.99984741210938
30.1409803133789,-0,-0,-0,-0,-0,-0,-0,-0,-0,-0,-0,-0,-0.008544921875,-0.0048828125,0.00244140625,0.01373291015625,0.00518798828125,0.0266647338867188,0.00518798828125,4.99984741210938
30.1419766974689,-0,-0,-0,-0,-0,-0,-0,-0,-0,-0,-0,-0,0.00091552734375,0.00640869140625,0.0262451171875,0.006256103515625,0.00530242919921875,-0.00823974609375,0.0146484375,4.99984741210938
30.1429730815589,-0,-0,-0,-0,-0,-0,-0,-0,-0,-0,-0,-0,0.00274658203125,0.0091552734375,0.0323486328125,-0.0150299072265625,0.0134658813476562,-0.0210952758789062,0.0067138671875,4.99984741210938
30.1439694656489,-0,-0,-0,-0,-0,-0,-0,-0,-0,-0,-0,-0,0.01922607421875,0.00274658203125,0.01007080078125,-0.00530242919921875,0.0307846069335938,0.025482177734375,-0.001220703125,4.99984741210938
30.1449658497388,-0,-0,-0,-0,-0,-0,-0,-0,-0,-0,-0,-0,-0.0018310546875,0.00396728515625,0.02777099609375,-0.00164031982421875,0.0290679931640625,0.00270843505859375,-0.00274658203125,4.99984741210938
30.1459622338288,-0,-0,-0,-0,-0,-0,-0,-0,-0,-0,-0,-0,0.0030517578125,0.006103515625,0.00518798828125,0.0162887573242188,0.032196044921875,0.0135421752929688,0.010986328125,4.99984741210938
30.1469586179188,-0,-0,-0,-0,-0,-0,-0,-0,-0,-0,-0,-0,0.006103515625,0.0067138671875,0.0201416015625,0.0206756591796875,-0.0207901000976562,0.0194549560546875,0.001220703125,4.99984741210938
30.1479550020088,-0,-0,-0,-0,-0,-0,-0,-0,-0,-0,-0,-0,-0.0018310546875,-0.0018310546875,0.02105712890625,0.0229644775390625,0.0133132934570312,-0.0067901611328125,0.03082275390625,4.99984741210938
30.1489513860988,-0,-0,-0,-0,-0,-0,-0,-0,-0,-0,-0,-0,0.00335693359375,0.00091552734375,0.020751953125,0.00614166259765625,0.0226593017578125,0.0148391723632812,-0.00152587890625,4.99984741210938
30.1499477701888,-0,-0,-0,-0,-0,-0,-0,-0,-0,-0,-0,-0,0.0067138671875,0.006103515625,-0.0006103515625,0.0203704833984375,0.00438690185546875,0.00644683837890625,0.008544921875,4.99984741210938
30.1509441542788,-0,-0,-0,-0,-0,-0,-0,-0,-0,-0,-0,-0,0.00274658203125,0.009765625,-0.0006103515625,-0.026397705078125,-0.00240325927734375,0.0077056884765625,0.00213623046875,4.99984741210938
30.1519405383688,-0,-0,-0,-0,-0,-0,-0,-0,-0,-0,-0,-0,-0.0030517578125,0.003662109375,0.0164794921875,-0.0112152099609375,-0.0101470947265625,0.0292205810546875,-0.00335693359375,4.99984741210938
30.1529369224588,-0,-0,-0,-0,-0,-0,-0,-0,-0,-0,-0,-0,-0.00518798828125,0,-0.01495361328125,-0.0240707397460938,0.0086212158203125,-0.0183868408203125,0.0262451171875,4.99984741210938
30.1539333065488,-0,-0,-0,-0,-0,-0,-0,-0,-0,-0,-0,-0,0.0164794921875,-0.00823974609375,-0.02593994140625,0.001068115234375,-0.0145339965820312,0.009002685546875,-0.01220703125,4.99984741210938
30.1549296906388,-0,-0,-0,-0,-0,-0,-0,-0,-0,-0,-0,-0,-0.01312255859375,0.00335693359375,-0.0189208984375,-0.0156021118164062,-0.0125503540039062,-0.00705718994140625,0.01007080078125,4.99984741210938
30.1559260747288,-0,-0,-0,-0,-0,-0,-0,-0,-0,-0,-0,-0,-0.00274658203125,0.00213623046875,-0.03143310546875,-0.0030517578125,-0.0139617919921875,-0.0434112548828125,-0.00335693359375,4.99984741210938
30.1569224588188,-0,-0,-0,-0,-0,-0,-0,-0,-0,-0,-0,-0,-0.01953125,0.00518798828125,-0.04608154296875,-0.00286102294921875,-0.0110626220703125,-0.0098419189453125,-0.01129150390625,4.99984741210938
30.1579188429088,-0,-0,-0,-0,-0,-0,-0,-0,-0,-0,-0,-0,0.0079345703125,-0.00396728515625,-0.04150390625,-0.0045013427734375,0,0.0240325927734375,-0.00335693359375,4.99984741210938
30.1589152269988,-0,-0,-0,-0,-0,-0,-0,-0,-0,-0,-0,-0,0.0054931640625,0.0067138671875,-0.01495361328125,-0.00011444091796875,-0.00614166259765625,-0.0254440307617188,-0.00396728515625,4.99984741210938
30.1599116110888,-0,-0,-0,-0,-0,-0,-0,-0,-0,-0,-0,-0,-0.00152587890625,0.0091552734375,0.00091552734375,-0.00194549560546875,-0.00690460205078125,-0.0177764892578125,0.00396728515625,4.99984741210938
30.1609079951788,-0,-0,-0,-0,-0,-0,-0,-0,-0,-0,-0,-0,-0.01800537109375,-0.0103759765625,0.00457763671875,0.00701904296875,0.003814697265625,0.0243377685546875,-0.0030517578125,4.99984741210938
30.1619043792688,-0,-0,-0,-0,-0,-0,-0,-0,-0,-0,-0,-0,0.0201416015625,0.010986328125,0.0079345703125,0.00583648681640625,0.0118637084960938,0.0081634521484375,0.0433349609375,4.99984741210938
30.1629007633588,-0,-0,-0,-0,-0,-0,-0,-0,-0,-0,-0,-0,-0.00579833984375,0.0067138671875,0.0128173828125,-0.0272750854492188,0.0124740600585938,-0.007171630859375,0.01434326171875,4.99984741210938
30.1638971474488,-0,-0,-0,-0,-0,-0,-0,-0,-0,-0,-0,-0,0.0115966796875,0.00579833984375,0.00885009765625,-0.00453948974609375,0.01708984375,0.00453948974609375,0.01708984375,4.99984741210938
30.1648935315388,-0,-0,-0,-0,-0,-0,-0,-0,-0,-0,-0,-0,0.0140380859375,0.0079345703125,0.01953125,7.62939453125e-05,0.0102996826171875,0.0174713134765625,-0.00396728515625,4.99984741210938
30.1658899156288,-0,-0,-0,-0,-0,-0,-0,-0,-0,-0,-0,-0,0.003662109375,0.00640869140625,-0.01190185546875,0.00308990478515625,0.0334930419921875,0.01220703125,-0.008544921875,4.99984741210938
30.1668862997188,-0,-0,-0,-0,-0,-0,-0,-0,-0,-0,-0,-0,0.00457763671875,0.00396728515625,-0.001220703125,-0.00576019287109375,0.0293731689453125,-0.012359619140625,0.0286865234375,4.99984741210938
30.1678826838088,-0,-0,-0,-0,-0,-0,-0,-0,-0,-0,-0,-0,0.0128173828125,-0.00518798828125,0.0384521484375,0.00591278076171875,0.0009918212890625,0.0493621826171875,-0.0079345703125,4.99984741210938
30.1688790678988,-0,-0,-0,-0,-0,-0,-0,-0,-0,-0,-0,-0,0.01007080078125,-0.00091552734375,0.0079345703125,0.01739501953125,0.01922607421875,-0.0016021728515625,0.029296875,4.99984741210938
30.1698754519888,-0,-0,-0,-0,-0,-0,-0,-0,-0,-0,-0,-0,-0.01495361328125,-0.00030517578125,0.009765625,-0.0170135498046875,-0.0011444091796875,0.0243377685546875,-0.01556396484375,4.99984741210938
30.1708718360787,-0,-0,-0,-0,-0,-0,-0,-0,-0,-0,-0,-0,-0.00091552734375,-0.0048828125,0.0054931640625,0.0096893310546875,0.0008392333984375,0.0072479248046875,0.05523681640625,4.99984741210938
30.1718682201687,-0,-0,-0,-0,-0,-0,-0,-0,-0,-0,-0,-0,-0.00335693359375,-0.0262451171875,-0.01678466796875,0.0061798095703125,0.001068115234375,0.00728607177734375,0.00396728515625,4.99984741210938
30.1728646042587,-0,-0,-0,-0,-0,-0,-0,-0,-0,-0,-0,-0,-0.00732421875,0.00335693359375,0.0042724609375,-0.01922607421875,0.00263214111328125,-0.0122833251953125,0.00762939453125,4.99984741210938
30.1738609883487,-0,-0,-0,-0,-0,-0,-0,-0,-0,-0,-0,-0,-0.0201416015625,0.01495361328125,0.01129150390625,-0.02471923828125,0.003509521484375,-0.0179290771484375,-0.02532958984375,4.99984741210938
30.1748573724387,-0,-0,-0,-0,-0,-0,-0,-0,-0,-0,-0,-0,0.00396728515625,-0.01068115234375,0.0018310546875,-0.0202178955078125,-0.0146484375,-0.0547409057617188,-0.02838134765625,4.99984741210938
30.1758537565287,-0,-0,-0,-0,-0,-0,-0,-0,-0,-0,-0,-0,0.00946044921875,-0.001220703125,0.00732421875,-0.003204345703125,-0.0127029418945312,-0.0124359130859375,-0.00030517578125,4.99984741210938
30.1768501406187,-0,-0,-0,-0,-0,-0,-0,-0,-0,-0,-0,-0,0.0054931640625,-0.00152587890625,-0.01800537109375,0.0089263916015625,-0.0154876708984375,-0.0087738037109375,-0.01556396484375,4.99984741210938
30.1778465247087,-0,-0,-0,-0,-0,-0,-0,-0,-0,-0,-0,-0,-0.02166748046875,0.00152587890625,-0.0067138671875,-0.0151824951171875,-0.0113677978515625,-0.0407791137695312,0.0244140625,4.99984741210938
30.1788429087987,-0,-0,-0,-0,-0,-0,-0,-0,-0,-0,-0,-0,-0.00885009765625,-0.009765625,-0.0152587890625,-0.0125503540039062,-0.027008056640625,-0.0119781494140625,0.00762939453125,4.99984741210938
30.1798392928887,-0,-0,-0,-0,-0,-0,-0,-0,-0,-0,-0,-0,0.00732421875,0.0091552734375,0.01495361328125,0.013580322265625,-0.00011444091796875,0.0361251831054688,-0.02227783203125,4.99984741210938
30.1808356769787,-0,-0,-0,-0,-0,-0,-0,-0,-0,-0,-0,-0,-0.0128173828125,0.01068115234375,-0.00152587890625,-0.00469207763671875,0.0020599365234375,0.0467681884765625,0.02532958984375,4.99984741210938
30.1818320610687,-0,-0,-0,-0,-0,-0,-0,-0,-0,-0,-0,-0,-0.00732421875,-0.00701904296875,0.00396728515625,0.0104522705078125,0.0199127197265625,0.0029754638671875,-0.01434326171875,4.99984741210938
30.1828284451587,-0,-0,-0,-0,-0,-0,-0,-0,-0,-0,-0,-0,0.0042724609375,0.00640869140625,0.008544921875,0.00591278076171875,0.0137710571289062,0.02471923828125,-0.00946044921875,4.99984741210938
30.1838248292487,-0,-0,-0,-0,-0,-0,-0,-0,-0,-0,-0,-0,-0.0091552734375,-0.01495361328125,0.01861572265625,0.0227737426757812,0.0207138061523438,-0.0115203857421875,0.01800537109375,4.99984741210938
30.1848212133387,-0,-0,-0,-0,-0,-0,-0,-0,-0,-0,-0,-0,0.00762939453125,0.00274658203125,0.0103759765625,0.00156402587890625,0.0105667114257812,0.03875732421875,0.02471923828125,4.99984741210938
30.1858175974287,-0,-0,-0,-0,-0,-0,-0,-0,-0,-0,-0,-0,0.00396728515625,0.00091552734375,0.0079345703125,0.0201797485351562,0.0135421752929688,0.024871826171875,0.02227783203125,4.99984741210938
30.1868139815187,-0,-0,-0,-0,-0,-0,-0,-0,-0,-0,-0,-0,-0.00335693359375,-0.00946044921875,0.0286865234375,-0.0170516967773438,0.0236892700195312,0.0197982788085938,0.0164794921875,4.99984741210938
30.1878103656087,-0,-0,-0,-0,-0,-0,-0,-0,-0,-0,-0,-0,0.00030517578125,0.0146484375,0.01953125,-0.0156784057617188,0.0168609619140625,0.0310516357421875,0.02410888671875,4.99984741210938
30.1888067496987,-0,-0,-0,-0,-0,-0,-0,-0,-0,-0,-0,-0,0.0115966796875,-0.0079345703125,0.0225830078125,0.0003814697265625,0.002899169921875,0.0265884399414062,-0.03875732421875,4.99984741210938
30.1898031337887,-0,-0,-0,-0,-0,-0,-0,-0,-0,-0,-0,-0,0.00732421875,0.0054931640625,-0.006103515625,-0.004425048828125,0.0143051147460938,0.00030517578125,0.03753662109375,4.99984741210938
30.1907995178787,-0,-0,-0,-0,-0,-0,-0,-0,-0,-0,-0,-0,-0.00244140625,-0.01373291015625,-0.0048828125,0.00072479248046875,-0.00457763671875,0.007476806640625,-0.00152587890625,4.99984741210938
30.1917959019687,-0,-0,-0,-0,-0,-0,-0,-0,-0,-0,-0,-0,-0.00335693359375,0.009765625,0.006103515625,-0.000457763671875,-0.00820159912109375,-0.0344467163085938,0.0006103515625,4.99984741210938
30.1927922860587,-0,-0,-0,-0,-0,-0,-0,-0,-0,-0,-0,-0,-0.003662109375,0.00091552734375,-0.00244140625,0.0041961669921875,0.004119873046875,0.01129150390625,-0.0341796875,4.99984741210938
30.1937886701487,-0,-0,-0,-0,-0,-0,-0,-0,-0,-0,-0,-0,-0.00640869140625,0.00732421875,0.0091552734375,-0.0234603881835938,-0.00400543212890625,0.0157546997070312,0.029296875,4.99984741210938
30.1947850542387,-0,-0,-0,-0,-0,-0,-0,-0,-0,-0,-0,-0,-0.00091552734375,0.0054931640625,-0.01068115234375,0.00308990478515625,-0.0133514404296875,-0.0103378295898438,0.01617431640625,4.99984741210938
30.1957814383286,-0,-0,-0,-0,-0,-0,-0,-0,-0,-0,-0,-0,-0.00244140625,-0.00640869140625,-0.0238037109375,-0.0120162963867188,-0.008087158203125,-0.0145339965820312,0.00762939453125,4.99984741210938
30.1967778224186,-0,-0,-0,-0,-0,-0,-0,-0,-0,-0,-0,-0,-0.0079345703125,0.00823974609375,-0.00946044921875,0.00164031982421875,-0.0335693359375,0.0498199462890625,0.0115966796875,4.99984741210938
30.1977742065086,-0,-0,-0,-0,-0,-0,-0,-0,-0,-0,-0,-0,-0.0103759765625,0.00762939453125,-0.030517578125,0.0005340576171875,-0.0173568725585938,-0.000457763671875,-0.047607421875,4.99984741210938
30.1987705905986,-0,-0,-0,-0,-0,-0,-0,-0,-0,-0,-0,-0,-0.0048828125,-0.00518798828125,-0.0030517578125,-0.0117111206054688,-0.014190673828125,-0.0102996826171875,-0.0384521484375,4.99984741210938
30.1997669746886,-0,-0,-0,-0,-0,-0,-0,-0,-0,-0,-0,-0,0.006103515625,0.001220703125,-0.0140380859375,-0.00156402587890625,-0.0048065185546875,0.00499725341796875,-0.02593994140625,4.99984741210938
30.2007633587786,-0,-0,-0,-0,-0,-0,-0,-0,-0,-0,-0,-0,0.00579833984375,-0.0006103515625,-0.02349853515625,0.00385284423828125,0.0064849853515625,-0.0234222412109375,-0.00030517578125,4.99984741210938
30.2017597428686,-0,-0,-0,-0,-0,-0,-0,-0,-0,-0,-0,-0,0.0079345703125,-0.0018310546875,-0.0067138671875,0.0187301635742188,0.0107192993164062,0.0345611572265625,0.00823974609375,4.99984741210938
30.2027561269586,-0,-0,-0,-0,-0,-0,-0,-0,-0,-0,-0,-0,-0.0006103515625,-0.015869140625,0.02777099609375,-0.0014495849609375,0.0045013427734375,0.0188446044921875,0.01312255859375,4.99984741210938
30.2037525110486,-0,-0,-0,-0,-0,-0,-0,-0,-0,-0,-0,-0,0.0177001953125,0.0067138671875,-0.01678466796875,0.0152969360351562,0.035400390625,0.0051116943359375,-0.02593994140625,4.99984741210938
30.2047488951386,-0,-0,-0,-0,-0,-0,-0,-0,-0,-0,-0,-0,0.0018310546875,0.00274658203125,0.00244140625,0.0147247314453125,-0.0055694580078125,0.0328826904296875,-0.0079345703125,4.99984741210938
30.2057452792286,-0,-0,-0,-0,-0,-0,-0,-0,-0,-0,-0,-0,0.0128173828125,0.00732421875,0.02593994140625,0.0054931640625,0.0176239013671875,0.0110626220703125,0.0140380859375,4.99984741210938
30.2067416633186,-0,-0,-0,-0,-0,-0,-0,-0,-0,-0,-0,-0,0.0006103515625,0.0067138671875,0.02349853515625,0.011138916015625,-0.0058746337890625,0.067901611328125,-0.01708984375,4.99984741210938
30.2077380474086,-0,-0,-0,-0,-0,-0,-0,-0,-0,-0,-0,-0,0.00213623046875,0.006103515625,0.01678466796875,0.008697509765625,0.0131607055664062,0.0121688842773438,0.0152587890625,4.99984741210938
30.2087344314986,-0,-0,-0,-0,-0,-0,-0,-0,-0,-0,-0,-0,0.0146484375,0.00091552734375,0.01373291015625,0.01922607421875,0.0167465209960938,0.00370025634765625,-0.00091552734375,4.99984741210938
30.2097308155886,-0,-0,-0,-0,-0,-0,-0,-0,-0,-0,-0,-0,-0.010986328125,0.0018310546875,0.00946044921875,-0.00823974609375,0.0018310546875,0.0014495849609375,-0.0018310546875,4.99984741210938
30.2107271996786,-0,-0,-0,-0,-0,-0,-0,-0,-0,-0,-0,-0,0.0091552734375,0.01220703125,0.028076171875,0.0138473510742188,-0.00705718994140625,0.00827789306640625,0.023193359375,4.99984741210938
30.2117235837686,-0,-0,-0,-0,-0,-0,-0,-0,-0,-0,-0,-0,-0.0018310546875,-0.00396728515625,0.00518798828125,-0.0019073486328125,-0.0045013427734375,0.00782012939453125,0.0054931640625,4.99984741210938
30.2127199678586,-0,-0,-0,-0,-0,-0,-0,-0,-0,-0,-0,-0,-0.010986328125,0.00640869140625,0.00030517578125,-0.00675201416015625,0.0012969970703125,-0.0348663330078125,0.03692626953125,4.99984741210938
30.2137163519486,-0,-0,-0,-0,-0,-0,-0,-0,-0,-0,-0,-0,0.00213623046875,-0.00396728515625,-0.01708984375,0.0110626220703125,-0.0297164916992188,-0.04180908203125,-0.0091552734375,4.99984741210938
30.2147127360386,-0,-0,-0,-0,-0,-0,-0,-0,-0,-0,-0,-0,0.00457763671875,-0.01220703125,-0.0091552734375,-0.0206756591796875,-0.029144287109375,-0.045166015625,0.00213623046875,4.99984741210938
30.2157091201286,-0,-0,-0,-0,-0,-0,-0,-0,-0,-0,-0,-0,-0.00244140625,-0.00274658203125,-0.01922607421875,-0.0066375732421875,0.00370025634765625,-0.0331497192382812,0.0067138671875,4.99984741210938
30.2167055042186,-0,-0,-0,-0,-0,-0,-0,-0,-0,-0,-0,-0,-0.018310546875,0.0054931640625,-0.0262451171875,-0.001220703125,-0.0139617919921875,-0.0194168090820312,-0.03692626953125,4.99984741210938
30.2177018883086,-0,-0,-0,-0,-0,-0,-0,-0,-0,-0,-0,-0,0.0048828125,0.0048828125,-0.03173828125,0.0091552734375,-0.007171630859375,-0.044097900390625,0.00701904296875,4.99984741210938
30.2186982723986,-0,-0,-0,-0,-0,-0,-0,-0,-0,-0,-0,-0,0.0048828125,0.00213623046875,-0.02105712890625,-0.00579833984375,-0.0017547607421875,-0.0337600708007812,-0.001220703125,4.99984741210938
30.2196946564885,-0,-0,-0,-0,-0,-0,-0,-0,-0,-0,-0,-0,0.00732421875,0.001220703125,-0.01861572265625,0.0154495239257812,0.0070953369140625,0.0008392333984375,-0.01953125,4.99984741210938
30.2206910405785,-0,-0,-0,-0,-0,-0,-0,-0,-0,-0,-0,-0,0.00518798828125,0.010986328125,-0.00457763671875,-0.0135040283203125,-0.010986328125,-0.0003814697265625,-0.00335693359375,4.99984741210938
30.2216874246685,-0,-0,-0,-0,-0,-0,-0,-0,-0,-0,-0,-0,0.00823974609375,0.0079345703125,-0.00640869140625,-0.018310546875,-0.00080108642578125,0.0105667114257812,0.00274658203125,4.99984741210938
30.2226838087585,-0,-0,-0,-0,-0,-0,-0,-0,-0,-0,-0,-0,-0.00274658203125,0.0067138671875,-0.00030517578125,0.011749267578125,0.00812530517578125,0.0516891479492188,0.01739501953125,4.99984741210938
30.2236801928485,-0,-0,-0,-0,-0,-0,-0,-0,-0,-0,-0,-0,0.01068115234375,0.0128173828125,0.0048828125,-0.0101852416992188,-0.00476837158203125,0.0227737426757812,0.0250244140625,4.99984741210938
30.2246765769385,-0,-0,-0,-0,-0,-0,-0,-0,-0,-0,-0,-0,0.01007080078125,-0.0006103515625,0.01373291015625,0.0200653076171875,0.011749267578125,0.0255584716796875,-0.0018310546875,4.99984741210938
30.2256729610285,-0,-0,-0,-0,-0,-0,-0,-0,-0,-0,-0,-0,0.00091552734375,0.0079345703125,0.015869140625,0.0086212158203125,0.0237274169921875,0.018310546875,0.0286865234375,4.99984741210938
30.2266693451185,-0,-0,-0,-0,-0,-0,-0,-0,-0,-0,-0,-0,0.00335693359375,-0.0018310546875,0.0079345703125,-0.001983642578125,0.0159072875976562,-0.0286102294921875,0.00213623046875,4.99984741210938
30.2276657292085,-0,-0,-0,-0,-0,-0,-0,-0,-0,-0,-0,-0,0.0152587890625,0.0091552734375,0.01220703125,0.0009918212890625,0.0067901611328125,0.0297927856445312,-0.00732421875,4.99984741210938
30.2286621132985,-0,-0,-0,-0,-0,-0,-0,-0,-0,-0,-0,-0,0.015869140625,0.0054931640625,0.00823974609375,0.010986328125,0.00682830810546875,0.0197219848632812,-0.03997802734375,4.99984741210938
30.2296584973885,-0,-0,-0,-0,-0,-0,-0,-0,-0,-0,-0,-0,0.008544921875,-0.00030517578125,-0.00091552734375,-0.000152587890625,0.0200271606445312,0.00576019287109375,-0.0103759765625,4.99984741210938
30.2306548814785,-0,-0,-0,-0,-0,-0,-0,-0,-0,-0,-0,-0,0.0018310546875,0.00213623046875,0.001220703125,0.0017547607421875,-0.00881195068359375,-0.00545501708984375,0.0152587890625,4.99984741210938
30.2316512655685,-0,-0,-0,-0,-0,-0,-0,-0,-0,-0,-0,-0,0.01373291015625,0.00030517578125,-0.01983642578125,-0.00179290771484375,-0.00988006591796875,-0.0366973876953125,0.0042724609375,4.99984741210938
30.2326476496585,-0,-0,-0,-0,-0,-0,-0,-0,-0,-0,-0,-0,-0.0091552734375,-0.00030517578125,-0.01800537109375,0.00438690185546875,-0.02166748046875,0.00579833984375,-0.03631591796875,4.99984741210938
30.2336440337485,-0,-0,-0,-0,-0,-0,-0,-0,-0,-0,-0,-0,0.013427734375,-0.009765625,-0.01129150390625,-0.009918212890625,-0.0142288208007812,0.00518798828125,-0.0177001953125,4.99984741210938
30.2346404178385,-0,-0,-0,-0,-0,-0,-0,-0,-0,-0,-0,-0,-0.0079345703125,0.001220703125,-0.0189208984375,0.00469207763671875,-0.0101852416992188,0.00415802001953125,-0.0189208984375,4.99984741210938
30.2356368019285,-0,-0,-0,-0,-0,-0,-0,-0,-0,-0,-0,-0,-0.0140380859375,0.001220703125,-0.02288818359375,0.0060272216796875,-0.000762939453125,0.0302886962890625,-0.00030517578125,4.99984741210938
30.2366331860185,-0,-0,-0,-0,-0,-0,-0,-0,-0,-0,-0,-0,-0.01129150390625,0.00213623046875,-0.00579833984375,-0.00286102294921875,-0.0310516357421875,0.0470352172851562,-0.0311279296875,4.99984741210938
30.2376295701085,-0,-0,-0,-0,-0,-0,-0,-0,-0,-0,-0,-0,-0.00579833984375,-0.00152587890625,0.01434326171875,-0.0264739990234375,-0.001373291015625,0.0136947631835938,-0.0006103515625,4.99984741210938
30.2386259541985,-0,-0,-0,-0,-0,-0,-0,-0,-0,-0,-0,-0,-0.0018310546875,-0.00946044921875,-0.00213623046875,-0.0081634521484375,-0.00743865966796875,-0.0041961669921875,0.00091552734375,4.99984741210938
30.2396223382885,-0,-0,-0,-0,-0,-0,-0,-0,-0,-0,-0,-0,-0.0091552734375,0.00030517578125,0.0250244140625,0.0019073486328125,-0.0104522705078125,0.0063323974609375,0.001220703125,4.99984741210938
30.2406187223785,-0,-0,-0,-0,-0,-0,-0,-0,-0,-0,-0,-0,-0.0048828125,0.0115966796875,0.01861572265625,-0.0042724609375,-0.00209808349609375,0.0152969360351562,0.00701904296875,4.99984741210938
30.2416151064685,-0,-0,-0,-0,-0,-0,-0,-0,-0,-0,-0,-0,0.00579833984375,0.0177001953125,0.00823974609375,0.0136184692382812,0.0116729736328125,0.0243377685546875,0.03143310546875,4.99984741210938
30.2426114905585,-0,-0,-0,-0,-0,-0,-0,-0,-0,-0,-0,-0,0.01678466796875,0.006103515625,0.03692626953125,0.00179290771484375,0.00179290771484375,-0.02471923828125,-0.02655029296875,4.99984741210938
30.2436078746485,-0,-0,-0,-0,-0,-0,-0,-0,-0,-0,-0,-0,0.00457763671875,0.01434326171875,0.03326416015625,-0.0138092041015625,0.0208663940429688,0.0252151489257812,0.008544921875,4.99984741210938
30.2446042587384,-0,-0,-0,-0,-0,-0,-0,-0,-0,-0,-0,-0,0.0054931640625,0.0018310546875,0.01068115234375,-0.00518798828125,0.0133895874023438,0.0187301635742188,0.015869140625,4.99984741210938
30.2456006428284,-0,-0,-0,-0,-0,-0,-0,-0,-0,-0,-0,-0,0.00274658203125,0.0091552734375,0.01129150390625,0.0145721435546875,0.0168228149414062,-0.0141143798828125,0.0006103515625,4.99984741210938
30.2465970269184,-0,-0,-0,-0,-0,-0,-0,-0,-0,-0,-0,-0,-0.0006103515625,0.00030517578125,0.0299072265625,-0.00392913818359375,0.010986328125,0.0119781494140625,0.03143310546875,4.99984741210938
30.2475934110084,-0,-0,-0,-0,-0,-0,-0,-0,-0,-0,-0,-0,0.00518798828125,0.00701904296875,0.01068115234375,0.017852783203125,0.002593994140625,0.021820068359375,-0.0152587890625,4.99984741210938
30.2485897950984,-0,-0,-0,-0,-0,-0,-0,-0,-0,-0,-0,-0,0.0006103515625,0.0018310546875,0.02471923828125,-0.0352859497070312,0.0171661376953125,0.0022125244140625,0.0018310546875,4.99984741210938
30.2495861791884,-0,-0,-0,-0,-0,-0,-0,-0,-0,-0,-0,-0,0.008544921875,0.00762939453125,0.003662109375,0.010833740234375,0.00885009765625,0.0210952758789062,0.01373291015625,4.99984741210938
30.2505825632784,-0,-0,-0,-0,-0,-0,-0,-0,-0,-0,-0,-0,0.00244140625,0.0006103515625,0.00579833984375,-0.0260162353515625,0.0038909912109375,0.00995635986328125,-0.00579833984375,4.99984741210938
30.2515789473684,-0,-0,-0,-0,-0,-0,-0,-0,-0,-0,-0,-0,-0.006103515625,-0.01373291015625,0.001220703125,0.0092315673828125,-0.0023651123046875,0.0052642822265625,0.0115966796875,4.99984741210938
30.2525753314584,-0,-0,-0,-0,-0,-0,-0,-0,-0,-0,-0,-0,0.00823974609375,0.00091552734375,0.00213623046875,-0.039825439453125,0.001678466796875,-0.0331497192382812,0.02197265625,4.99984741210938
30.2535717155484,-0,-0,-0,-0,-0,-0,-0,-0,-0,-0,-0,-0,0.00701904296875,0.00823974609375,-0.01953125,-0.0162506103515625,-0.0156021118164062,-0.0006103515625,0.0030517578125,4.99984741210938
30.2545680996384,-0,-0,-0,-0,-0,-0,-0,-0,-0,-0,-0,-0,0.003662109375,-0.00152587890625,-0.0018310546875,-0.0146102905273438,-0.00576019287109375,-0.0172805786132812,-0.00701904296875,4.99984741210938
30.2555644837284,-0,-0,-0,-0,-0,-0,-0,-0,-0,-0,-0,-0,0.0054931640625,-0.00640869140625,-0.01617431640625,-0.0075531005859375,-0.0252914428710938,0.0030517578125,0.023193359375,4.99984741210938
30.2565608678184,-0,-0,-0,-0,-0,-0,-0,-0,-0,-0,-0,-0,-0.0067138671875,-0.00152587890625,0.00823974609375,-0.0364303588867188,-0.00438690185546875,-0.0130462646484375,-0.00762939453125,4.99984741210938
30.2575572519084,-0,-0,-0,-0,-0,-0,-0,-0,-0,-0,-0,-0,0.0067138671875,-0.0177001953125,-0.018310546875,0.0208663940429688,-0.0255584716796875,-0.01373291015625,-0.040283203125,4.99984741210938
30.2585536359984,-0,-0,-0,-0,-0,-0,-0,-0,-0,-0,-0,-0,-0.006103515625,-0.009765625,0.01129150390625,0.0052642822265625,-0.011749267578125,-0.0109100341796875,0.0140380859375,4.99984741210938
30.2595500200884,-0,-0,-0,-0,-0,-0,-0,-0,-0,-0,-0,-0,-0.0048828125,0.00946044921875,-0.0030517578125,0.001373291015625,-0.0112152099609375,-0.0138092041015625,0.00457763671875,4.99984741210938
30.2605464041784,-0,-0,-0,-0,-0,-0,-0,-0,-0,-0,-0,-0,-0.0006103515625,0.013427734375,-0.00518798828125,-0.0244903564453125,0.001220703125,0.0168228149414062,-0.023193359375,4.99984741210938
30.2615427882684,-0,-0,-0,-0,-0,-0,-0,-0,-0,-0,-0,-0,0.0067138671875,0.00946044921875,0.008544921875,0.0246429443359375,0.00583648681640625,-0.0185394287109375,-0.001220703125,4.99984741210938
30.2625391723584,-0,-0,-0,-0,-0,-0,-0,-0,-0,-0,-0,-0,0.01495361328125,-0.00335693359375,0.013427734375,0.00946044921875,-0.00415802001953125,0.00347137451171875,0.015869140625,4.99984741210938
30.2635355564484,-0,-0,-0,-0,-0,-0,-0,-0,-0,-0,-0,-0,0.0103759765625,-0.0079345703125,-0.0042724609375,0.0089263916015625,0.0196075439453125,0.0403594970703125,-0.00396728515625,4.99984741210938
30.2645319405384,-0,-0,-0,-0,-0,-0,-0,-0,-0,-0,-0,-0,0.0042724609375,0.00213623046875,0.02197265625,0.00469207763671875,0.0264739990234375,0.0164031982421875,-0.00152587890625,4.99984741210938
30.2655283246284,-0,-0,-0,-0,-0,-0,-0,-0,-0,-0,-0,-0,0.00701904296875,0.00091552734375,0.02960205078125,0.0234222412109375,0.0130844116210938,0.0247573852539062,0.00701904296875,4.99984741210938
30.2665247087184,-0,-0,-0,-0,-0,-0,-0,-0,-0,-0,-0,-0,0.0189208984375,-0.00091552734375,0.00579833984375,0.0257110595703125,0.0067138671875,0.01007080078125,-0.00518798828125,4.99984741210938
30.2675210928084,-0,-0,-0,-0,-0,-0,-0,-0,-0,-0,-0,-0,0.0091552734375,0.0042724609375,0.023193359375,-0.00202178955078125,-0.0136566162109375,0.012664794921875,0.023193359375,4.99984741210938
30.2685174768984,-0,-0,-0,-0,-0,-0,-0,-0,-0,-0,-0,-0,-0.01251220703125,0.01068115234375,0.0244140625,0.00865936279296875,0.002288818359375,0.01922607421875,0.0250244140625,4.99984741210938
30.2695138609883,-0,-0,-0,-0,-0,-0,-0,-0,-0,-0,-0,-0,0.01373291015625,0.01708984375,0.008544921875,-0.00049591064453125,-0.000152587890625,0.033721923828125,0.00091552734375,4.99984741210938
30.2705102450783,-0,-0,-0,-0,-0,-0,-0,-0,-0,-0,-0,-0,0.0103759765625,-0.00152587890625,-0.00946044921875,0.0048065185546875,-0.0016021728515625,-0.0125885009765625,0.01953125,4.99984741210938
30.2715066291683,-0,-0,-0,-0,-0,-0,-0,-0,-0,-0,-0,-0,0.0128173828125,0.0091552734375,-0.008544921875,0.0164794921875,-0.0091552734375,-0.0213241577148438,-0.03082275390625,4.99984741210938
30.2725030132583,-0,-0,-0,-0,-0,-0,-0,-0,-0,-0,-0,-0,0.01800537109375,-0.0018310546875,-0.0018310546875,-0.0060272216796875,-0.0118637084960938,-0.032806396484375,0.02349853515625,4.99984741210938
30.2734993973483,-0,-0,-0,-0,-0,-0,-0,-0,-0,-0,-0,-0,-0.00244140625,0.0006103515625,-0.02899169921875,0.00019073486328125,-0.0136947631835938,0.00934600830078125,0.0054931640625,4.99984741210938
30.2744957814383,-0,-0,-0,-0,-0,-0,-0,-0,-0,-0,-0,-0,0.0030517578125,-0.00701904296875,-0.0048828125,-0.00492095947265625,-0.0107955932617188,0.0081634521484375,-0.0225830078125,4.99984741210938
30.2754921655283,-0,-0,-0,-0,-0,-0,-0,-0,-0,-0,-0,-0,0.0042724609375,0.00335693359375,0.0042724609375,-0.0183486938476562,-0.0106430053710938,-0.0192642211914062,0.0006103515625,4.99984741210938
30.2764885496183,-0,-0,-0,-0,-0,-0,-0,-0,-0,-0,-0,-0,-0.0164794921875,0.01251220703125,-0.020751953125,-0.0072479248046875,-0.0144195556640625,0.0115585327148438,-0.03448486328125,4.99984741210938
30.2774849337083,-0,-0,-0,-0,-0,-0,-0,-0,-0,-0,-0,-0,0.0067138671875,0.00244140625,-0.02349853515625,0.00919342041015625,-0.00621795654296875,-0.0469970703125,0.02655029296875,4.99984741210938
30.2784813177983,-0,-0,-0,-0,-0,-0,-0,-0,-0,-0,-0,-0,-0.010986328125,0.00030517578125,-0.008544921875,0.0140380859375,-0.0175857543945312,0.0080108642578125,0.0054931640625,4.99984741210938
30.2794777018883,-0,-0,-0,-0,-0,-0,-0,-0,-0,-0,-0,-0,0.0054931640625,0.0030517578125,0.0103759765625,0.00072479248046875,0.012054443359375,-0.02532958984375,0.03448486328125,4.99984741210938
30.2804740859783,-0,-0,-0,-0,-0,-0,-0,-0,-0,-0,-0,-0,0.001220703125,-0.013427734375,-0.0213623046875,0.0058746337890625,0.00659942626953125,0.0067901611328125,0.0152587890625,4.99984741210938
30.2814704700683,-0,-0,-0,-0,-0,-0,-0,-0,-0,-0,-0,-0,0.00885009765625,-0.00091552734375,0.01007080078125,0.0016021728515625,0.0014495849609375,-0.0438690185546875,-0.03082275390625,4.99984741210938
30.2824668541583,-0,-0,-0,-0,-0,-0,-0,-0,-0,-0,-0,-0,0.00244140625,0.00701904296875,0.010986328125,-0.0316619873046875,0.017852783203125,0.013885498046875,0.00335693359375,4.99984741210938
30.2834632382483,-0,-0,-0,-0,-0,-0,-0,-0,-0,-0,-0,-0,0.0152587890625,0.00213623046875,-0.003662109375,0.0275802612304688,0.0160980224609375,-0.0412368774414062,-0.00457763671875,4.99984741210938
30.2844596223383,-0,-0,-0,-0,-0,-0,-0,-0,-0,-0,-0,-0,0.00946044921875,0.0067138671875,0.009765625,0.025634765625,0.00087738037109375,0.03753662109375,-0.00732421875,4.99984741210938
30.2854560064283,-0,-0,-0,-0,-0,-0,-0,-0,-0,-0,-0,-0,0.0067138671875,0.00152587890625,0.03173828125,0.008697509765625,0.00713348388671875,0.00476837158203125,-0.00579833984375,4.99984741210938
30.2864523905183,-0,-0,-0,-0,-0,-0,-0,-0,-0,-0,-0,-0,0.0042724609375,0.01373291015625,0.0079345703125,0.011749267578125,0.0118255615234375,0.02532958984375,-0.00335693359375,4.99984741210938
30.2874487746083,-0,-0,-0,-0,-0,-0,-0,-0,-0,-0,-0,-0,0.00518798828125,-0.01068115234375,0.0115966796875,0.00640869140625,0.0153732299804688,0.001220703125,-0.02777099609375,4.99984741210938
30.2884451586983,-0,-0,-0,-0,-0,-0,-0,-0,-0,-0,-0,-0,0.0079345703125,0.00396728515625,-0.00946044921875,0.0110626220703125,0.0160598754882812,-0.0244140625,-0.00518798828125,4.99984741210938
30.2894415427883,-0,-0,-0,-0,-0,-0,-0,-0,-0,-0,-0,-0,-0.00640869140625,-0.01495361328125,-0.0140380859375,0.00659942626953125,0.00514984130859375,-0.0139617919921875,0.00396728515625,4.99984741210938
30.2904379268783,-0,-0,-0,-0,-0,-0,-0,-0,-0,-0,-0,-0,0.009765625,0.001220703125,-0.01190185546875,-0.00087738037109375,0.0025177001953125,0.00499725341796875,0.035400390625,4.99984741210938
30.2914343109683,-0,-0,-0,-0,-0,-0,-0,-0,-0,-0,-0,-0,0.006103515625,0.0048828125,-0.00396728515625,0.0002288818359375,-0.00057220458984375,-0.0185012817382812,-0.00244140625,4.99984741210938
30.2924306950583,-0,-0,-0,-0,-0,-0,-0,-0,-0,-0,-0,-0,0.00244140625,-0.00732421875,-0.00457763671875,0.013275146484375,-0.00274658203125,-0.0172805786132812,-0.02105712890625,4.99984741210938
30.2934270791483,-0,-0,-0,-0,-0,-0,-0,-0,-0,-0,-0,-0,0.00030517578125,0.00152587890625,0.01556396484375,0.0177001953125,-0.0281906127929688,0.00469207763671875,0.010986328125,4.99984741210938
30.2944234632382,-0,-0,-0,-0,-0,-0,-0,-0,-0,-0,-0,-0,-0.01556396484375,-0.0042724609375,-0.04302978515625,0.005035400390625,-0.0115966796875,-0.0203323364257812,0.0103759765625,4.99984741210938
30.2954198473282,-0,-0,-0,-0,-0,-0,-0,-0,-0,-0,-0,-0,-0.01861572265625,-0.0054931640625,-0.01922607421875,-0.00865936279296875,-0.009918212890625,0.00804901123046875,0.01068115234375,4.99984741210938
30.2964162314182,-0,-0,-0,-0,-0,-0,-0,-0,-0,-0,-0,-0,-0.0225830078125,0.01617431640625,-0.0146484375,-0.00675201416015625,-0.0154495239257812,0.0231552124023438,0.03082275390625,4.99984741210938
30.2974126155082,-0,-0,-0,-0,-0,-0,-0,-0,-0,-0,-0,-0,-0.00946044921875,-0.00091552734375,0.00091552734375,0.00049591064453125,-0.015106201171875,0.0078582763671875,-0.008544921875,4.99984741210938
30.2984089995982,-0,-0,-0,-0,-0,-0,-0,-0,-0,-0,-0,-0,0.006103515625,0.00518798828125,-0.0067138671875,-0.0254058837890625,-0.0054931640625,-0.0264358520507812,0.01495361328125,4.99984741210938
30.2994053836882,-0,-0,-0,-0,-0,-0,-0,-0,-0,-0,-0,-0,-0.01251220703125,0.003662109375,-0.00396728515625,-0.0147247314453125,-0.00759124755859375,-0.00713348388671875,0.03753662109375,4.99984741210938
30.3004017677782,-0,-0,-0,-0,-0,-0,-0,-0,-0,-0,-0,-0,0.00518798828125,0.018310546875,0.00823974609375,-0.001373291015625,0.0006866455078125,-0.036773681640625,0.009765625,4.99984741210938
30.3013981518682,-0,-0,-0,-0,-0,-0,-0,-0,-0,-0,-0,-0,0.00762939453125,0.00091552734375,0.00762939453125,-0.0031280517578125,0.0178146362304688,0.0134658813476562,0.01220703125,4.99984741210938
30.3023945359582,-0,-0,-0,-0,-0,-0,-0,-0,-0,-0,-0,-0,0.018310546875,-0.01007080078125,0.01800537109375,-0.0006866455078125,0.0152969360351562,0.0042724609375,-0.0201416015625,4.99984741210938
30.3033909200482,-0,-0,-0,-0,-0,-0,-0,-0,-0,-0,-0,-0,-0.0091552734375,-0.010986328125,0.020751953125,0.0210189819335938,0.00797271728515625,0.02532958984375,-0.03387451171875,4.99984741210938
30.3043873041382,-0,-0,-0,-0,-0,-0,-0,-0,-0,-0,-0,-0,0.008544921875,0.00640869140625,0.01007080078125,0.018463134765625,0.01922607421875,0.0305938720703125,0.03387451171875,4.99984741210938
30.3053836882282,-0,-0,-0,-0,-0,-0,-0,-0,-0,-0,-0,-0,-0.00396728515625,0.00152587890625,0.01953125,-0.00926971435546875,-0.00324249267578125,0.0125503540039062,-0.04058837890625,4.99984741210938
30.3063800723182,-0,-0,-0,-0,-0,-0,-0,-0,-0,-0,-0,-0,0.0103759765625,0.01007080078125,0.01434326171875,-0.0196456909179688,0.0265121459960938,-0.008544921875,0.0048828125,4.99984741210938
30.3073764564082,-0,-0,-0,-0,-0,-0,-0,-0,-0,-0,-0,-0,-0.00213623046875,-0.00152587890625,-0.00518798828125,0.00377655029296875,0.00492095947265625,0.00507354736328125,-0.0457763671875,4.99984741210938
30.3083728404982,-0,-0,-0,-0,-0,-0,-0,-0,-0,-0,-0,-0,0.00823974609375,-0.0140380859375,0.03326416015625,0.00011444091796875,0.00797271728515625,0.0258255004882812,-0.01434326171875,4.99984741210938
30.3093692245882,-0,-0,-0,-0,-0,-0,-0,-0,-0,-0,-0,-0,-0.003662109375,-0.00946044921875,-0.00274658203125,-0.0140762329101562,0.0006103515625,0.0072479248046875,0.02410888671875,4.99984741210938
30.3103656086782,-0,-0,-0,-0,-0,-0,-0,-0,-0,-0,-0,-0,0.0030517578125,0.00579833984375,-0.00335693359375,-0.00701904296875,0.0230789184570312,-0.00396728515625,-0.0006103515625,4.99984741210938
30.3113619927682,-0,-0,-0,-0,-0,-0,-0,-0,-0,-0,-0,-0,-0.00579833984375,-0.01068115234375,0.00213623046875,0.0026702880859375,-0.000152587890625,-0.00179290771484375,0.01739501953125,4.99984741210938
30.3123583768582,-0,-0,-0,-0,-0,-0,-0,-0,-0,-0,-0,-0,-0.00335693359375,0.006103515625,0.00457763671875,-0.019683837890625,-0.00591278076171875,-0.0232315063476562,0.01861572265625,4.99984741210938
30.3133547609482,-0,-0,-0,-0,-0,-0,-0,-0,-0,-0,-0,-0,-0.0018310546875,-0.00244140625,-0.01434326171875,-0.018768310546875,0.0048065185546875,0.036773681640625,0.0067138671875,4.99984741210938
30.3143511450382,-0,-0,-0,-0,-0,-0,-0,-0,-0,-0,-0,-0,-0.0006103515625,-0.00732421875,-0.01434326171875,-0.010986328125,-0.00919342041015625,-0.0139999389648438,-0.01708984375,4.99984741210938
30.3153475291282,-0,-0,-0,-0,-0,-0,-0,-0,-0,-0,-0,-0,-0.008544921875,-0.00640869140625,-0.02899169921875,-0.0174331665039062,-0.0200271606445312,0.00102996826171875,0.0482177734375,4.99984741210938
30.3163439132182,-0,-0,-0,-0,-0,-0,-0,-0,-0,-0,-0,-0,-0.00762939453125,0.0048828125,-0.00335693359375,-0.0127792358398438,-0.01800537109375,0.0193405151367188,-0.03509521484375,4.99984741210938
30.3173402973082,-0,-0,-0,-0,-0,-0,-0,-0,-0,-0,-0,-0,0.006103515625,-0.0103759765625,-0.006103515625,-0.0092315673828125,-0.0167083740234375,0.012664794921875,0.00946044921875,4.99984741210938
30.3183366813982,-0,-0,-0,-0,-0,-0,-0,-0,-0,-0,-0,-0,-0.0146484375,0.00335693359375,-0.009765625,-0.0149154663085938,0.008544921875,-0.0188446044921875,0.00396728515625,4.99984741210938
30.3193330654881,-0,-0,-0,-0,-0,-0,-0,-0,-0,-0,-0,-0,0.008544921875,0.00030517578125,0.01190185546875,0.00514984130859375,-0.0037384033203125,0.005035400390625,0.00823974609375,4.99984741210938
30.3203294495781,-0,-0,-0,-0,-0,-0,-0,-0,-0,-0,-0,-0,0.00823974609375,0.01312255859375,0.00152587890625,-0.00858306884765625,-0.0002288818359375,0.0378799438476562,0.00518798828125,4.99984741210938
30.3213258336681,-0,-0,-0,-0,-0,-0,-0,-0,-0,-0,-0,-0,-0.0079345703125,0.00274658203125,0.02288818359375,0.010833740234375,-0.00644683837890625,0.013885498046875,-0.0360107421875,4.99984741210938
30.3223222177581,-0,-0,-0,-0,-0,-0,-0,-0,-0,-0,-0,-0,0.013427734375,-0.0091552734375,0.003662109375,-0.00080108642578125,0.0295639038085938,0.0417327880859375,-0.02044677734375,4.99984741210938
30.3233186018481,-0,-0,-0,-0,-0,-0,-0,-0,-0,-0,-0,-0,0.00823974609375,-0.0030517578125,0.0103759765625,0.005950927734375,0.00640869140625,0.0030517578125,0.0030517578125,4.99984741210938
30.3243149859381,-0,-0,-0,-0,-0,-0,-0,-0,-0,-0,-0,-0,0.008544921875,0.0042724609375,0.03173828125,0.00400543212890625,0.0169754028320312,-0.00827789306640625,-0.0439453125,4.99984741210938
30.3253113700281,-0,-0,-0,-0,-0,-0,-0,-0,-0,-0,-0,-0,0.00457763671875,0.00335693359375,0.01495361328125,-0.002288818359375,0.019378662109375,0.0611114501953125,0.0030517578125,4.99984741210938
30.3263077541181,-0,-0,-0,-0,-0,-0,-0,-0,-0,-0,-0,-0,0.02349853515625,-0.00396728515625,0.01983642578125,-0.00823974609375,0.0130081176757812,0.006866455078125,0.008544921875,4.99984741210938
30.3273041382081,-0,-0,-0,-0,-0,-0,-0,-0,-0,-0,-0,-0,0.0054931640625,-0.00274658203125,0.0146484375,0.011138916015625,0.0095367431640625,0.0006866455078125,-0.01708984375,4.99984741210938
30.3283005222981,-0,-0,-0,-0,-0,-0,-0,-0,-0,-0,-0,-0,0.00396728515625,0.0018310546875,0.01495361328125,0.0046539306640625,0.0123214721679688,0.029296875,-0.0042724609375,4.99984741210938
30.3292969063881,-0,-0,-0,-0,-0,-0,-0,-0,-0,-0,-0,-0,0.00732421875,0.01068115234375,0.0103759765625,0.00095367431640625,0.0253677368164062,0.0191879272460938,-0.009765625,4.99984741210938
30.3302932904781,-0,-0,-0,-0,-0,-0,-0,-0,-0,-0,-0,-0,-0.0042724609375,-0.00244140625,-0.01983642578125,0.0046539306640625,0.0083160400390625,-0.00095367431640625,-0.0244140625,4.99984741210938
30.3312896745681,-0,-0,-0,-0,-0,-0,-0,-0,-0,-0,-0,-0,0.0030517578125,0.00640869140625,0.00213623046875,-0.03814697265625,-0.0152587890625,0.01861572265625,-0.00457763671875,4.99984741210938
30.3322860586581,-0,-0,-0,-0,-0,-0,-0,-0,-0,-0,-0,-0,-0.018310546875,-0.00274658203125,-0.0079345703125,-0.0023651123046875,-0.0091552734375,0.001983642578125,-0.04547119140625,4.99984741210938
30.3332824427481,-0,-0,-0,-0,-0,-0,-0,-0,-0,-0,-0,-0,-0.01007080078125,-0.00335693359375,-0.01434326171875,0.00553131103515625,-0.0092315673828125,-0.0400543212890625,-0.00701904296875,4.99984741210938
30.3342788268381,-0,-0,-0,-0,-0,-0,-0,-0,-0,-0,-0,-0,-0.02044677734375,-0.001220703125,-0.029296875,0.007171630859375,-0.0227737426757812,-0.0087738037109375,0.01495361328125,4.99984741210938
30.3352752109281,-0,-0,-0,-0,-0,-0,-0,-0,-0,-0,-0,-0,0.003662109375,0.0006103515625,-0.0152587890625,-0.00141143798828125,-0.0194549560546875,-0.008087158203125,-0.0140380859375,4.99984741210938
30.3362715950181,-0,-0,-0,-0,-0,-0,-0,-0,-0,-0,-0,-0,-0.00030517578125,0,-0.01068115234375,-0.00152587890625,-0.009765625,-0.04730224609375,-0.00396728515625,4.99984741210938
30.3372679791081,-0,-0,-0,-0,-0,-0,-0,-0,-0,-0,-0,-0,0.0054931640625,0.00457763671875,-0.01861572265625,0.00865936279296875,-0.0115203857421875,-0.0407791137695312,-0.00732421875,4.99984741210938
30.3382643631981,-0,-0,-0,-0,-0,-0,-0,-0,-0,-0,-0,-0,0.01220703125,0.00396728515625,-0.01495361328125,-0.00095367431640625,-0.0109100341796875,-0.000152587890625,-0.023193359375,4.99984741210938
30.3392607472881,-0,-0,-0,-0,-0,-0,-0,-0,-0,-0,-0,-0,0.0054931640625,0.0030517578125,-0.00213623046875,-0.00041961669921875,0.00030517578125,0.00316619873046875,0.0213623046875,4.99984741210938
30.3402571313781,-0,-0,-0,-0,-0,-0,-0,-0,-0,-0,-0,-0,0.00732421875,-0.0018310546875,0.00244140625,0.00354766845703125,-0.00034332275390625,-0.0086212158203125,0.0103759765625,4.99984741210938
30.3412535154681,-0,-0,-0,-0,-0,-0,-0,-0,-0,-0,-0,-0,0.010986328125,0.00091552734375,0.00030517578125,-0.01373291015625,-0.012969970703125,0.04730224609375,0.00640869140625,4.99984741210938
30.3422498995581,-0,-0,-0,-0,-0,-0,-0,-0,-0,-0,-0,-0,-0.0006103515625,0.00274658203125,0.0091552734375,0.0077056884765625,0.007171630859375,0.0299072265625,-0.01556396484375,4.99984741210938
30.3432462836481,-0,-0,-0,-0,-0,-0,-0,-0,-0,-0,-0,-0,0.0079345703125,-0.00518798828125,0.00396728515625,0.0207901000976562,0.0151443481445312,-0.0168228149414062,0.0225830078125,4.99984741210938
30.344242667738,-0,-0,-0,-0,-0,-0,-0,-0,-0,-0,-0,-0,-0.00640869140625,0.0030517578125,0.00640869140625,-0.00415802001953125,0.0034332275390625,0.01007080078125,0.008544921875,4.99984741210938
30.345239051828,-0,-0,-0,-0,-0,-0,-0,-0,-0,-0,-0,-0,0.00457763671875,0.00701904296875,0.01373291015625,0.00278472900390625,0.0148391723632812,0.0089263916015625,0.00152587890625,4.99984741210938
30.346235435918,-0,-0,-0,-0,-0,-0,-0,-0,-0,-0,-0,-0,0.00946044921875,0.00274658203125,0.01739501953125,-0.0153350830078125,0.0203323364257812,0.0194168090820312,0.00640869140625,4.99984741210938
30.347231820008,-0,-0,-0,-0,-0,-0,-0,-0,-0,-0,-0,-0,0.01220703125,-0.0048828125,0.0177001953125,-0.0055694580078125,0.0322723388671875,0.0268936157226562,-0.00579833984375,4.99984741210938
30.348228204098,-0,-0,-0,-0,-0,-0,-0,-0,-0,-0,-0,-0,-0.00640869140625,0.00946044921875,0.023193359375,0.009002685546875,0.0164413452148438,0.008392333984375,-0.0146484375,4.99984741210938
30.349224588188,-0,-0,-0,-0,-0,-0,-0,-0,-0,-0,-0,-0,-0.0054931640625,-0.0079345703125,-0.00640869140625,-0.0206756591796875,-0.0101089477539062,-0.0179672241210938,0.0164794921875,4.99984741210938
30.350220972278,-0,-0,-0,-0,-0,-0,-0,-0,-0,-0,-0,-0,0.0067138671875,0.0091552734375,-0.00457763671875,-0.0077056884765625,-0.0032806396484375,0.0195693969726562,-0.0225830078125,4.99984741210938
30.351217356368,-0,-0,-0,-0,-0,-0,-0,-0,-0,-0,-0,-0,-0.0018310546875,-0.001220703125,-0.00732421875,-0.01617431640625,-0.002593994140625,0.00148773193359375,0.01007080078125,4.99984741210938
30.352213740458,-0,-0,-0,-0,-0,-0,-0,-0,-0,-0,-0,-0,-0.00762939453125,0.00030517578125,-0.00579833984375,-0.00705718994140625,0.0106430053710938,-0.0577163696289062,-0.0360107421875,4.99984741210938
30.353210124548,-0,-0,-0,-0,-0,-0,-0,-0,-0,-0,-0,-0,0.00732421875,0.00457763671875,0.0213623046875,-0.00972747802734375,-0.01861572265625,0.0126266479492188,0.018310546875,4.99984741210938
30.354206508638,-0,-0,-0,-0,-0,-0,-0,-0,-0,-0,-0,-0,-0.00732421875,-0.00396728515625,-0.01373291015625,0.0168991088867188,-0.0143051147460938,0.0005340576171875,-0.00274658203125,4.99984741210938
30.355202892728,-0,-0,-0,-0,-0,-0,-0,-0,-0,-0,-0,-0,-0.01068115234375,-0.00762939453125,-0.0030517578125,-0.00247955322265625,-0.0119400024414062,0.00820159912109375,-0.057373046875,4.99984741210938
30.356199276818,-0,-0,-0,-0,-0,-0,-0,-0,-0,-0,-0,-0,-0.01007080078125,-0.01708984375,0.0018310546875,-0.0176620483398438,0.001068115234375,-0.045318603515625,0.0048828125,4.99984741210938
30.357195660908,-0,-0,-0,-0,-0,-0,-0,-0,-0,-0,-0,-0,-0.00457763671875,-0.00244140625,-0.0128173828125,-0.0291061401367188,-0.0114822387695312,-3.814697265625e-05,0.01434326171875,4.99984741210938
30.358192044998,-0,-0,-0,-0,-0,-0,-0,-0,-0,-0,-0,-0,-0.0042724609375,-0.01373291015625,0.008544921875,-0.0124740600585938,-0.0128936767578125,-0.0017547607421875,0.02410888671875,4.99984741210938
30.359188429088,-0,-0,-0,-0,-0,-0,-0,-0,-0,-0,-0,-0,0.0103759765625,0.009765625,0.00152587890625,0.0042724609375,-0.012359619140625,0.030059814453125,-0.01861572265625,4.99984741210938
30.360184813178,-0,-0,-0,-0,-0,-0,-0,-0,-0,-0,-0,-0,0.0048828125,-0.00579833984375,-0.02899169921875,-0.00186920166015625,0.00225067138671875,0.004119873046875,0.0592041015625,4.99984741210938
30.361181197268,-0,-0,-0,-0,-0,-0,-0,-0,-0,-0,-0,-0,0.00396728515625,0.00946044921875,0.00701904296875,0.0255584716796875,0.0161361694335938,-0.0049591064453125,-0.0335693359375,4.99984741210938
30.362177581358,-0,-0,-0,-0,-0,-0,-0,-0,-0,-0,-0,-0,0.0201416015625,0.0006103515625,0.01068115234375,-0.006256103515625,0.0089263916015625,-0.0337600708007812,0.01861572265625,4.99984741210938
30.363173965448,-0,-0,-0,-0,-0,-0,-0,-0,-0,-0,-0,-0,-0.00030517578125,0.00030517578125,0.01617431640625,-0.0006103515625,-0.0032806396484375,0.0083160400390625,0.03265380859375,4.99984741210938
30.364170349538,-0,-0,-0,-0,-0,-0,-0,-0,-0,-0,-0,-0,0.0018310546875,0.01617431640625,0.00152587890625,0.00705718994140625,0.00171661376953125,0.0187301635742188,-0.0164794921875,4.99984741210938
30.365166733628,-0,-0,-0,-0,-0,-0,-0,-0,-0,-0,-0,-0,0.0128173828125,-0.00518798828125,0.015869140625,-0.0321578979492188,0.0101470947265625,0.024261474609375,-0.00030517578125,4.99984741210938
30.366163117718,-0,-0,-0,-0,-0,-0,-0,-0,-0,-0,-0,-0,0.0006103515625,-0.00885009765625,0.02838134765625,0.0067901611328125,0.009002685546875,0.036468505859375,0.0177001953125,4.99984741210938
30.367159501808,-0,-0,-0,-0,-0,-0,-0,-0,-0,-0,-0,-0,-0.00579833984375,0.009765625,0.02777099609375,0.0164031982421875,0.0110626220703125,0.00492095947265625,0.0225830078125,4.99984741210938
30.368155885898,-0,-0,-0,-0,-0,-0,-0,-0,-0,-0,-0,-0,0.0006103515625,-0.00579833984375,0.00518798828125,-0.0058746337890625,0.027923583984375,0.0392532348632812,-0.01678466796875,4.99984741210938
30.3691522699879,-0,-0,-0,-0,-0,-0,-0,-0,-0,-0,-0,-0,0.0164794921875,0.00030517578125,0.00518798828125,0.0195693969726562,0.007171630859375,0.0490188598632812,-0.0048828125,4.99984741210938
30.3701486540779,-0,-0,-0,-0,-0,-0,-0,-0,-0,-0,-0,-0,-0.018310546875,0.001220703125,0.00457763671875,0.00797271728515625,0.00133514404296875,-0.0058746337890625,-0.01739501953125,4.99984741210938
30.3711450381679,-0,-0,-0,-0,-0,-0,-0,-0,-0,-0,-0,-0,-0.015869140625,-0.001220703125,0.01739501953125,0.0101470947265625,-0.00732421875,-0.00949859619140625,0.00335693359375,4.99984741210938
30.3721414222579,-0,-0,-0,-0,-0,-0,-0,-0,-0,-0,-0,-0,-0.0091552734375,-0.00396728515625,-0.01251220703125,-0.0110626220703125,-0.0297164916992188,0.008087158203125,0.02410888671875,4.99984741210938
30.3731378063479,-0,-0,-0,-0,-0,-0,-0,-0,-0,-0,-0,-0,-0.008544921875,0.00396728515625,0.003662109375,-0.0212478637695312,-0.0103378295898438,-0.00873565673828125,-0.05767822265625,4.99984741210938
30.3741341904379,-0,-0,-0,-0,-0,-0,-0,-0,-0,-0,-0,-0,-0.00579833984375,-0.00152587890625,-0.01190185546875,-0.002288818359375,-0.012969970703125,-0.0032806396484375,0.02471923828125,4.99984741210938
30.3751305745279,-0,-0,-0,-0,-0,-0,-0,-0,-0,-0,-0,-0,-0.0048828125,0.00396728515625,-0.01800537109375,-0.00537872314453125,-0.0331497192382812,-0.0675582885742188,-0.0018310546875,4.99984741210938
30.3761269586179,-0,-0,-0,-0,-0,-0,-0,-0,-0,-0,-0,-0,-0.0140380859375,-0.0054931640625,-0.0018310546875,-0.0147628784179688,-0.017852783203125,-0.0188827514648438,0.0347900390625,4.99984741210938
30.3771233427079,-0,-0,-0,-0,-0,-0,-0,-0,-0,-0,-0,-0,-0.01312255859375,0.00732421875,-0.00335693359375,-0.0101852416992188,-0.00576019287109375,-0.023040771484375,0.01800537109375,4.99984741210938
30.3781197267979,-0,-0,-0,-0,-0,-0,-0,-0,-0,-0,-0,-0,-0.0006103515625,-0.00152587890625,-0.00457763671875,-0.00644683837890625,-0.0152206420898438,-0.0139617919921875,-0.01800537109375,4.99984741210938
30.3791161108879,-0,-0,-0,-0,-0,-0,-0,-0,-0,-0,-0,-0,0.0048828125,0.00091552734375,-0.00640869140625,0.00514984130859375,0.0002288818359375,0.0337600708007812,-0.0177001953125,4.99984741210938
30.3801124949779,-0,-0,-0,-0,-0,-0,-0,-0,-0,-0,-0,-0,0.0030517578125,0.0030517578125,0.00244140625,0.00019073486328125,0.0113677978515625,-0.00095367431640625,0.0079345703125,4.99984741210938
30.3811088790679,-0,-0,-0,-0,-0,-0,-0,-0,-0,-0,-0,-0,0.008544921875,0.008544921875,0.00030517578125,-0.0278854370117188,-0.013275146484375,0.00110626220703125,-0.0115966796875,4.99984741210938
30.3821052631579,-0,-0,-0,-0,-0,-0,-0,-0,-0,-0,-0,-0,0.01953125,-0.00762939453125,0.01861572265625,0.01708984375,0.0157928466796875,0.0128936767578125,0.01861572265625,4.99984741210938
30.3831016472479,-0,-0,-0,-0,-0,-0,-0,-0,-0,-0,-0,-0,0.00701904296875,0.00274658203125,0.0054931640625,0.0133895874023438,0.0279998779296875,0.0288772583007812,0.00579833984375,4.99984741210938
30.3840980313379,-0,-0,-0,-0,-0,-0,-0,-0,-0,-0,-0,-0,-0.006103515625,0.00762939453125,0.0042724609375,0.00652313232421875,0.0242996215820312,0.013427734375,-0.00030517578125,4.99984741210938
30.3850944154279,-0,-0,-0,-0,-0,-0,-0,-0,-0,-0,-0,-0,-0.0054931640625,0.00640869140625,0.0177001953125,0.0202178955078125,0.0111770629882812,0.0424575805664062,0.00762939453125,4.99984741210938
30.3860907995179,-0,-0,-0,-0,-0,-0,-0,-0,-0,-0,-0,-0,0.0042724609375,-0.0189208984375,0.0299072265625,-0.0016021728515625,0.006866455078125,-0.009918212890625,-0.00457763671875,4.99984741210938
30.3870871836079,-0,-0,-0,-0,-0,-0,-0,-0,-0,-0,-0,-0,-0.00274658203125,0.00518798828125,0.02685546875,-0.0070953369140625,-0.00545501708984375,0.044403076171875,-0.0201416015625,4.99984741210938
30.3880835676979,-0,-0,-0,-0,-0,-0,-0,-0,-0,-0,-0,-0,0.00579833984375,-0.0103759765625,0.02410888671875,0.00385284423828125,0.000457763671875,0.00690460205078125,0.00823974609375,4.99984741210938
30.3890799517879,-0,-0,-0,-0,-0,-0,-0,-0,-0,-0,-0,-0,-0.0006103515625,0.00518798828125,0,0.0018310546875,0.0116729736328125,0.004425048828125,-0.0115966796875,4.99984741210938
30.3900763358779,-0,-0,-0,-0,-0,-0,-0,-0,-0,-0,-0,-0,0.00091552734375,-0.00579833984375,-0.00091552734375,0.0093841552734375,0.00881195068359375,-0.00156402587890625,-0.00457763671875,4.99984741210938
30.3910727199679,-0,-0,-0,-0,-0,-0,-0,-0,-0,-0,-0,-0,-0.00091552734375,-0.00579833984375,0.0018310546875,0.00606536865234375,0.00423431396484375,0.016937255859375,-0.04364013671875,4.99984741210938
30.3920691040579,-0,-0,-0,-0,-0,-0,-0,-0,-0,-0,-0,-0,0.00579833984375,-0.0018310546875,0.00457763671875,-0.0074005126953125,-0.0087738037109375,0.0087738037109375,-0.009765625,4.99984741210938
30.3930654881479,-0,-0,-0,-0,-0,-0,-0,-0,-0,-0,-0,-0,-0.00732421875,-0.0079345703125,0.0067138671875,-0.0022125244140625,-0.0109100341796875,-0.0560760498046875,-0.025634765625,4.99984741210938
30.3940618722378,-0,-0,-0,-0,-0,-0,-0,-0,-0,-0,-0,-0,-0.01983642578125,0.0042724609375,-0.02349853515625,0.00431060791015625,-0.00743865966796875,0.0078582763671875,0.00091552734375,4.99984741210938
30.3950582563278,-0,-0,-0,-0,-0,-0,-0,-0,-0,-0,-0,-0,-0.0091552734375,-0.00396728515625,-0.01800537109375,0.00698089599609375,-0.0252151489257812,-0.00926971435546875,-0.0067138671875,4.99984741210938
30.3960546404178,-0,-0,-0,-0,-0,-0,-0,-0,-0,-0,-0,-0,-0.0018310546875,-0.010986328125,0.025634765625,-0.0147247314453125,-0.0109481811523438,-0.032806396484375,0.0054931640625,4.99984741210938
30.3970510245078,-0,-0,-0,-0,-0,-0,-0,-0,-0,-0,-0,-0,0.00732421875,-0.0042724609375,-0.0146484375,-0.00675201416015625,-0.012054443359375,-0.006103515625,0.0439453125,4.99984741210938
30.3980474085978,-0,-0,-0,-0,-0,-0,-0,-0,-0,-0,-0,-0,0.01129150390625,0.001220703125,-0.0048828125,0.00919342041015625,-0.0184249877929688,-0.026092529296875,0.0238037109375,4.99984741210938
30.3990437926878,-0,-0,-0,-0,-0,-0,-0,-0,-0,-0,-0,-0,0.009765625,0.00946044921875,-0.0030517578125,0.0091552734375,0.0147628784179688,-0.00396728515625,0.01678466796875,4.99984741210938
30.4000401767778,-0,-0,-0,-0,-0,-0,-0,-0,-0,-0,-0,-0,-0.00396728515625,0.0054931640625,-0.001220703125,-0.00087738037109375,-0.0002288818359375,0.035552978515625,0.00640869140625,4.99984741210938
30.4010365608678,-0,-0,-0,-0,-0,-0,-0,-0,-0,-0,-0,-0,0.0177001953125,0.010986328125,0.00885009765625,-0.0040435791015625,0.00396728515625,-0.002899169921875,0.0225830078125,4.99984741210938
30.4020329449578,-0,-0,-0,-0,-0,-0,-0,-0,-0,-0,-0,-0,0.0048828125,0.013427734375,0.00640869140625,0.004425048828125,0.00507354736328125,-0.0159835815429688,0.01983642578125,4.99984741210938
30.4030293290478,-0,-0,-0,-0,-0,-0,-0,-0,-0,-0,-0,-0,-0.0030517578125,-0.00396728515625,-0.01708984375,0.0238418579101562,0.0237655639648438,0.0154495239257812,-0.030517578125,4.99984741210938
30.4040257131378,-0,-0,-0,-0,-0,-0,-0,-0,-0,-0,-0,-0,0.0079345703125,0.0042724609375,0.018310546875,0.00457763671875,0.0170516967773438,0.0243759155273438,-0.0445556640625,4.99984741210938
30.4050220972278,-0,-0,-0,-0,-0,-0,-0,-0,-0,-0,-0,-0,0.0091552734375,-0.0006103515625,0.0189208984375,-0.02593994140625,0.012054443359375,0.002899169921875,-0.01556396484375,4.99984741210938
30.4060184813178,-0,-0,-0,-0,-0,-0,-0,-0,-0,-0,-0,-0,-0.0048828125,0.00244140625,0.0274658203125,0.00278472900390625,0.017852783203125,0.0291824340820312,0.010986328125,4.99984741210938
30.4070148654078,-0,-0,-0,-0,-0,-0,-0,-0,-0,-0,-0,-0,0.00457763671875,0.00457763671875,0.02349853515625,-0.0248336791992188,0.00457763671875,-0.009918212890625,0.00579833984375,4.99984741210938
30.4080112494978,-0,-0,-0,-0,-0,-0,-0,-0,-0,-0,-0,-0,0.01617431640625,-0.0054931640625,0.0189208984375,0.0006866455078125,0.0179290771484375,0.0123977661132812,-0.001220703125,4.99984741210938
30.4090076335878,-0,-0,-0,-0,-0,-0,-0,-0,-0,-0,-0,-0,0.00396728515625,0.00244140625,0.01373291015625,-0.00213623046875,0.0152206420898438,0.0025177001953125,0.0042724609375,4.99984741210938
30.4100040176778,-0,-0,-0,-0,-0,-0,-0,-0,-0,-0,-0,-0,-0.00244140625,0.0091552734375,0.0146484375,0.00095367431640625,-0.00469207763671875,-0.016632080078125,0.01129150390625,4.99984741210938
30.4110004017678,-0,-0,-0,-0,-0,-0,-0,-0,-0,-0,-0,-0,0.00152587890625,-0.0091552734375,-0.02838134765625,0.0121307373046875,0.00865936279296875,-0.0274276733398438,0.00640869140625,4.99984741210938
30.4119967858578,-0,-0,-0,-0,-0,-0,-0,-0,-0,-0,-0,-0,-0.0091552734375,0.0030517578125,-0.01190185546875,-0.0107192993164062,-0.0142288208007812,-0.00858306884765625,0.01617431640625,4.99984741210938
30.4129931699478,-0,-0,-0,-0,-0,-0,-0,-0,-0,-0,-0,-0,-0.015869140625,-0.00335693359375,0.009765625,0.0135040283203125,0.0034332275390625,-0.0319671630859375,-0.0152587890625,4.99984741210938
30.4139895540378,-0,-0,-0,-0,-0,-0,-0,-0,-0,-0,-0,-0,-0.001220703125,0,-0.0067138671875,0.003204345703125,-0.00171661376953125,-0.00457763671875,0.02349853515625,4.99984741210938
30.4149859381278,-0,-0,-0,-0,-0,-0,-0,-0,-0,-0,-0,-0,-0.0054931640625,-0.00518798828125,-0.008544921875,0.0048828125,-0.021820068359375,-0.0175857543945312,0.01007080078125,4.99984741210938
30.4159823222178,-0,-0,-0,-0,-0,-0,-0,-0,-0,-0,-0,-0,-0.00091552734375,-0.0091552734375,0.00152587890625,0.00034332275390625,-0.0227737426757812,0.0476837158203125,0.0079345703125,4.99984741210938
30.4169787063078,-0,-0,-0,-0,-0,-0,-0,-0,-0,-0,-0,-0,0.00518798828125,0.0006103515625,-0.00152587890625,-0.001220703125,-0.0208282470703125,0.0224685668945312,-0.0201416015625,4.99984741210938
30.4179750903977,-0,-0,-0,-0,-0,-0,-0,-0,-0,-0,-0,-0,0,-0.0042724609375,-0.01922607421875,-0.0051116943359375,-0.0131607055664062,-0.0104904174804688,-0.03997802734375,4.99984741210938
30.4189714744877,-0,-0,-0,-0,-0,-0,-0,-0,-0,-0,-0,-0,0.00457763671875,0.001220703125,-0.0103759765625,-0.00171661376953125,-0.00370025634765625,0.00640869140625,-0.00213623046875,4.99984741210938
30.4199678585777,-0,-0,-0,-0,-0,-0,-0,-0,-0,-0,-0,-0,-0.0018310546875,-0.00518798828125,0.0030517578125,-0.00957489013671875,-0.01861572265625,-0.0020599365234375,0.01678466796875,4.99984741210938
30.4209642426677,-0,-0,-0,-0,-0,-0,-0,-0,-0,-0,-0,-0,0.01312255859375,0.00732421875,0,0.0023651123046875,-0.00621795654296875,-0.00225067138671875,-0.05523681640625,4.99984741210938
30.4219606267577,-0,-0,-0,-0,-0,-0,-0,-0,-0,-0,-0,-0,0.00244140625,0.00946044921875,0.008544921875,-0.0173187255859375,0.025482177734375,0.0273895263671875,-0.02288818359375,4.99984741210938
30.4229570108477,-0,-0,-0,-0,-0,-0,-0,-0,-0,-0,-0,-0,-0.00274658203125,0.0091552734375,0.01953125,0.00118255615234375,0.0203704833984375,0.0025177001953125,0.00946044921875,4.99984741210938
30.4239533949377,-0,-0,-0,-0,-0,-0,-0,-0,-0,-0,-0,-0,-0.00335693359375,0.0079345703125,0.00640869140625,0.00232696533203125,-0.00423431396484375,-0.0259780883789062,-0.03448486328125,4.99984741210938
30.4249497790277,-0,-0,-0,-0,-0,-0,-0,-0,-0,-0,-0,-0,0.00030517578125,-0.00030517578125,0.00640869140625,-0.0055694580078125,0.00400543212890625,0.00949859619140625,-0.00701904296875,4.99984741210938
30.4259461631177,-0,-0,-0,-0,-0,-0,-0,-0,-0,-0,-0,-0,0.00518798828125,0.01251220703125,-0.01312255859375,-0.00820159912109375,0.0291824340820312,0.00339508056640625,0.0384521484375,4.99984741210938
30.4269425472077,-0,-0,-0,-0,-0,-0,-0,-0,-0,-0,-0,-0,-0.00701904296875,0.0103759765625,0.00762939453125,0.0107574462890625,0.0128555297851562,-0.00217437744140625,-0.03143310546875,4.99984741210938
30.4279389312977,-0,-0,-0,-0,-0,-0,-0,-0,-0,-0,-0,-0,0.00579833984375,0.0006103515625,-0.001220703125,0.0108718872070312,-0.00820159912109375,0.0439071655273438,0.01068115234375,4.99984741210938
30.4289353153877,-0,-0,-0,-0,-0,-0,-0,-0,-0,-0,-0,-0,0.009765625,-0.0006103515625,0.00762939453125,-0.006561279296875,-0.00125885009765625,0.00896453857421875,-0.00152587890625,4.99984741210938
30.4299316994777,-0,-0,-0,-0,-0,-0,-0,-0,-0,-0,-0,-0,-0.01251220703125,-0.00030517578125,0.00274658203125,0.00202178955078125,-0.00720977783203125,0.0278854370117188,0.018310546875,4.99984741210938
30.4309280835677,-0,-0,-0,-0,-0,-0,-0,-0,-0,-0,-0,-0,-0.01800537109375,-0.00030517578125,-0.00274658203125,0.0115966796875,-0.00919342041015625,-0.0272750854492188,0.0213623046875,4.99984741210938
30.4319244676577,-0,-0,-0,-0,-0,-0,-0,-0,-0,-0,-0,-0,-0.00091552734375,0.01312255859375,-0.02655029296875,0.0145721435546875,-0.007781982421875,0.0242233276367188,0.020751953125,4.99984741210938
30.4329208517477,-0,-0,-0,-0,-0,-0,-0,-0,-0,-0,-0,-0,0.00579833984375,0.00579833984375,-0.0115966796875,0.00675201416015625,0.00640869140625,-0.022430419921875,0.0311279296875,4.99984741210938
30.4339172358377,-0,-0,-0,-0,-0,-0,-0,-0,-0,-0,-0,-0,0.0067138671875,-0.0067138671875,0.0006103515625,0.005340576171875,0.00652313232421875,-0.0231170654296875,-0.02960205078125,4.99984741210938
30.4349136199277,-0,-0,-0,-0,-0,-0,-0,-0,-0,-0,-0,-0,-0.00335693359375,-0.00213623046875,-0.03143310546875,-0.00499725341796875,-0.0130462646484375,-0.011138916015625,0.0079345703125,4.99984741210938
30.4359100040177,-0,-0,-0,-0,-0,-0,-0,-0,-0,-0,-0,-0,-0.0213623046875,0.00091552734375,-0.02532958984375,-0.0113677978515625,0.0067901611328125,-0.0395965576171875,0.0079345703125,4.99984741210938
30.4369063881077,-0,-0,-0,-0,-0,-0,-0,-0,-0,-0,-0,-0,-0.01190185546875,-0.01556396484375,0,0.006866455078125,-0.0106430053710938,-0.0511932373046875,-0.03692626953125,4.99984741210938
30.4379027721977,-0,-0,-0,-0,-0,-0,-0,-0,-0,-0,-0,-0,0.00946044921875,-0.00885009765625,-0.00640869140625,-0.0079345703125,-0.0132369995117188,0.008544921875,-0.0164794921875,4.99984741210938
30.4388991562877,-0,-0,-0,-0,-0,-0,-0,-0,-0,-0,-0,-0,-0.00213623046875,-0.001220703125,0.01190185546875,0.00247955322265625,0.0023651123046875,-0.00698089599609375,0.00518798828125,4.99984741210938
30.4398955403777,-0,-0,-0,-0,-0,-0,-0,-0,-0,-0,-0,-0,0.0091552734375,0.00640869140625,-0.003662109375,-0.00118255615234375,0.00274658203125,-0.0221633911132812,-0.0250244140625,4.99984741210938
30.4408919244677,-0,-0,-0,-0,-0,-0,-0,-0,-0,-0,-0,-0,0.0115966796875,0.01129150390625,0.00152587890625,0.00682830810546875,0.029449462890625,0.029449462890625,0.009765625,4.99984741210938
30.4418883085577,-0,-0,-0,-0,-0,-0,-0,-0,-0,-0,-0,-0,0.009765625,0.00732421875,0.00579833984375,0.01708984375,-0.00041961669921875,-0.0217056274414062,0.006103515625,4.99984741210938
30.4428846926476,-0,-0,-0,-0,-0,-0,-0,-0,-0,-0,-0,-0,0.015869140625,0.0152587890625,0.0128173828125,-0.00881195068359375,0.003509521484375,0.0145721435546875,-0.01983642578125,4.99984741210938
30.4438810767376,-0,-0,-0,-0,-0,-0,-0,-0,-0,-0,-0,-0,0.003662109375,0.01068115234375,0.00885009765625,0.0141143798828125,0.016632080078125,-0.00102996826171875,-0.01861572265625,4.99984741210938
30.4448774608276,-0,-0,-0,-0,-0,-0,-0,-0,-0,-0,-0,-0,0.0152587890625,0.02288818359375,0.01220703125,-0.0123214721679688,0.00789642333984375,-0.0152206420898438,0.00091552734375,4.99984741210938
30.4458738449176,-0,-0,-0,-0,-0,-0,-0,-0,-0,-0,-0,-0,0.00640869140625,0.00244140625,0.02716064453125,-0.0060272216796875,0.0201034545898438,0.006866455078125,-0.00579833984375,4.99984741210938
30.4468702290076,-0,-0,-0,-0,-0,-0,-0,-0,-0,-0,-0,-0,-0.00091552734375,0.015869140625,0.0048828125,0.002288818359375,0.0260162353515625,-0.0225830078125,0.0311279296875,4.99984741210938
30.4478666130976,-0,-0,-0,-0,-0,-0,-0,-0,-0,-0,-0,-0,0.00518798828125,0.001220703125,0.0067138671875,0.00640869140625,0.025482177734375,-0.0197601318359375,-0.009765625,4.99984741210938
30.4488629971876,-0,-0,-0,-0,-0,-0,-0,-0,-0,-0,-0,-0,0.00396728515625,0.00091552734375,-0.00335693359375,-0.0236129760742188,0.00762939453125,-0.001068115234375,-0.00213623046875,4.99984741210938
30.4498593812776,-0,-0,-0,-0,-0,-0,-0,-0,-0,-0,-0,-0,-0.0146484375,0.00091552734375,0.008544921875,0.0067901611328125,0.0135040283203125,-0.0129318237304688,-0.006103515625,4.99984741210938
30.4508557653676,-0,-0,-0,-0,-0,-0,-0,-0,-0,-0,-0,-0,-0.0042724609375,-0.00244140625,0,0.0072479248046875,-0.00225067138671875,-0.0122833251953125,0.0054931640625,4.99984741210938
30.4518521494576,-0,-0,-0,-0,-0,-0,-0,-0,-0,-0,-0,-0,-0.00335693359375,-0.00640869140625,-0.0091552734375,-0.005950927734375,-0.00972747802734375,-0.0096893310546875,0.01953125,4.99984741210938
30.4528485335476,-0,-0,-0,-0,-0,-0,-0,-0,-0,-0,-0,-0,-0.013427734375,-0.0018310546875,-0.001220703125,0.01312255859375,0.0103759765625,-0.0473785400390625,0.03021240234375,4.99984741210938
30.4538449176376,-0,-0,-0,-0,-0,-0,-0,-0,-0,-0,-0,-0,-0.0103759765625,-0.00335693359375,-0.01312255859375,-0.00705718994140625,-0.005035400390625,-0.00377655029296875,-0.0323486328125,4.99984741210938
30.4548413017276,-0,-0,-0,-0,-0,-0,-0,-0,-0,-0,-0,-0,0.00701904296875,-0.00457763671875,-0.02288818359375,-0.0169754028320312,-0.0333786010742188,-0.0138473510742188,0.015869140625,4.99984741210938
30.4558376858176,-0,-0,-0,-0,-0,-0,-0,-0,-0,-0,-0,-0,-0.008544921875,0.00396728515625,-0.00701904296875,-0.01922607421875,-0.0180435180664062,0.003204345703125,0.01800537109375,4.99984741210938
30.4568340699076,-0,-0,-0,-0,-0,-0,-0,-0,-0,-0,-0,-0,0.0067138671875,0.0006103515625,-0.0140380859375,-0.0038909912109375,0.0040435791015625,-0.0045013427734375,-0.008544921875,4.99984741210938
30.4578304539976,-0,-0,-0,-0,-0,-0,-0,-0,-0,-0,-0,-0,-0.00762939453125,-0.0018310546875,0.0018310546875,-0.0026702880859375,0.01251220703125,-0.0105667114257812,-0.01617431640625,4.99984741210938
30.4588268380876,-0,-0,-0,-0,-0,-0,-0,-0,-0,-0,-0,-0,-0.00244140625,0.00396728515625,-0.00579833984375,-0.00240325927734375,-0.0072479248046875,-0.00751495361328125,-0.0006103515625,4.99984741210938
30.4598232221776,-0,-0,-0,-0,-0,-0,-0,-0,-0,-0,-0,-0,-0.003662109375,-0.00640869140625,0.00244140625,-0.0199127197265625,-0.003814697265625,0.015716552734375,0.01251220703125,4.99984741210938
30.4608196062676,-0,-0,-0,-0,-0,-0,-0,-0,-0,-0,-0,-0,0.00213623046875,0.01495361328125,0.0054931640625,-0.0252151489257812,-0.0016021728515625,0.00270843505859375,0,4.99984741210938
30.4618159903576,-0,-0,-0,-0,-0,-0,-0,-0,-0,-0,-0,-0,0.003662109375,0.00152587890625,0.01617431640625,0.0157928466796875,0.0113296508789062,0.0487136840820312,0.0152587890625,4.99984741210938
30.4628123744476,-0,-0,-0,-0,-0,-0,-0,-0,-0,-0,-0,-0,0.00579833984375,-0.00396728515625,0.01861572265625,0.00946044921875,0.0219345092773438,-0.0019073486328125,0.02288818359375,4.99984741210938
30.4638087585376,-0,-0,-0,-0,-0,-0,-0,-0,-0,-0,-0,-0,-0.00579833984375,0.0048828125,0.01678466796875,0.005340576171875,0.00823974609375,0.0080108642578125,0.01495361328125,4.99984741210938
30.4648051426276,-0,-0,-0,-0,-0,-0,-0,-0,-0,-0,-0,-0,0.00030517578125,0.0128173828125,0.02593994140625,0.00904083251953125,0.0124359130859375,-0.0131607055664062,0.01495361328125,4.99984741210938
30.4658015267176,-0,-0,-0,-0,-0,-0,-0,-0,-0,-0,-0,-0,0.001220703125,0.01800537109375,-0.0225830078125,-0.00640869140625,0.01068115234375,-0.00244140625,-0.029296875,4.99984741210938
30.4667979108076,-0,-0,-0,-0,-0,-0,-0,-0,-0,-0,-0,-0,-0.00885009765625,0.00518798828125,0.018310546875,0.0034332275390625,0.0052642822265625,0.023193359375,-0.0335693359375,4.99984741210938
30.4677942948976,-0,-0,-0,-0,-0,-0,-0,-0,-0,-0,-0,-0,-0.00762939453125,0.0006103515625,0.00579833984375,-0.01739501953125,0.0067901611328125,0.0301361083984375,0.02105712890625,4.99984741210938
30.4687906789875,-0,-0,-0,-0,-0,-0,-0,-0,-0,-0,-0,-0,-0.020751953125,0.0030517578125,0.001220703125,-0.00091552734375,-0.00865936279296875,-0.0354766845703125,0.0042724609375,4.99984741210938
30.4697870630775,-0,-0,-0,-0,-0,-0,-0,-0,-0,-0,-0,-0,-0.01190185546875,-0.010986328125,-0.0030517578125,-0.0119400024414062,-0.0123977661132812,-0.0320053100585938,0.00885009765625,4.99984741210938
30.4707834471675,-0,-0,-0,-0,-0,-0,-0,-0,-0,-0,-0,-0,-0.01556396484375,-0.00885009765625,-0.00152587890625,-0.0121688842773438,-0.0052642822265625,0.0104904174804688,-0.0469970703125,4.99984741210938
30.4717798312575,-0,-0,-0,-0,-0,-0,-0,-0,-0,-0,-0,-0,-0.01190185546875,-0.008544921875,-0.00396728515625,-0.0283050537109375,-0.01007080078125,-0.0153350830078125,0.0048828125,4.99984741210938
30.4727762153475,-0,-0,-0,-0,-0,-0,-0,-0,-0,-0,-0,-0,0.00732421875,0.01007080078125,0.015869140625,-0.02777099609375,-0.0191497802734375,0.0346755981445312,-0.01800537109375,4.99984741210938
30.4737725994375,-0,-0,-0,-0,-0,-0,-0,-0,-0,-0,-0,-0,0.00091552734375,0.00213623046875,-0.00335693359375,7.62939453125e-05,-0.00034332275390625,0.0057220458984375,0.00030517578125,4.99984741210938
30.4747689835275,-0,-0,-0,-0,-0,-0,-0,-0,-0,-0,-0,-0,-0.006103515625,0.00213623046875,-0.015869140625,-0.011749267578125,-0.0130462646484375,-0.0306320190429688,0.006103515625,4.99984741210938
30.4757653676175,-0,-0,-0,-0,-0,-0,-0,-0,-0,-0,-0,-0,-0.0146484375,0.00396728515625,-0.01556396484375,-0.0257492065429688,0.004425048828125,-0.0436782836914062,-0.00732421875,4.99984741210938
30.4767617517075,-0,-0,-0,-0,-0,-0,-0,-0,-0,-0,-0,-0,-0.01251220703125,0.001220703125,-0.0030517578125,-0.0167083740234375,-0.00553131103515625,-0.00957489013671875,-0.00244140625,4.99984741210938
30.4777581357975,-0,-0,-0,-0,-0,-0,-0,-0,-0,-0,-0,-0,-0.00152587890625,-0.00823974609375,-0.02410888671875,-0.0057220458984375,-0.0256729125976562,0.0142669677734375,-0.02899169921875,4.99984741210938
30.4787545198875,-0,-0,-0,-0,-0,-0,-0,-0,-0,-0,-0,-0,-0.00091552734375,0.0018310546875,0.01007080078125,0.00141143798828125,0.0159454345703125,-0.00362396240234375,0.00335693359375,4.99984741210938
30.4797509039775,-0,-0,-0,-0,-0,-0,-0,-0,-0,-0,-0,-0,-0.0042724609375,-0.00396728515625,0.00457763671875,0.0083160400390625,0.00484466552734375,0.0433731079101562,-0.0274658203125,4.99984741210938
30.4807472880675,-0,-0,-0,-0,-0,-0,-0,-0,-0,-0,-0,-0,0.00640869140625,0.00396728515625,0,-0.00579833984375,0.0145721435546875,0.001220703125,-0.0128173828125,4.99984741210938
30.4817436721575,-0,-0,-0,-0,-0,-0,-0,-0,-0,-0,-0,-0,0.0091552734375,0.0054931640625,0.01922607421875,-0.00354766845703125,0.0139617919921875,-0.0114059448242188,0.01495361328125,4.99984741210938
30.4827400562475,-0,-0,-0,-0,-0,-0,-0,-0,-0,-0,-0,-0,0.0189208984375,0.01373291015625,-0.006103515625,-0.005950927734375,0.00659942626953125,-0.0006103515625,-0.0079345703125,4.99984741210938
30.4837364403375,-0,-0,-0,-0,-0,-0,-0,-0,-0,-0,-0,-0,0.0048828125,0,0.0189208984375,0.0130081176757812,0.0189971923828125,0.0279998779296875,0.0018310546875,4.99984741210938
30.4847328244275,-0,-0,-0,-0,-0,-0,-0,-0,-0,-0,-0,-0,0.0286865234375,0,0.01434326171875,0.00209808349609375,0.0115966796875,0.0338363647460938,0.01251220703125,4.99984741210938
30.4857292085175,-0,-0,-0,-0,-0,-0,-0,-0,-0,-0,-0,-0,0.00579833984375,0.01556396484375,0.01983642578125,-0.0093841552734375,0.00064849853515625,0.0441360473632812,0.0054931640625,4.99984741210938
30.4867255926075,-0,-0,-0,-0,-0,-0,-0,-0,-0,-0,-0,-0,-0.00823974609375,0.01678466796875,0.00152587890625,-0.016021728515625,0.0244522094726562,0.021820068359375,-0.0189208984375,4.99984741210938
30.4877219766975,-0,-0,-0,-0,-0,-0,-0,-0,-0,-0,-0,-0,0.0091552734375,-0.010986328125,0.00274658203125,0.026702880859375,0.0131988525390625,-0.0101089477539062,-0.032958984375,4.99984741210938
30.4887183607875,-0,-0,-0,-0,-0,-0,-0,-0,-0,-0,-0,-0,-0.0006103515625,-0.00701904296875,-0.01556396484375,-0.0121307373046875,-0.005035400390625,-0.0281143188476562,0.0006103515625,4.99984741210938
30.4897147448775,-0,-0,-0,-0,-0,-0,-0,-0,-0,-0,-0,-0,-0.0030517578125,-0.01007080078125,-0.0018310546875,0.00579833984375,-0.003509521484375,0.00652313232421875,0.0079345703125,4.99984741210938
30.4907111289675,-0,-0,-0,-0,-0,-0,-0,-0,-0,-0,-0,-0,-0.0030517578125,0.0042724609375,-0.01861572265625,-0.0181198120117188,0.0003814697265625,0.0215911865234375,0.003662109375,4.99984741210938
30.4917075130575,-0,-0,-0,-0,-0,-0,-0,-0,-0,-0,-0,-0,0.0018310546875,-0.008544921875,-0.00701904296875,-0.0041961669921875,-0.00148773193359375,-0.00324249267578125,-0.006103515625,4.99984741210938
30.4927038971475,-0,-0,-0,-0,-0,-0,-0,-0,-0,-0,-0,-0,-0.00091552734375,-0.0115966796875,-0.00518798828125,-0.0179290771484375,-0.00652313232421875,-0.0328445434570312,0.009765625,4.99984741210938
30.4937002812374,-0,-0,-0,-0,-0,-0,-0,-0,-0,-0,-0,-0,-0.00640869140625,0.00579833984375,-0.0189208984375,0.0070953369140625,-0.0130081176757812,-0.0049591064453125,0.0054931640625,4.99984741210938
30.4946966653274,-0,-0,-0,-0,-0,-0,-0,-0,-0,-0,-0,-0,-0.01220703125,-0.0018310546875,-0.030517578125,-0.0239181518554688,-0.01953125,0.0108718872070312,0.00885009765625,4.99984741210938
30.4956930494174,-0,-0,-0,-0,-0,-0,-0,-0,-0,-0,-0,-0,0.01556396484375,-0.0146484375,-0.00274658203125,-0.0217056274414062,-0.0104522705078125,0.0107192993164062,-0.06744384765625,4.99984741210938
30.4966894335074,-0,-0,-0,-0,-0,-0,-0,-0,-0,-0,-0,-0,-0.0018310546875,-0.0030517578125,0.0006103515625,0.003662109375,-0.0208663940429688,-0.0280380249023438,0.047607421875,4.99984741210938
30.4976858175974,-0,-0,-0,-0,-0,-0,-0,-0,-0,-0,-0,-0,-0.0048828125,0.00885009765625,-0.00518798828125,0.00274658203125,-0.013580322265625,-0.002593994140625,0.013427734375,4.99984741210938
30.4986822016874,-0,-0,-0,-0,-0,-0,-0,-0,-0,-0,-0,-0,-0.00213623046875,-0.0091552734375,-0.00030517578125,-0.0247573852539062,-0.006103515625,0.0437545776367188,0.00091552734375,4.99984741210938
30.4996785857774,-0,-0,-0,-0,-0,-0,-0,-0,-0,-0,-0,-0,0.00274658203125,-0.00885009765625,0.0018310546875,0.001678466796875,0.0026702880859375,0.0148773193359375,-0.01068115234375,4.99984741210938
30.5006749698674,-0,-0,-0,-0,-0,-0,-0,-0,-0,-0,-0,-0,-0.00762939453125,0.00946044921875,0.01251220703125,0.0186538696289062,-0.0105667114257812,0.025482177734375,0.0152587890625,4.99984741210938
30.5016713539574,-0,-0,-0,-0,-0,-0,-0,-0,-0,-0,-0,-0,-0.00213623046875,0.00701904296875,-0.00152587890625,-0.01068115234375,0.0098419189453125,0.0171661376953125,0.04364013671875,4.99984741210938
30.5026677380474,-0,-0,-0,-0,-0,-0,-0,-0,-0,-0,-0,-0,-0.00701904296875,0.00579833984375,0.04547119140625,0.0096893310546875,-0.00568389892578125,0.00316619873046875,0.00030517578125,4.99984741210938
30.5036641221374,-0,-0,-0,-0,-0,-0,-0,-0,-0,-0,-0,-0,-0.0030517578125,-0.015869140625,0.0006103515625,-0.0119781494140625,0.0233078002929688,-0.0172042846679688,0.010986328125,4.99984741210938
30.5046605062274,-0,-0,-0,-0,-0,-0,-0,-0,-0,-0,-0,-0,0.00701904296875,0.0018310546875,0.01678466796875,0.0333404541015625,0.0262069702148438,0.0208663940429688,0.0006103515625,4.99984741210938
30.5056568903174,-0,-0,-0,-0,-0,-0,-0,-0,-0,-0,-0,-0,-0.00030517578125,0.00823974609375,0.008544921875,-0.0093841552734375,0.024566650390625,-0.0242233276367188,-0.0091552734375,4.99984741210938
30.5066532744074,-0,-0,-0,-0,-0,-0,-0,-0,-0,-0,-0,-0,0.001220703125,0.0048828125,0.00213623046875,0.011444091796875,0.0154876708984375,-0.0080108642578125,-0.023193359375,4.99984741210938
30.5076496584974,-0,-0,-0,-0,-0,-0,-0,-0,-0,-0,-0,-0,0.0054931640625,-0.01373291015625,-0.01678466796875,0.0151824951171875,0.00720977783203125,-0.0014495849609375,0.015869140625,4.99984741210938
30.5086460425874,-0,-0,-0,-0,-0,-0,-0,-0,-0,-0,-0,-0,0.00244140625,0.00213623046875,0.0164794921875,0.00751495361328125,0.0107955932617188,-0.0262832641601562,-0.04302978515625,4.99984741210938
30.5096424266774,-0,-0,-0,-0,-0,-0,-0,-0,-0,-0,-0,-0,0.00152587890625,-0.001220703125,0.003662109375,-0.0259017944335938,0.00133514404296875,0.0152206420898438,-0.0042724609375,4.99984741210938
30.5106388107674,-0,-0,-0,-0,-0,-0,-0,-0,-0,-0,-0,-0,-0.0018310546875,0.00335693359375,-0.01861572265625,-0.00331878662109375,0.0247955322265625,0.0220108032226562,-0.0128173828125,4.99984741210938
30.5116351948574,-0,-0,-0,-0,-0,-0,-0,-0,-0,-0,-0,-0,-0.00518798828125,0.006103515625,-0.02777099609375,0.00904083251953125,-0.00457763671875,0.007476806640625,-0.01220703125,4.99984741210938
30.5126315789474,-0,-0,-0,-0,-0,-0,-0,-0,-0,-0,-0,-0,-0.008544921875,0.00152587890625,-0.020751953125,0.00423431396484375,-0.0189208984375,-0.0104522705078125,0.04119873046875,4.99984741210938
30.5136279630374,-0,-0,-0,-0,-0,-0,-0,-0,-0,-0,-0,-0,-0.0006103515625,-0.00640869140625,-0.00823974609375,0.003662109375,-0.0124740600585938,-0.0054168701171875,-0.00335693359375,4.99984741210938
30.5146243471274,-0,-0,-0,-0,-0,-0,-0,-0,-0,-0,-0,-0,-0.00518798828125,0.00396728515625,-0.02471923828125,0.008697509765625,-0.00911712646484375,0.00034332275390625,0.0439453125,4.99984741210938
30.5156207312174,-0,-0,-0,-0,-0,-0,-0,-0,-0,-0,-0,-0,-0.01251220703125,0.0103759765625,-0.00701904296875,-0.0275421142578125,0.00244140625,-0.0213623046875,0.00396728515625,4.99984741210938
30.5166171153074,-0,-0,-0,-0,-0,-0,-0,-0,-0,-0,-0,-0,-0.0042724609375,-0.0054931640625,-0.00213623046875,0.0113296508789062,-0.0202560424804688,0.00461578369140625,-0.01495361328125,4.99984741210938
30.5176134993973,-0,-0,-0,-0,-0,-0,-0,-0,-0,-0,-0,-0,-0.0091552734375,0.01495361328125,-0.00579833984375,-0.0177764892578125,-0.0095367431640625,-0.0206375122070312,-0.00335693359375,4.99984741210938
30.5186098834873,-0,-0,-0,-0,-0,-0,-0,-0,-0,-0,-0,-0,0.00335693359375,0.01129150390625,-0.0164794921875,-0.016021728515625,-0.0101852416992188,0.002899169921875,-0.01373291015625,4.99984741210938
30.5196062675773,-0,-0,-0,-0,-0,-0,-0,-0,-0,-0,-0,-0,-0.00396728515625,0.00640869140625,0.00396728515625,0.007476806640625,0.00453948974609375,-0.0334548950195312,0.00152587890625,4.99984741210938
30.5206026516673,-0,-0,-0,-0,-0,-0,-0,-0,-0,-0,-0,-0,0.00244140625,0.0042724609375,0.0042724609375,-0.00995635986328125,0.0114059448242188,-0.0493621826171875,0.0079345703125,4.99984741210938
30.5215990357573,-0,-0,-0,-0,-0,-0,-0,-0,-0,-0,-0,-0,-0.0128173828125,0.003662109375,0.0115966796875,-0.00240325927734375,0.00064849853515625,0.0147628784179688,0.01739501953125,4.99984741210938
30.5225954198473,-0,-0,-0,-0,-0,-0,-0,-0,-0,-0,-0,-0,0.01434326171875,0.0042724609375,0.00152587890625,-0.0130462646484375,0.00255584716796875,0.0547027587890625,-0.0042724609375,4.99984741210938
30.5235918039373,-0,-0,-0,-0,-0,-0,-0,-0,-0,-0,-0,-0,0.00946044921875,0.01068115234375,0.02593994140625,0.0233078002929688,0.0191497802734375,0.01678466796875,-0.01312255859375,4.99984741210938
30.5245881880273,-0,-0,-0,-0,-0,-0,-0,-0,-0,-0,-0,-0,0.0067138671875,0.00579833984375,0.03692626953125,-0.00579833984375,0.0091552734375,0.0080108642578125,-0.02716064453125,4.99984741210938
30.5255845721173,-0,-0,-0,-0,-0,-0,-0,-0,-0,-0,-0,-0,0.00274658203125,0.00244140625,0.02166748046875,0.0113677978515625,0.0006103515625,-0.01129150390625,-0.0164794921875,4.99984741210938
30.5265809562073,-0,-0,-0,-0,-0,-0,-0,-0,-0,-0,-0,-0,0.0128173828125,-0.020751953125,0.01495361328125,0.02838134765625,0.0066375732421875,0.0326156616210938,0.0360107421875,4.99984741210938
30.5275773402973,-0,-0,-0,-0,-0,-0,-0,-0,-0,-0,-0,-0,-0.003662109375,-0.00213623046875,0.01251220703125,-0.0244140625,0.00576019287109375,0.0201416015625,-0.00091552734375,4.99984741210938
30.5285737243873,-0,-0,-0,-0,-0,-0,-0,-0,-0,-0,-0,-0,-0.00213623046875,0.00396728515625,0.00274658203125,-0.0123977661132812,-0.0035858154296875,-0.006103515625,0.0054931640625,4.99984741210938
30.5295701084773,-0,-0,-0,-0,-0,-0,-0,-0,-0,-0,-0,-0,0.0042724609375,0.00396728515625,0.0146484375,-0.0113677978515625,-0.00392913818359375,0.00823974609375,0.00885009765625,4.99984741210938
30.5305664925673,-0,-0,-0,-0,-0,-0,-0,-0,-0,-0,-0,-0,0.0164794921875,0.00457763671875,-0.00457763671875,-0.0250244140625,-0.007781982421875,-0.009918212890625,0.0225830078125,4.99984741210938
30.5315628766573,-0,-0,-0,-0,-0,-0,-0,-0,-0,-0,-0,-0,-0.01068115234375,0.009765625,-0.0067138671875,0.0159454345703125,0.0054931640625,-0.0174713134765625,-0.01556396484375,4.99984741210938
30.5325592607473,-0,-0,-0,-0,-0,-0,-0,-0,-0,-0,-0,-0,-0.013427734375,-0.013427734375,-0.0115966796875,-0.00030517578125,-0.0187301635742188,-0.0233840942382812,0.032958984375,4.99984741210938
30.5335556448373,-0,-0,-0,-0,-0,-0,-0,-0,-0,-0,-0,-0,-0.003662109375,-0.001220703125,-0.0177001953125,-0.00560760498046875,-0.0130462646484375,0.0247955322265625,-0.0360107421875,4.99984741210938
30.5345520289273,-0,-0,-0,-0,-0,-0,-0,-0,-0,-0,-0,-0,-0.01190185546875,-0.0018310546875,-0.00244140625,-0.00667572021484375,-0.0111770629882812,0.0273895263671875,0.01129150390625,4.99984741210938
30.5355484130173,-0,-0,-0,-0,-0,-0,-0,-0,-0,-0,-0,-0,0.0091552734375,-0.00518798828125,-0.03021240234375,0.0238418579101562,-0.01678466796875,-0.00659942626953125,0.02838134765625,4.99984741210938
30.5365447971073,-0,-0,-0,-0,-0,-0,-0,-0,-0,-0,-0,-0,0.0030517578125,0.00396728515625,-0.02288818359375,-0.0207901000976562,-0.00247955322265625,-0.0539779663085938,0.032958984375,4.99984741210938
30.5375411811973,-0,-0,-0,-0,-0,-0,-0,-0,-0,-0,-0,-0,-0.008544921875,0.0006103515625,-0.00518798828125,-0.0267410278320312,-0.0043487548828125,0.00934600830078125,-0.01068115234375,4.99984741210938
30.5385375652873,-0,-0,-0,-0,-0,-0,-0,-0,-0,-0,-0,-0,0.01220703125,0.0048828125,-0.01800537109375,0.0079345703125,-0.0067901611328125,-0.0069427490234375,0.0384521484375,4.99984741210938
30.5395339493773,-0,-0,-0,-0,-0,-0,-0,-0,-0,-0,-0,-0,0.01007080078125,0.00335693359375,0.0018310546875,-0.008087158203125,0.00186920166015625,-0.00171661376953125,-0.003662109375,4.99984741210938
30.5405303334673,-0,-0,-0,-0,-0,-0,-0,-0,-0,-0,-0,-0,-0.003662109375,0.00274658203125,0.0146484375,0.00392913818359375,-0.005035400390625,-0.0202178955078125,-0.0067138671875,4.99984741210938
30.5415267175573,-0,-0,-0,-0,-0,-0,-0,-0,-0,-0,-0,-0,-0.00518798828125,0.00213623046875,0.0103759765625,0.010528564453125,0.007476806640625,0.0230026245117188,-0.01220703125,4.99984741210938
30.5425231016472,-0,-0,-0,-0,-0,-0,-0,-0,-0,-0,-0,-0,0.0140380859375,-0.0048828125,0.01190185546875,-0.0091552734375,0.0140380859375,0.028076171875,-0.020751953125,4.99984741210938
30.5435194857372,-0,-0,-0,-0,-0,-0,-0,-0,-0,-0,-0,-0,0.0115966796875,0.0103759765625,0.0225830078125,0.00766754150390625,0.0232696533203125,0.005035400390625,0.01220703125,4.99984741210938
30.5445158698272,-0,-0,-0,-0,-0,-0,-0,-0,-0,-0,-0,-0,0.0048828125,0.0048828125,0.01922607421875,-0.010986328125,0.0165939331054688,-0.0069427490234375,-0.0030517578125,4.99984741210938
30.5455122539172,-0,-0,-0,-0,-0,-0,-0,-0,-0,-0,-0,-0,0.0042724609375,0.00030517578125,0.0250244140625,0.0146865844726562,-0.0003814697265625,0.0165557861328125,-0.00030517578125,4.99984741210938
30.5465086380072,-0,-0,-0,-0,-0,-0,-0,-0,-0,-0,-0,-0,-0.0091552734375,0.00518798828125,0.01220703125,-0.0101089477539062,0.0083160400390625,0.0313186645507812,0.020751953125,4.99984741210938
30.5475050220972,-0,-0,-0,-0,-0,-0,-0,-0,-0,-0,-0,-0,0.00701904296875,-0.00030517578125,0.0054931640625,0.0048828125,0.006103515625,0.0128936767578125,0.018310546875,4.99984741210938
30.5485014061872,-0,-0,-0,-0,-0,-0,-0,-0,-0,-0,-0,-0,-0.01373291015625,0.00396728515625,0.01129150390625,0.0011444091796875,0.00499725341796875,0.0315093994140625,0.00457763671875,4.99984741210938
30.5494977902772,-0,-0,-0,-0,-0,-0,-0,-0,-0,-0,-0,-0,0.00091552734375,0.00335693359375,0.02105712890625,-0.013427734375,-0.01983642578125,7.62939453125e-05,0.0006103515625,4.99984741210938
30.5504941743672,-0,-0,-0,-0,-0,-0,-0,-0,-0,-0,-0,-0,-0.006103515625,-0.015869140625,0.0128173828125,0.0240707397460938,0.00217437744140625,-0.0161361694335938,0.0244140625,4.99984741210938
30.5514905584572,-0,-0,-0,-0,-0,-0,-0,-0,-0,-0,-0,-0,-0.0042724609375,-0.02044677734375,-0.0164794921875,-0.01678466796875,-0.0201797485351562,0.0028228759765625,-0.020751953125,4.99984741210938
30.5524869425472,-0,-0,-0,-0,-0,-0,-0,-0,-0,-0,-0,-0,0.00091552734375,-0.01556396484375,-0.0048828125,0.026397705078125,-0.0106430053710938,-0.0428009033203125,-0.0091552734375,4.99984741210938
30.5534833266372,-0,-0,-0,-0,-0,-0,-0,-0,-0,-0,-0,-0,-0.0018310546875,-0.0067138671875,-0.01800537109375,0.00762939453125,-0.0150299072265625,-0.0211715698242188,-0.00091552734375,4.99984741210938
30.5544797107272,-0,-0,-0,-0,-0,-0,-0,-0,-0,-0,-0,-0,-0.0042724609375,-0.00213623046875,-0.01678466796875,0.00270843505859375,-0.03021240234375,0.001983642578125,0.0128173828125,4.99984741210938
30.5554760948172,-0,-0,-0,-0,-0,-0,-0,-0,-0,-0,-0,-0,-0.0054931640625,-0.00518798828125,0.0006103515625,-0.019989013671875,0.008087158203125,-0.0104904174804688,-0.00030517578125,4.99984741210938
30.5564724789072,-0,-0,-0,-0,-0,-0,-0,-0,-0,-0,-0,-0,0.00030517578125,-0.00152587890625,-0.01922607421875,0.0174331665039062,-0.0110244750976562,-0.016326904296875,-0.0189208984375,4.99984741210938
30.5574688629972,-0,-0,-0,-0,-0,-0,-0,-0,-0,-0,-0,-0,-0.00579833984375,-0.01007080078125,-0.0048828125,-0.0130462646484375,-0.0248336791992188,0.00057220458984375,0.006103515625,4.99984741210938
30.5584652470872,-0,-0,-0,-0,-0,-0,-0,-0,-0,-0,-0,-0,0.013427734375,0.0146484375,-0.00396728515625,-0.00919342041015625,-0.00396728515625,0.0198745727539062,0.01556396484375,4.99984741210938
30.5594616311772,-0,-0,-0,-0,-0,-0,-0,-0,-0,-0,-0,-0,0.00244140625,0.0140380859375,0.00732421875,-0.04730224609375,-0.00194549560546875,0.0165939331054688,0.02655029296875,4.99984741210938
30.5604580152672,-0,-0,-0,-0,-0,-0,-0,-0,-0,-0,-0,-0,-0.006103515625,0.02227783203125,0.02166748046875,-0.0104522705078125,-0.0133895874023438,0.004425048828125,-0.00457763671875,4.99984741210938
30.5614543993572,-0,-0,-0,-0,-0,-0,-0,-0,-0,-0,-0,-0,0.01739501953125,0.01129150390625,0.0103759765625,0.0239944458007812,0.00385284423828125,0.02960205078125,-0.00244140625,4.99984741210938
30.5624507834472,-0,-0,-0,-0,-0,-0,-0,-0,-0,-0,-0,-0,0.00640869140625,0.01190185546875,0.0079345703125,-0.00934600830078125,0.0136566162109375,0.0397491455078125,-0.0177001953125,4.99984741210938
30.5634471675372,-0,-0,-0,-0,-0,-0,-0,-0,-0,-0,-0,-0,0.01617431640625,0.00518798828125,0.023193359375,-0.00823974609375,0.0146484375,-0.00820159912109375,0.01708984375,4.99984741210938
30.5644435516272,-0,-0,-0,-0,-0,-0,-0,-0,-0,-0,-0,-0,0.0128173828125,0.015869140625,0.04180908203125,0.00965118408203125,0.0098419189453125,0.00057220458984375,-0.00885009765625,4.99984741210938
30.5654399357172,-0,-0,-0,-0,-0,-0,-0,-0,-0,-0,-0,-0,0.00030517578125,-0.01068115234375,0.0274658203125,0.0055694580078125,-0.00087738037109375,0.06805419921875,0.01373291015625,4.99984741210938
30.5664363198072,-0,-0,-0,-0,-0,-0,-0,-0,-0,-0,-0,-0,0.0006103515625,0.0042724609375,0.01983642578125,0.0048065185546875,0.0123214721679688,-0.0061798095703125,0.02532958984375,4.99984741210938
30.5674327038971,-0,-0,-0,-0,-0,-0,-0,-0,-0,-0,-0,-0,-0.00091552734375,0.0067138671875,0.00152587890625,0.00606536865234375,0.023651123046875,-0.0045013427734375,0.02838134765625,4.99984741210938
30.5684290879871,-0,-0,-0,-0,-0,-0,-0,-0,-0,-0,-0,-0,-0.0054931640625,0.00030517578125,0.00946044921875,0.0034332275390625,0.0020599365234375,-0.00362396240234375,0.035400390625,4.99984741210938
30.5694254720771,-0,-0,-0,-0,-0,-0,-0,-0,-0,-0,-0,-0,0.01434326171875,-0.0018310546875,0.0018310546875,0.00934600830078125,0.00713348388671875,0.0137710571289062,0.0177001953125,4.99984741210938
30.5704218561671,-0,-0,-0,-0,-0,-0,-0,-0,-0,-0,-0,-0,0.01678466796875,-0.006103515625,-0.00946044921875,-0.0089263916015625,0.00171661376953125,-0.00701904296875,-0.00152587890625,4.99984741210938
30.5714182402571,-0,-0,-0,-0,-0,-0,-0,-0,-0,-0,-0,-0,-0.0091552734375,0,-0.0042724609375,-0.0225448608398438,-0.01495361328125,-0.00423431396484375,0.0067138671875,4.99984741210938
30.5724146243471,-0,-0,-0,-0,-0,-0,-0,-0,-0,-0,-0,-0,0.0042724609375,-0.00274658203125,-0.02105712890625,0.0160598754882812,-0.00732421875,-0.01922607421875,0.00152587890625,4.99984741210938
30.5734110084371,-0,-0,-0,-0,-0,-0,-0,-0,-0,-0,-0,-0,-0.0018310546875,0.00885009765625,-0.0140380859375,0.0130081176757812,-0.027923583984375,0.00370025634765625,0.00579833984375,4.99984741210938
30.5744073925271,-0,-0,-0,-0,-0,-0,-0,-0,-0,-0,-0,-0,-0.0079345703125,0.0067138671875,-0.01068115234375,-0.00347137451171875,-0.01953125,-0.00598907470703125,-0.0152587890625,4.99984741210938
30.5754037766171,-0,-0,-0,-0,-0,-0,-0,-0,-0,-0,-0,-0,0.01251220703125,-0.01495361328125,-0.0054931640625,0.0102996826171875,-0.0080108642578125,0.0188064575195312,0.04058837890625,4.99984741210938
30.5764001607071,-0,-0,-0,-0,-0,-0,-0,-0,-0,-0,-0,-0,-0.0091552734375,-0.00885009765625,-0.00457763671875,-0.003814697265625,-0.0028228759765625,-0.0475692749023438,-0.02349853515625,4.99984741210938
30.5773965447971,-0,-0,-0,-0,-0,-0,-0,-0,-0,-0,-0,-0,-0.01190185546875,-0.0079345703125,-0.00396728515625,-0.022735595703125,0.0029754638671875,0.00110626220703125,-0.0079345703125,4.99984741210938
30.5783929288871,-0,-0,-0,-0,-0,-0,-0,-0,-0,-0,-0,-0,0.003662109375,-0.00213623046875,0.0048828125,0.0028228759765625,0.01007080078125,0.0194931030273438,-0.018310546875,4.99984741210938
30.5793893129771,-0,-0,-0,-0,-0,-0,-0,-0,-0,-0,-0,-0,0.00213623046875,-0.00244140625,0.00030517578125,0.0142288208007812,0.00354766845703125,-0.0374984741210938,-0.009765625,4.99984741210938
30.5803856970671,-0,-0,-0,-0,-0,-0,-0,-0,-0,-0,-0,-0,-0.008544921875,0.008544921875,0.02410888671875,0.0122451782226562,0.0074005126953125,0.00095367431640625,-0.0177001953125,4.99984741210938
30.5813820811571,-0,-0,-0,-0,-0,-0,-0,-0,-0,-0,-0,-0,-0.001220703125,0.00244140625,0.00244140625,0.011749267578125,0.0215530395507812,0.004119873046875,0.028076171875,4.99984741210938
30.5823784652471,-0,-0,-0,-0,-0,-0,-0,-0,-0,-0,-0,-0,-0.0018310546875,-0.00335693359375,0.00823974609375,0.0110626220703125,0.01068115234375,-0.00736236572265625,-0.020751953125,4.99984741210938
30.5833748493371,-0,-0,-0,-0,-0,-0,-0,-0,-0,-0,-0,-0,0.0048828125,0.0048828125,0.02471923828125,0.01953125,0.0114822387695312,0.0441741943359375,-0.0384521484375,4.99984741210938
30.5843712334271,-0,-0,-0,-0,-0,-0,-0,-0,-0,-0,-0,-0,-0.00732421875,0.00030517578125,0.02227783203125,0.0089263916015625,0.0325393676757812,0.00186920166015625,-0.0042724609375,4.99984741210938
30.5853676175171,-0,-0,-0,-0,-0,-0,-0,-0,-0,-0,-0,-0,-0.00762939453125,0.01678466796875,-0.0042724609375,-0.0031280517578125,0.0055694580078125,-0.0064849853515625,-0.0335693359375,4.99984741210938
30.5863640016071,-0,-0,-0,-0,-0,-0,-0,-0,-0,-0,-0,-0,0.00823974609375,-0.006103515625,0.02410888671875,0.0284957885742188,0.00362396240234375,0.035858154296875,-0.01953125,4.99984741210938
30.5873603856971,-0,-0,-0,-0,-0,-0,-0,-0,-0,-0,-0,-0,0.00274658203125,0.0030517578125,0.00518798828125,-0.0103759765625,0.0217819213867188,0.0113677978515625,0.0103759765625,4.99984741210938
30.5883567697871,-0,-0,-0,-0,-0,-0,-0,-0,-0,-0,-0,-0,-0.0042724609375,0.0018310546875,-0.00396728515625,0.0025177001953125,0.0070953369140625,0.00537872314453125,-0.006103515625,4.99984741210938
30.5893531538771,-0,-0,-0,-0,-0,-0,-0,-0,-0,-0,-0,-0,0.00213623046875,0.00640869140625,0.0250244140625,-0.00087738037109375,-0.0194549560546875,0.00087738037109375,0.03875732421875,4.99984741210938
30.5903495379671,-0,-0,-0,-0,-0,-0,-0,-0,-0,-0,-0,-0,-0.00244140625,-0.00030517578125,-0.02105712890625,-0.0206756591796875,0.0093841552734375,0.003814697265625,-0.01983642578125,4.99984741210938
30.5913459220571,-0,-0,-0,-0,-0,-0,-0,-0,-0,-0,-0,-0,0,-0.001220703125,-0.01983642578125,-0.00392913818359375,-0.00213623046875,-0.0860214233398438,0.025634765625,4.99984741210938
30.592342306147,-0,-0,-0,-0,-0,-0,-0,-0,-0,-0,-0,-0,-0.0006103515625,-0.00518798828125,0.0006103515625,0.0191497802734375,-0.0312423706054688,0.001983642578125,-0.00823974609375,4.99984741210938
30.593338690237,-0,-0,-0,-0,-0,-0,-0,-0,-0,-0,-0,-0,-0.00579833984375,-0.006103515625,-0.0140380859375,-0.0141143798828125,-0.017242431640625,-0.00980377197265625,-0.00640869140625,4.99984741210938
30.594335074327,-0,-0,-0,-0,-0,-0,-0,-0,-0,-0,-0,-0,0.00152587890625,0.0030517578125,-0.0323486328125,-0.009613037109375,-0.018768310546875,-0.0199508666992188,-0.01129150390625,4.99984741210938
30.595331458417,-0,-0,-0,-0,-0,-0,-0,-0,-0,-0,-0,-0,-0.00946044921875,0.001220703125,-0.00518798828125,-0.0109100341796875,-0.0125503540039062,-0.0426101684570312,0.03143310546875,4.99984741210938
30.596327842507,-0,-0,-0,-0,-0,-0,-0,-0,-0,-0,-0,-0,0.00152587890625,0.01190185546875,-0.020751953125,0.0077056884765625,-0.0150680541992188,-0.072021484375,0.04241943359375,4.99984741210938
30.597324226597,-0,-0,-0,-0,-0,-0,-0,-0,-0,-0,-0,-0,-0.00701904296875,0.00213623046875,-0.01312255859375,0.00843048095703125,-0.00766754150390625,-0.0086212158203125,0.01434326171875,4.99984741210938
30.598320610687,-0,-0,-0,-0,-0,-0,-0,-0,-0,-0,-0,-0,0.01220703125,-0.00091552734375,0.01129150390625,0.0102615356445312,0.0162506103515625,-0.00335693359375,-0.0067138671875,4.99984741210938
30.599316994777,-0,-0,-0,-0,-0,-0,-0,-0,-0,-0,-0,-0,0.00518798828125,0.01129150390625,-0.00640869140625,-0.00274658203125,-0.00034332275390625,0.01708984375,0.00885009765625,4.99984741210938
30.600313378867,-0,-0,-0,-0,-0,-0,-0,-0,-0,-0,-0,-0,0.01068115234375,0.003662109375,-0.0103759765625,0.02960205078125,0.0080108642578125,-0.00431060791015625,0.003662109375,4.99984741210938
30.601309762957,-0,-0,-0,-0,-0,-0,-0,-0,-0,-0,-0,-0,-0.00030517578125,0.00732421875,0.01220703125,0.0189590454101562,0.0159835815429688,0.0326919555664062,0.02105712890625,4.99984741210938
30.602306147047,-0,-0,-0,-0,-0,-0,-0.940010726451874,-5.95343685150146,-31.7933330535889,8891.3203125,-1158.13696289062,-716.18701171875,0.0286865234375,0.00518798828125,-0.00396728515625,0.00400543212890625,0.00904083251953125,0.0571441650390625,0.01739501953125,4.99984741210938
30.603302531137,-0,-0,-0,-0,-0,-0,-1.41009747982025,-11.8507204055786,-37.8475112915039,11016.0498046875,-1939.26721191406,-1064.65417480469,0.01190185546875,0.003662109375,0.0189208984375,-0.0087738037109375,0.0189208984375,0.0121688842773438,0.06011962890625,4.99984741210938
30.604298915227,-0,-0,-0,-0,-0,-0,-4.49098825454712,-13.5174722671509,-52.8843078613281,15201.3232421875,-2233.30786132812,-1304.69384765625,0.00640869140625,0.0042724609375,0.02044677734375,0.0002288818359375,0.00751495361328125,-0.0122451782226562,-0.0006103515625,4.99984741210938
30.605295299317,-0,-0,-0,-0,-0,-0,-5.18025922775269,-15.086742401123,-66.1040420532227,19278.09375,-3019.0166015625,-881.98876953125,0.02777099609375,0.00274658203125,0.01190185546875,0.002899169921875,0.020294189453125,0.0199127197265625,0.01220703125,4.99984741210938
30.606291683407,-0,-0,-0,-0,-0,-0,-5.18319320678711,-20.6798038482666,-82.6233978271484,23052.818359375,-3806.98486328125,-1695.6328125,-0.00579833984375,-0.0006103515625,0.00885009765625,0.0154495239257812,0.0164031982421875,0.01068115234375,-0.00885009765625,4.99984741210938
30.607288067497,-0,-0,-0,-0,-0,-0,-7.98822736740112,-27.2086620330811,-101.79118347168,28153.4296875,-4695.345703125,-2493.30200195312,0.00518798828125,0.0006103515625,-0.01220703125,0.00827789306640625,0.0152969360351562,0.00682830810546875,0.00823974609375,4.99984741210938
30.608284451587,-0,-0,-0,-0,-0,-0,-11.4973878860474,-27.3036212921143,-118.764709472656,33588.5078125,-5395.28759765625,-2133.4462890625,0.00274658203125,0.006103515625,-0.00091552734375,0.02044677734375,0.0109481811523438,0.002288818359375,0.01953125,4.99984741210938
30.609280835677,-0,-0,-0,-0,-0,-0,-14.5685911178589,-30.6064567565918,-139.419815063477,39136.26953125,-6640.4755859375,-2902.42211914062,-0.0054931640625,0.00732421875,-0.0048828125,-0.02716064453125,-0.006561279296875,-0.0127410888671875,-0.0006103515625,4.99984741210938
30.610277219767,-0,-0,-0,-0,-0,-0,-15.9940042495728,-37.6287460327148,-157.963958740234,44584.67578125,-8009.5634765625,-4091.63940429688,0.00823974609375,0.008544921875,0.0054931640625,0.00255584716796875,-0.0133895874023438,-0.010528564453125,0.001220703125,4.99984741210938
30.611273603857,-0,-0,-0,-0,-0,-0,-20.6643848419189,-38.8620529174805,-177.783660888672,49840.21875,-8982.8525390625,-4290.873046875,0.00640869140625,0.01190185546875,-0.00579833984375,-0.0279998779296875,0.00331878662109375,0.00110626220703125,0.02197265625,4.99984741210938
30.612269987947,-0,-0,-0,-0,-0,-0,-25.1483879089355,-38.3567390441895,-204.226501464844,57000.42578125,-10266.0361328125,-4890.91357421875,-0.00762939453125,-0.0164794921875,-0.00244140625,0.0189971923828125,-0.003662109375,0.0048065185546875,0.02044677734375,4.99984741210938
30.613266372037,-0,-0,-0,-0,-0,-0,-26.4513759613037,-41.4556846618652,-227.459777832031,63120.42578125,-11467.6748046875,-6052.0068359375,0.0006103515625,-0.006103515625,-0.01495361328125,-0.000152587890625,-0.0178146362304688,-0.0143051147460938,0.0048828125,4.99984741210938
30.614262756127,-0,-0,-0,-0,-0,-0,-29.2654838562012,-48.1394119262695,-255.456176757812,70350.8984375,-13231.486328125,-6782.46484375,-0.0030517578125,-0.00091552734375,-0.03173828125,-0.00972747802734375,-0.0350570678710938,-0.0196456909179688,-0.01556396484375,4.99984741210938
30.615259140217,-0,-0,-0,-0,-0,-0,-33.2607612609863,-50.6972427368164,-280.153625488281,77769.9296875,-14889.3076171875,-6993.01953125,-0.00885009765625,-0.00091552734375,-0.01220703125,-0.006561279296875,-0.024261474609375,-0.0362014770507812,-0.015869140625,4.99984741210938
30.616255524307,-0,-0,-0,-0,-0,-0,-37.1100311279297,-48.9874801635742,-306.250122070312,84702.1953125,-16630.30078125,-7903.98486328125,0.00885009765625,-0.00762939453125,-0.0360107421875,0.0107574462890625,-0.0162124633789062,-0.0166702270507812,-0.02838134765625,4.99984741210938
30.6172519083969,-0,-0,-0,-0,-0,-0,-37.9544792175293,-55.6684379577637,-332.781494140625,92174.390625,-18334.28515625,-8135.3447265625,-0.00335693359375,0.00396728515625,-0.01617431640625,-0.0144577026367188,-0.002899169921875,-0.00461578369140625,0.010986328125,4.99984741210938
30.6182482924869,-0,-0,-0,-0,-0,-0,-40.2717208862305,-62.4691505432129,-357.017517089844,98389.65625,-20202.7421875,-8408.14453125,-0.00579833984375,0.01068115234375,-0.0103759765625,-0.024871826171875,-0.00255584716796875,-0.01556396484375,0.018310546875,4.99984741210938
30.6192446765769,-0,-0,-0,-0,-0,-0,-43.8568725585938,-64.8619766235352,-383.543243408203,105413.0078125,-21516.953125,-8598.076171875,-0.01007080078125,-0.0030517578125,-0.0018310546875,-0.0202560424804688,0.00339508056640625,-0.00949859619140625,-0.03997802734375,4.99984741210938
30.6202410606669,-0,-0,-0,-0,-0,-0,-43.0403213500977,-69.3012847900391,-410.262786865234,111992.4921875,-22993.2734375,-8199.046875,-0.0030517578125,0.0042724609375,0.00762939453125,0.013427734375,-0.0032806396484375,0.0129318237304688,0.01312255859375,4.99984741210938
30.6212374447569,-0,-0,-0,-0,-0,-0,-43.9685249328613,-76.9195251464844,-426.785247802734,116898.90625,-24561.1953125,-8185.677734375,0.0054931640625,0.009765625,-0.01190185546875,0.01129150390625,0.0077056884765625,0.0200653076171875,0.015869140625,4.99984741210938
30.6222338288469,-0,-0,-0,-0,-0,-0,-45.5669288635254,-86.8574600219727,-446.412353515625,122218.109375,-26013.623046875,-8060.42578125,-0.010986328125,-0.0006103515625,0.042724609375,0.00766754150390625,0.0042724609375,-0.040435791015625,-0.02960205078125,4.99984741210938
30.6232302129369,-0,-0,-0,-0,-0,-0,-47.3979644775391,-89.3556137084961,-470.927642822266,128492.8125,-27518.447265625,-7729.3369140625,-0.00701904296875,0.00823974609375,-0.01678466796875,0.006256103515625,-0.0170516967773438,0.0138473510742188,0.00091552734375,4.99984741210938
30.6242265970269,-0,-0,-0,-0,-0,-0,-50.3967742919922,-96.2911834716797,-496.805847167969,134871.296875,-29188.650390625,-7854.40625,0.001220703125,0.00518798828125,0.02105712890625,0.0342178344726562,0.0141143798828125,0.0124740600585938,0.0311279296875,4.99984741210938
30.6252229811169,-0,-0,-0,-0,-0,-0,-53.4196357727051,-107.919288635254,-518.24951171875,139500.21875,-30199.73046875,-8395.298828125,-0.003662109375,0.01495361328125,-0.0067138671875,-0.0112533569335938,0.0230789184570312,-0.0149154663085938,-0.05523681640625,4.99984741210938
30.6262193652069,-0,-0,-0,-0,-0,-0,-54.7917327880859,-117.40657043457,-539.153747558594,143787.734375,-31482.435546875,-7452.078125,0.00732421875,0.00762939453125,0.01373291015625,-0.00301361083984375,0.0102996826171875,-0.0106048583984375,-0.001220703125,4.99984741210938
30.6272157492969,-0,-0,-0,-0,-0,-0,-53.918399810791,-118.763442993164,-556.256164550781,149146.28125,-33032.8203125,-7478.240234375,0.0018310546875,0.00152587890625,-0.00579833984375,-0.000152587890625,0.0049591064453125,0.0136184692382812,0.015869140625,4.99984741210938
30.6282121333869,-0,-0,-0,-0,-0,-0,-54.9265747070312,-124.626815795898,-576.260131835938,153669.21875,-34138.58984375,-7592.5205078125,-0.00335693359375,0.00701904296875,0.0103759765625,0.0250625610351562,-0.00499725341796875,-0.01495361328125,-0.01861572265625,4.99984741210938
30.6292085174769,-0,-0,-0,-0,-0,-0,-56.1075859069824,-138.740386962891,-599.537841796875,158857.875,-35603.41796875,-6553.78173828125,0.01434326171875,0.00457763671875,-0.0054931640625,0.0159072875976562,0.0109100341796875,0.0247573852539062,0.0140380859375,4.99984741210938
30.6302049015669,-0,-0,-0,-0,-0,-0,-56.1315498352051,-146.753387451172,-614.866333007812,162286.53125,-37207.39453125,-5874.5166015625,-0.00762939453125,-0.00946044921875,-0.01129150390625,0.0067138671875,-0.011444091796875,-0.0081634521484375,0.00518798828125,4.99984741210938
30.6312012856569,-0,-0,-0,-0,-0,-0,-54.8277244567871,-148.164031982422,-635.448608398438,167695.21875,-38439.19921875,-5920.93603515625,-0.0103759765625,-0.00030517578125,-0.02410888671875,-0.000152587890625,-0.0247573852539062,0.00087738037109375,-0.0115966796875,4.99984741210938
30.6321976697469,-0,-0,-0,-0,-0,-0,-54.9143676757812,-153.482696533203,-653.803344726562,171849.59375,-39702.12109375,-4936.66455078125,0.003662109375,-0.006103515625,-0.02685546875,0.0120925903320312,0.0009918212890625,-0.0133895874023438,-0.02105712890625,4.99984741210938
30.6331940538369,-0,-0,-0,-0,-0,-0,-54.9066696166992,-162.875137329102,-672.062133789062,175165.1875,-41347.515625,-3995.90307617188,-0.0140380859375,-0.0091552734375,-0.01617431640625,-0.0142669677734375,-0.0206756591796875,-0.02899169921875,-0.0323486328125,4.99984741210938
30.6341904379269,-0,-0,-0,-0,-0,-0,-51.0961799621582,-170.680892944336,-690.152465820312,175093.03125,-42611.05078125,-3580.62548828125,-0.0152587890625,0.00030517578125,-0.008544921875,-0.00377655029296875,-0.0362777709960938,-0.0162887573242188,-0.0103759765625,4.99984741210938
30.6351868220169,-0,-0,-0,-0,-0,-0,-50.3226470947266,-170.944396972656,-705.966918945312,175348.734375,-44022.21484375,-3011.41015625,-0.00091552734375,0,-0.00457763671875,-0.0225448608398438,-0.0128555297851562,-0.0177764892578125,-0.03936767578125,4.99984741210938
30.6361832061069,-0,-0,-0,-0,-0,-0,-50.3007278442383,-175.629302978516,-723.683044433594,174749.921875,-45394.3046875,-1694.89367675781,0.008544921875,-0.0079345703125,-0.00274658203125,0.0057220458984375,-0.0104904174804688,0.0109100341796875,0,4.99984741210938
30.6371795901969,-0,-0,-0,-0,-0,-0,-48.510929107666,-184.515869140625,-738.181884765625,174882.546875,-46630.3125,-1161.07995605469,0.00640869140625,0.006103515625,-0.01678466796875,-0.0231170654296875,-0.0220108032226562,0.0174331665039062,0.0128173828125,4.99984741210938
30.6381759742869,-0,-0,-0,-0,-0,-0,-45.304386138916,-187.700958251953,-754.913757324219,174933.375,-48055.05078125,-666.107360839844,-0.001220703125,0.00091552734375,-0.00030517578125,0.0167083740234375,0.0114059448242188,-0.035400390625,-0.02777099609375,4.99984741210938
30.6391723583769,-0,-0,-0,-0,-0,-0,-44.4070892333984,-187.546844482422,-769.438049316406,175022.40625,-49312.5546875,457.530700683594,0.00701904296875,0.0018310546875,-0.013427734375,0.00331878662109375,-0.00324249267578125,-0.0198745727539062,-0.018310546875,4.99984741210938
30.6401687424669,-0,-0,-0,-0,-0,-0,-44.6735687255859,-193.450271606445,-780.620971679688,174900.796875,-50002.2109375,1240.42919921875,-0.008544921875,0.001220703125,0.00640869140625,-0.00728607177734375,0.0154876708984375,0.023651123046875,0.01495361328125,4.99984741210938
30.6411651265568,-0,-0,-0,-0,-0,-0,-42.4338188171387,-199.955978393555,-794.768310546875,174609.703125,-51353.54296875,1449.35180664062,0.0152587890625,0.01495361328125,0.0091552734375,0.0172805786132812,0.0162506103515625,0.0144195556640625,0.0262451171875,4.99984741210938
30.6421615106468,-0,-0,-0,-0,-0,-0,-39.3892021179199,-200.042602539062,-808.663391113281,174935.390625,-52670.43359375,2013.97570800781,0.00244140625,0.00335693359375,0.01922607421875,-0.00156402587890625,0.00835418701171875,0.0539016723632812,-0.0152587890625,4.99984741210938
30.6431578947368,-0,-0,-0,-0,-0,-0,-40.8079795837402,-199.531921386719,-818.766784667969,175197.109375,-53627.12890625,3355.640625,0.0146484375,0.00152587890625,0.0177001953125,-0.00667572021484375,0.0119400024414062,-0.0257110595703125,-0.020751953125,4.99984741210938
30.6441542788268,-0,-0,-0,-0,-0,-0,-39.4518775939941,-205.697387695312,-830.786254882812,174660.109375,-54333.51171875,3422.572265625,0.0030517578125,0.0152587890625,0.0140380859375,0.008544921875,0.0226211547851562,0.0199127197265625,0.0286865234375,4.99984741210938
30.6451506629168,-0,-0,-0,-0,-0,-0,-36.5835762023926,-210.893646240234,-841.173522949219,174980.421875,-55445.12109375,3566.88842773438,-0.0128173828125,0.0140380859375,0.01190185546875,-0.0246429443359375,0.0177001953125,0.0201416015625,0.02197265625,4.99984741210938
30.6461470470068,-0,-0,-0,-0,-0,-0,-36.2775535583496,-209.946105957031,-850.000244140625,174443.515625,-56299.8515625,4643.8583984375,0.01495361328125,0.00732421875,0.0054931640625,0.0244903564453125,0.0171661376953125,7.62939453125e-05,-0.009765625,4.99984741210938
30.6471434310968,-0,-0,-0,-0,-0,-0,-36.8653526306152,-209.857437133789,-861.389831542969,174814.203125,-57091.79296875,5372.15966796875,0.0091552734375,-0.0042724609375,-0.0079345703125,0.0112152099609375,0.0086212158203125,-0.00598907470703125,-0.01861572265625,4.99984741210938
30.6481398151868,-0,-0,-0,-0,-0,-0,-35.0528831481934,-216.621444702148,-870.210632324219,174825.453125,-58227.0078125,5166.14208984375,0.01556396484375,0.009765625,0.015869140625,0.0273513793945312,0.0152206420898438,0.01556396484375,0.01007080078125,4.99984741210938
30.6491361992768,-0,-0,-0,-0,-0,-0,-33.2751846313477,-220.612396240234,-880.219543457031,174740.875,-59100.30078125,6087.8564453125,0.00885009765625,0.0048828125,-0.00030517578125,0.00896453857421875,0.00370025634765625,0.0151824951171875,0.00640869140625,4.99984741210938
30.6501325833668,-0,-0,-0,-0,-0,-0,-33.2519416809082,-219.912582397461,-889.95947265625,174729.765625,-59764.43359375,6773.0283203125,-0.001220703125,0.0030517578125,-0.00030517578125,0.0152206420898438,-0.0280380249023438,0.0084686279296875,-0.032958984375,4.99984741210938
30.6511289674568,-0,-0,-0,-0,-0,-0,-34.7194290161133,-220.747772216797,-896.207336425781,175026.328125,-60416.64453125,6558.10205078125,-0.0054931640625,0.0103759765625,-0.0213623046875,-0.00637054443359375,-0.00629425048828125,-0.0127029418945312,0.01129150390625,4.99984741210938
30.6521253515468,-0,-0,-0,-0,-0,-0,-32.1343116760254,-226.830703735352,-905.388732910156,174646.796875,-61330.2734375,7272.65771484375,0.01129150390625,0.00640869140625,0.00030517578125,-0.014190673828125,-0.0189208984375,0.0057220458984375,0.00823974609375,4.99984741210938
30.6531217356368,-0,-0,-0,-0,-0,-0,-30.7915210723877,-230.186126708984,-912.542114257812,174589.203125,-61644.7109375,7878.88330078125,-0.00518798828125,-0.0079345703125,-0.0091552734375,-0.0107955932617188,-0.0168228149414062,0.00125885009765625,0.0189208984375,4.99984741210938
30.6541181197268,-0,-0,-0,-0,-0,-0,-33.0772705078125,-227.751693725586,-915.947448730469,174814.171875,-62034.69140625,7699.89404296875,-0.00701904296875,-0.0048828125,-0.0103759765625,0.00518798828125,-0.0184249877929688,-0.0144195556640625,0.0054931640625,4.99984741210938
30.6551145038168,-0,-0,-0,-0,-0,-0,-33.6606063842773,-228.880615234375,-921.458068847656,174495.6875,-62541.17578125,7797.9951171875,0.0067138671875,-0.00213623046875,-0.02044677734375,-0.0069427490234375,-0.0154495239257812,-0.0211334228515625,0.018310546875,4.99984741210938
30.6561108879068,-0,-0,-0,-0,-0,-0,-32.4295120239258,-234.781005859375,-925.206848144531,174821.046875,-62895.046875,8601.2021484375,-0.009765625,0.0006103515625,-0.009765625,0.000152587890625,-0.003662109375,-0.034637451171875,-0.0128173828125,4.99984741210938
30.6571072719968,-0,-0,-0,-0,-0,-0,-31.5649299621582,-235.620513916016,-930.35498046875,174586.78125,-63238.171875,8427.5068359375,-0.00579833984375,0.00885009765625,-0.018310546875,-0.00732421875,-0.008697509765625,-0.00133514404296875,0.00701904296875,4.99984741210938
30.6581036560868,-0,-0,-0,-0,-0,-0,-33.3624839782715,-232.483535766602,-933.946533203125,174363.546875,-63543.54296875,8200.267578125,-0.00274658203125,-0.0006103515625,-0.02471923828125,-0.00576019287109375,-0.00110626220703125,-0.00011444091796875,-0.0213623046875,4.99984741210938
30.6591000401768,-0,-0,-0,-0,-0,-0,-33.3428535461426,-236.836929321289,-939.905090332031,174876.640625,-64191.78125,9047.1748046875,-0.00335693359375,0.00518798828125,0.020751953125,-0.0109481811523438,-0.0064849853515625,0.0142288208007812,-0.00732421875,4.99984741210938
30.6600964242668,-0,-0,-0,-0,-0,-0,-29.1796226501465,-241.210021972656,-945.887390136719,174069.3125,-65091.1875,9773.494140625,0.0091552734375,-0.0115966796875,-0.00518798828125,0.019073486328125,0.019989013671875,0.00919342041015625,-0.00823974609375,4.99984741210938
30.6610928083568,-0,-0,-0,-0,-0,-0,-29.3524684906006,-242.796493530273,-948.00244140625,174582.53125,-65466.8984375,9514.396484375,0.009765625,0.00946044921875,0.02044677734375,-0.0106048583984375,0.00652313232421875,0.007781982421875,0.0054931640625,4.99984741210938
30.6620891924468,-0,-0,-0,-0,-0,-0,-30.0000610351562,-240.392242431641,-951.4130859375,174632.25,-66073.203125,10309.5576171875,0.0091552734375,0.018310546875,0.0164794921875,0.00514984130859375,-0.0101470947265625,-0.0417709350585938,-0.0341796875,4.99984741210938
30.6630855765368,-0,-0,-0,-0,-0,-0,-27.5876770019531,-242.498260498047,-955.824890136719,174766.6875,-66596.3046875,11385.5361328125,0.009765625,0.0091552734375,0.02410888671875,0.014190673828125,0.028076171875,-0.0101852416992188,-0.050048828125,4.99984741210938
30.6640819606268,-0,-0,-0,-0,-0,-0,-24.5147380828857,-246.378204345703,-960.976196289062,174939.109375,-67150.3203125,11210.3603515625,0.008544921875,0.010986328125,0.01495361328125,-0.0177383422851562,0.0217056274414062,0.0052642822265625,0.00579833984375,4.99984741210938
30.6650783447168,-0,-0,-0,-0,-0,-0,-23.9514331817627,-245.052398681641,-962.551208496094,174528.546875,-67678.25,11967.2470703125,0.00030517578125,0.00579833984375,-0.00396728515625,0.00972747802734375,0.00720977783203125,-0.0233078002929688,0.02838134765625,4.99984741210938
30.6660747288068,-0,-0,-0,-0,-0,-0,-23.1380462646484,-244.124008178711,-966.779235839844,174505.078125,-68007.515625,13029.37109375,0.00946044921875,0.00091552734375,0.018310546875,0.0357818603515625,0.0103378295898438,-0.0197219848632812,0.028076171875,4.99984741210938
30.6670711128967,-0,-0,-0,-0,-0,-0,-19.9395332336426,-248.899612426758,-968.528564453125,174589.6875,-68491.9296875,13275.0498046875,-0.0048828125,0.0067138671875,0.01220703125,-0.006561279296875,-0.00675201416015625,0.0600051879882812,-0.0128173828125,4.99984741210938
30.6680674969867,-0,-0,-0,-0,-0,-0,-18.5579166412354,-249.959335327148,-972.217590332031,174356.75,-69067.0234375,12854.271484375,-0.0164794921875,0.00213623046875,0.001220703125,-0.0128936767578125,-0.00072479248046875,0.002593994140625,0.0054931640625,4.99984741210938
30.6690638810767,-0,-0,-0,-0,-0,-0,-18.8516464233398,-247.641159057617,-976.082336425781,174837.5625,-69578.5859375,14132.873046875,0.009765625,0.00518798828125,0.02471923828125,0.0139999389648438,0.0043487548828125,0.00396728515625,-0.01007080078125,4.99984741210938
30.6700602651667,-0,-0,-0,-0,-0,-0,-15.7769546508789,-246.764404296875,-979.598327636719,174440.828125,-70269.375,14622.38671875,0.0042724609375,0.01556396484375,-0.0091552734375,0.00659942626953125,0.0046539306640625,-0.006256103515625,-0.0537109375,4.99984741210938
30.6710566492567,-0,-0,-0,-0,-0,-0,-12.1550436019897,-250.414489746094,-980.988891601562,174714.140625,-70659.9296875,14161.0791015625,0.00732421875,0.006103515625,-0.00213623046875,-0.0136947631835938,-0.0035858154296875,-0.00522613525390625,0.02777099609375,4.99984741210938
30.6720530333467,-0,-0,-0,-0,-0,-0,-10.4576215744019,-250.35661315918,-985.037902832031,174589.53125,-71169.03125,15292.4267578125,0.00152587890625,-0.00885009765625,-0.01983642578125,0.0241851806640625,0.0025177001953125,-0.040283203125,0.0225830078125,4.99984741210938
30.6730494174367,-0,-0,-0,-0,-0,-0,-7.87529325485229,-247.526077270508,-987.354248046875,174645.609375,-71682.2890625,16874.005859375,-0.006103515625,-0.0054931640625,-0.003662109375,-0.0104141235351562,-0.00812530517578125,-0.00919342041015625,0.03509521484375,4.99984741210938
30.6740458015267,-0,-0,-0,-0,-0,-0,-4.38199424743652,-248.943954467773,-987.195495605469,174452.28125,-72188.203125,16429.14453125,-0.0115966796875,-0.00640869140625,-0.0164794921875,-0.00274658203125,-0.0183486938476562,-0.0104141235351562,-0.00885009765625,4.99984741210938
30.6750421856167,-0,-0,-0,-0,-0,-0,-2.45711326599121,-251.162704467773,-989.227783203125,174552.8125,-72787.78125,16576.19140625,-0.0091552734375,0.00213623046875,-0.01373291015625,-0.01556396484375,0.0109481811523438,-0.0237274169921875,0.0091552734375,4.99984741210938
30.6760385697067,-0,-0,-0,-0,-0,-0,-0.232905134558678,-250.263870239258,-991.536804199219,174335.5,-73428.0625,18489.154296875,-0.0091552734375,0.0115966796875,-0.01556396484375,-0.0154495239257812,0.00518798828125,-0.0327682495117188,0.01861572265625,4.99984741210938
30.6770349537967,-0,-0,-0,-0,-0,-0,1.42985045909882,-247.335098266602,-993.851379394531,174580.671875,-73517.828125,18271.205078125,-0.00732421875,-0.01068115234375,0.01251220703125,-0.0074005126953125,-0.013580322265625,0.003509521484375,0.00396728515625,4.99984741210938
30.6780313378867,-0,-0,-0,-0,-0,-0,4.08044099807739,-248.143814086914,-996.175231933594,174562.421875,-74317.0234375,17934.154296875,0.00762939453125,0.009765625,0.00213623046875,-0.0438690185546875,0.00030517578125,-0.0465011596679688,-0.00579833984375,4.99984741210938
30.6790277219767,-0,-0,-0,-0,-0,-0,6.5455961227417,-251.307098388672,-998.005493164062,174694.5625,-74624.0390625,19534.546875,-0.001220703125,-0.0018310546875,0.01129150390625,-0.0009918212890625,-0.02716064453125,0.00274658203125,0.001220703125,4.99984741210938
30.6800241060667,-0,-0,-0,-0,-0,-0,8.16070652008057,-249.191162109375,-999.487121582031,174291.859375,-74782.9375,20183.099609375,0.00213623046875,0.0006103515625,0.0152587890625,0.0025177001953125,-0.0150299072265625,-0.0312042236328125,-0.00274658203125,4.99984741210938
30.6810204901567,-0,-0,-0,-0,-0,-0,8.44264984130859,-246.605224609375,-1000.89031982422,174308.90625,-75138.3828125,19075.740234375,0.00152587890625,0.00396728515625,0.00213623046875,0.0239944458007812,0.00278472900390625,0.0348281860351562,0.0103759765625,4.99984741210938
30.6820168742467,-0,-0,-0,-0,-0,-0,11.0774831771851,-248.493835449219,-1002.00054931641,174433.578125,-75670.5,20236.3671875,0.00091552734375,0.02044677734375,0.02716064453125,0.02227783203125,0.0159072875976562,-0.0343704223632812,0.0372314453125,4.99984741210938
30.6830132583367,-0,-0,-0,-0,-0,-0,12.5671863555908,-249.181869506836,-1003.84295654297,174181.0625,-76101.21875,21259.5625,0.0067138671875,0.0006103515625,0.0128173828125,-0.002899169921875,0.00370025634765625,0.00637054443359375,-0.00335693359375,4.99984741210938
30.6840096424267,-0,-0,-0,-0,-0,-0,13.2466201782227,-246.091735839844,-1006.25463867188,174665.453125,-76250.125,19978.1953125,0.0103759765625,0.0115966796875,0.0341796875,0.00202178955078125,0.0067138671875,0.0254440307617188,0.00244140625,4.99984741210938
30.6850060265167,-0,-0,-0,-0,-0,-0,13.5652351379395,-244.283401489258,-1004.24517822266,174643.609375,-76330.296875,20107.376953125,0.00213623046875,0.00030517578125,0.05035400390625,0.0095367431640625,-0.007781982421875,0.058441162109375,-0.03509521484375,4.99984741210938
30.6860024106067,-0,-0,-0,-0,-0,-0,16.6179084777832,-246.826507568359,-1006.81707763672,174693.109375,-76931.484375,22345.423828125,0.01129150390625,0.00518798828125,0.018310546875,-0.0146484375,0.0182342529296875,0.0211715698242188,-0.00335693359375,4.99984741210938
30.6869987946967,-0,-0,-0,-0,-0,-0,16.2740898132324,-248.092864990234,-1007.36968994141,174178.0625,-76955.0234375,21258.744140625,0.00640869140625,0.0115966796875,0.01190185546875,0.011444091796875,0.008544921875,0.00423431396484375,-0.0079345703125,4.99984741210938
30.6879951787867,-0,-0,-0,-0,-0,-0,15.5361909866333,-243.478851318359,-1009.68682861328,174282.9375,-77123.90625,20443.109375,-0.0128173828125,0.008544921875,0.00579833984375,-0.0028228759765625,0.0002288818359375,0.0259017944335938,0.00274658203125,4.99984741210938
30.6889915628767,-0,-0,-0,-0,-0,-0,14.8903150558472,-243.605010986328,-1010.41296386719,174558.71875,-77314.046875,21851.0234375,0.0006103515625,-0.00579833984375,-0.0018310546875,0.0166702270507812,-0.00667572021484375,0.0012969970703125,-0.010986328125,4.99984741210938
30.6899879469667,-0,-0,-0,-0,-0,-0,15.8944892883301,-244.341293334961,-1009.69195556641,174545.859375,-77752.0078125,21786.52734375,-0.0018310546875,-0.00274658203125,-0.0115966796875,0.00591278076171875,-0.002288818359375,-0.008392333984375,-0.00274658203125,4.99984741210938
30.6909843310567,-0,-0,-0,-0,-0,-0,15.3366985321045,-242.448013305664,-1014.56512451172,174305.5,-77503.4609375,19972.521484375,0.0079345703125,-0.00518798828125,-0.0091552734375,-0.00423431396484375,-0.0237655639648438,0.00347137451171875,-0.0128173828125,4.99984741210938
30.6919807151466,-0,-0,-0,-0,-0,-0,14.932559967041,-239.655471801758,-1016.86566162109,174765.5,-77792,21271.44921875,-0.006103515625,-0.00335693359375,0.00579833984375,0.003204345703125,-0.0360107421875,-0.0353622436523438,-0.008544921875,4.99984741210938
30.6929770992366,-0,-0,-0,-0,-0,-0,16.5210437774658,-241.150985717773,-1015.67193603516,174328.3125,-78032.5625,22468.5703125,-0.00152587890625,-0.0115966796875,-0.0018310546875,-0.00244140625,-0.00705718994140625,0.000457763671875,-0.0103759765625,4.99984741210938
30.6939734833266,-0,-0,-0,-0,-0,-0,16.5522747039795,-242.213272094727,-1016.515625,174340.171875,-78399.5078125,20648.83984375,0.009765625,-0.00335693359375,0.001220703125,-0.004119873046875,-0.0159835815429688,-0.0543212890625,-0.00885009765625,4.99984741210938
30.6949698674166,-0,-0,-0,-0,-0,-0,14.2783832550049,-239.52815246582,-1016.0556640625,174413.703125,-78325.453125,20649.171875,-0.01007080078125,0.001220703125,0.008544921875,-0.0223922729492188,0.00537872314453125,-0.0183868408203125,0.010986328125,4.99984741210938
30.6959662515066,-0,-0,-0,-0,-0,-0,15.2170038223267,-237.011260986328,-1019.99786376953,174396.609375,-78141.0703125,22260.62890625,-0.0091552734375,-0.00274658203125,-0.00396728515625,-0.0054168701171875,-0.0147628784179688,0.0231170654296875,-0.00701904296875,4.99984741210938
30.6969626355966,-0,-0,-0,-0,-0,-0,15.4835824966431,-237.988739013672,-1021.2109375,174250.984375,-78715.421875,21054.0703125,0.0030517578125,-0.00518798828125,-0.010986328125,-0.0038909912109375,-0.0122451782226562,-0.028228759765625,-0.00396728515625,4.99984741210938
30.6979590196866,-0,-0,-0,-0,-0,-0,14.5783548355103,-239.009033203125,-1023.60040283203,174326.46875,-78807.2890625,19733.3515625,-0.010986328125,-0.00213623046875,-0.01220703125,-0.00576019287109375,0.0038909912109375,-0.0267791748046875,-0.0146484375,4.99984741210938
30.6989554037766,-0,-0,-0,-0,-0,-0,11.939227104187,-236.912887573242,-1023.49877929688,174640.796875,-78983.296875,21393.7421875,0,0.00213623046875,-0.01312255859375,0.0009918212890625,-0.00213623046875,0.0048828125,0.01312255859375,4.99984741210938
30.6999517878666,-0,-0,-0,-0,-0,-0,12.4565887451172,-233.238098144531,-1025.25354003906,174093.5625,-78808.03125,21291.623046875,-0.00579833984375,0.00091552734375,-0.00030517578125,0.00743865966796875,-0.00209808349609375,0.0265884399414062,-0.0054931640625,4.99984741210938
30.7009481719566,-0,-0,-0,-0,-0,-0,13.4645442962646,-234.260864257812,-1025.81896972656,173874.765625,-78830.875,19235.482421875,0.00640869140625,0.01617431640625,0.02471923828125,0.00019073486328125,0.0207901000976562,-0.00091552734375,-0.0146484375,4.99984741210938
30.7019445560466,-0,-0,-0,-0,-0,-0,11.0383615493774,-234.771286010742,-1028.56018066406,174615.5625,-79105.5,20196.91015625,-0.01495361328125,-0.00579833984375,0.009765625,0.0298309326171875,0.0225830078125,0.0239181518554688,0.00244140625,4.99984741210938
30.7029409401366,-0,-0,-0,-0,-0,-0,9.93235778808594,-230.695098876953,-1029.29895019531,174245.078125,-79025.703125,20717.3671875,0.01434326171875,0.00885009765625,0.0244140625,0.0185775756835938,0.0301361083984375,0.0240325927734375,-0.03082275390625,4.99984741210938
30.7039373242266,-0,-0,-0,-0,-0,-0,11.142879486084,-227.358627319336,-1030.79553222656,174023.96875,-78985.8359375,18820.01953125,0.00701904296875,0.00885009765625,0.013427734375,0.003204345703125,0.0307846069335938,0.0388717651367188,0.00579833984375,4.99984741210938
30.7049337083166,-0,-0,-0,-0,-0,-0,11.1430339813232,-228.907485961914,-1030.52600097656,174405.15625,-79465.4765625,18957.046875,0.0079345703125,-0.00244140625,-0.00091552734375,0.01068115234375,0.00080108642578125,-0.01495361328125,-0.00030517578125,4.99984741210938
30.7059300924066,-0,-0,-0,-0,-0,-0,9.50670528411865,-228.643844604492,-1032.97705078125,174158.46875,-79062.703125,20465.125,-0.00823974609375,-0.00579833984375,0.01800537109375,0.0102996826171875,0.00843048095703125,-0.0189971923828125,-0.010986328125,4.99984741210938
30.7069264764966,-0,-0,-0,-0,-0,-0,8.09542846679688,-223.989288330078,-1033.91271972656,174509.203125,-78998.6015625,19194.517578125,-0.0006103515625,0.0054931640625,0.0152587890625,0.00598907470703125,0.00118255615234375,0.0281524658203125,0.0140380859375,4.99984741210938
30.7079228605866,-0,-0,-0,-0,-0,-0,9.025390625,-222.759948730469,-1034.67236328125,174196.953125,-79421.515625,18186.6328125,-0.003662109375,-0.0018310546875,0.00244140625,0.00614166259765625,0.0133514404296875,0.0058746337890625,0.0054931640625,4.99984741210938
30.7089192446766,-0,-0,-0,-0,-0,-0,10.4181270599365,-223.031127929688,-1038.61608886719,174389.671875,-79447.671875,19159.349609375,0.00091552734375,0.0030517578125,0.010986328125,-0.0172042846679688,-0.0246429443359375,-0.00080108642578125,0.0372314453125,4.99984741210938
30.7099156287666,-0,-0,-0,-0,-0,-0,8.63908863067627,-220.414321899414,-1035.86450195312,174169.484375,-79373.9140625,19111.30859375,-0.00823974609375,-0.01251220703125,-0.00244140625,0.0174331665039062,-0.0114059448242188,-0.0120925903320312,-0.0115966796875,4.99984741210938
30.7109120128566,-0,-0,-0,-0,-0,-0,8.10701560974121,-217.299438476562,-1036.44396972656,174291.765625,-79712.1015625,17445.32421875,0.00396728515625,-0.00823974609375,0.0006103515625,-0.010223388671875,-0.00030517578125,0.00396728515625,-0.037841796875,4.99984741210938
30.7119083969466,-0,-0,-0,-0,-0,-0,8.39933395385742,-216.074279785156,-1035.97839355469,174348.921875,-79516.8125,18543.025390625,0.0079345703125,0.0006103515625,-0.00091552734375,0.005645751953125,-0.0122451782226562,-0.000457763671875,0.0152587890625,4.99984741210938
30.7129047810366,-0,-0,-0,-0,-0,-0,7.67180204391479,-216.323379516602,-1037.6259765625,174424.546875,-79594.078125,18839.060546875,0.0042724609375,-0.00152587890625,-0.01373291015625,0.00461578369140625,-0.0212478637695312,-0.0145721435546875,-0.0091552734375,4.99984741210938
30.7139011651266,-0,-0,-0,-0,-0,-0,6.36139011383057,-214.143890380859,-1038.92541503906,174592.890625,-79595.0546875,17019.642578125,0.0103759765625,-0.00518798828125,-0.00732421875,0.0100326538085938,-0.0166702270507812,-0.0380325317382812,-0.02227783203125,4.99984741210938
30.7148975492166,-0,-0,-0,-0,-0,-0,7.19212865829468,-210.324630737305,-1039.76965332031,174435.6875,-79721.2890625,17277.50390625,-0.00640869140625,0.00732421875,-0.0335693359375,-0.0121307373046875,-0.00080108642578125,-0.02227783203125,0.00213623046875,4.99984741210938
30.7158939333065,-0,-0,-0,-0,-0,-0,7.01476860046387,-210.526962280273,-1038.56787109375,174506.421875,-79704.6640625,18335.37890625,-0.00091552734375,-0.01495361328125,0.001220703125,-0.00225067138671875,-0.0304031372070312,-0.00301361083984375,-0.0091552734375,4.99984741210938
30.7168903173965,-0,-0,-0,-0,-0,-0,5.68020248413086,-210.107345581055,-1037.74047851562,174454.984375,-79419.9140625,16971.48046875,-0.01129150390625,-0.0006103515625,-0.013427734375,-0.00537872314453125,-0.0127792358398438,0.00240325927734375,-0.001220703125,4.99984741210938
30.7178867014865,-0,-0,-0,-0,-0,-0,4.39557790756226,-207.156967163086,-1040.41333007812,174540.4375,-79422.8671875,15987.564453125,0.003662109375,0.00335693359375,-0.006103515625,-0.0265121459960938,-0.000457763671875,-0.0006866455078125,0.0103759765625,4.99984741210938
30.7188830855765,-0,-0,-0,-0,-0,-0,4.50878763198853,-204.889785766602,-1038.66198730469,174390.78125,-79108.90625,17279.005859375,0.00946044921875,0.0030517578125,-0.0091552734375,0.0079345703125,0.00507354736328125,0.0195693969726562,-0.0054931640625,4.99984741210938
30.7198794696665,-0,-0,-0,-0,-0,-0,4.04279565811157,-203.307830810547,-1038.57751464844,174047.9375,-79076.3671875,16662.14453125,0.00701904296875,0.00274658203125,-0.01312255859375,0.0028228759765625,0.0275421142578125,0.0098419189453125,0.01373291015625,4.99984741210938
30.7208758537565,-0,-0,-0,-0,-0,-0,2.49913477897644,-203.290298461914,-1039.12841796875,174670.921875,-79014.2578125,15464.3525390625,-0.00244140625,0.0164794921875,0.020751953125,0.0042724609375,-0.0074005126953125,-0.00583648681640625,-0.00823974609375,4.99984741210938
30.7218722378465,-0,-0,-0,-0,-0,-0,1.33038747310638,-199.299697875977,-1037.38464355469,174258.21875,-78762.4140625,16049.67578125,-0.0152587890625,0.00396728515625,0.0146484375,0.008544921875,0.0104141235351562,-0.0178146362304688,0.00091552734375,4.99984741210938
30.7228686219365,-0,-0,-0,-0,-0,-0,1.52602875232697,-197.702819824219,-1036.92736816406,174333.328125,-78601.1875,16183.4482421875,0.0048828125,0.006103515625,0.0177001953125,0.00030517578125,0.0194931030273438,0.0070953369140625,0.0164794921875,4.99984741210938
30.7238650060265,-0,-0,-0,-0,-0,-0,1.24222564697266,-197.623001098633,-1036.84631347656,174604.8125,-78703.0625,14877.74609375,-0.0067138671875,0.01251220703125,0.009765625,0.0043487548828125,0.0220489501953125,0.0278472900390625,0.0225830078125,4.99984741210938
30.7248613901165,-0,-0,-0,-0,-0,-0,-0.934221804141998,-196.429977416992,-1031.697265625,174279.1875,-78377.7265625,14677.00390625,-0.0054931640625,0.01373291015625,0.0152587890625,-0.0170135498046875,0.0157928466796875,0.023040771484375,0.0079345703125,4.99984741210938
30.7258577742065,-0,-0,-0,-0,-0,-0,-1.22183620929718,-193.579071044922,-1032.70776367188,174754.265625,-78261.2734375,15378.2548828125,-0.001220703125,0.0103759765625,0.0030517578125,0.00606536865234375,0.0128173828125,0.015869140625,-0.01007080078125,4.99984741210938
30.7268541582965,-0,-0,-0,-0,-0,-0,-1.46703064441681,-191.339477539062,-1029.77954101562,174370.0625,-78083.3203125,14643.5595703125,0.01556396484375,-0.00457763671875,0.00885009765625,0.00713348388671875,0.0221633911132812,0.00247955322265625,-0.00091552734375,4.99984741210938
30.7278505423865,-0,-0,-0,-0,-0,-0,-3.148766040802,-191.411178588867,-1028.67028808594,174260.3125,-77876.140625,14060.7373046875,0.0006103515625,-0.00701904296875,0.0146484375,0.00339508056640625,0.0118255615234375,-0.0215530395507812,-0.0006103515625,4.99984741210938
30.7288469264765,-0,-0,-0,-0,-0,-0,-3.41725850105286,-189.827697753906,-1028.75708007812,174682.515625,-77637.3046875,14569.34765625,0.00335693359375,-0.00579833984375,0.00885009765625,0.0098419189453125,-0.0026702880859375,0.0333786010742188,-0.00244140625,4.99984741210938
30.7298433105665,-0,-0,-0,-0,-0,-0,-3.65643882751465,-185.589233398438,-1027.30529785156,174262.09375,-77617.421875,14240.05859375,0.00152587890625,-0.00030517578125,-0.01251220703125,0.00896453857421875,-0.006866455078125,-0.00835418701171875,-0.01129150390625,4.99984741210938
30.7308396946565,-0,-0,-0,-0,-0,-0,-3.66974425315857,-184.357086181641,-1025.39025878906,174827.078125,-77600.390625,13097.4267578125,0.00091552734375,-0.00152587890625,-0.010986328125,-0.00396728515625,-0.0252151489257812,-0.0003814697265625,0.050048828125,4.99984741210938
30.7318360787465,-0,-0,-0,-0,-0,-0,-5.24117279052734,-184.116027832031,-1020.97912597656,174517.21875,-77627.078125,13489.3486328125,0.00885009765625,0.01617431640625,0.0128173828125,-0.018768310546875,-0.0110626220703125,-0.0191497802734375,0.01739501953125,4.99984741210938
30.7328324628365,-0,-0,-0,-0,-0,-0,-4.69821166992188,-181.67155456543,-1022.62750244141,174630.828125,-77191.859375,13914.662109375,-0.0030517578125,-0.0054931640625,-0.01556396484375,-0.007476806640625,-0.00965118408203125,-0.0141143798828125,0.05035400390625,4.99984741210938
30.7338288469265,-0,-0,-0,-0,-0,-0,-4.53465414047241,-178.980453491211,-1017.13775634766,174762.875,-77039.4765625,12660.2568359375,-0.015869140625,-0.01129150390625,-0.01556396484375,-0.0342178344726562,-0.02166748046875,-0.0110626220703125,-0.0048828125,4.99984741210938
30.7348252310165,-0,-0,-0,-0,-0,-0,-5.08862733840942,-179.253753662109,-1015.38586425781,174994.109375,-76840.953125,12724.359375,0.0054931640625,-0.015869140625,0.00152587890625,0.0201416015625,-0.0313949584960938,0.024871826171875,0.008544921875,4.99984741210938
30.7358216151065,-0,-0,-0,-0,-0,-0,-5.710768699646,-177.792984008789,-1014.46173095703,174436.078125,-76663.40625,13462.6708984375,-0.00762939453125,-0.01556396484375,-0.00396728515625,0.00469207763671875,-0.0218582153320312,-0.0084686279296875,-0.001220703125,4.99984741210938
30.7368179991965,-0,-0,-0,-0,-0,-0,-6.73831367492676,-174.975158691406,-1010.89123535156,174993.453125,-76476.4453125,12528.2880859375,-0.0018310546875,-0.00213623046875,-0.00701904296875,-0.0093841552734375,-0.000152587890625,-0.033721923828125,0.01129150390625,4.99984741210938
30.7378143832865,-0,-0,-0,-0,-0,-0,-6.6206202507019,-172.944686889648,-1010.89599609375,174494.890625,-76229.734375,12060.3115234375,0.00701904296875,-0.00244140625,0.00274658203125,-0.0226974487304688,0.0090789794921875,-0.009002685546875,-0.00396728515625,4.99984741210938
30.7388107673765,-0,-0,-0,-0,-0,-0,-6.39996099472046,-172.738235473633,-1008.50274658203,174481.21875,-75998.234375,12579.9921875,0.00335693359375,0.00579833984375,0.00457763671875,0.0272750854492188,-0.00705718994140625,-0.0539016723632812,-0.015869140625,4.99984741210938
30.7398071514665,-0,-0,-0,-0,-0,-0,-7.74800539016724,-170.709808349609,-1001.99224853516,174426.96875,-76000.8671875,12368.94140625,0.00152587890625,0.00274658203125,0.00732421875,-0.00972747802734375,0.00431060791015625,-0.0323486328125,0.03143310546875,4.99984741210938
30.7408035355564,-0,-0,-0,-0,-0,-0,-7.47684669494629,-167.703598022461,-999.156921386719,174205.03125,-75651.6015625,11520.4365234375,0.0128173828125,0.006103515625,0.02899169921875,0.00988006591796875,0.0250625610351562,-0.0659942626953125,-0.02655029296875,4.99984741210938
30.7417999196464,-0,-0,-0,-0,-0,-0,-7.78631353378296,-166.290542602539,-998.330871582031,175032.3125,-75592.8671875,11904.541015625,0.010986328125,0.01312255859375,0.00244140625,-0.0255966186523438,-0.0002288818359375,0.0112533569335938,0.00091552734375,4.99984741210938
30.7427963037364,-0,-0,-0,-0,-0,-0,-8.52799224853516,-166.249237060547,-996.209228515625,174784.09375,-75300.640625,12098.416015625,0.0128173828125,0.00335693359375,0.0115966796875,0.010986328125,0.0190353393554688,0.00095367431640625,-0.001220703125,4.99984741210938
30.7437926878264,-0,-0,-0,-0,-0,-0,-9.65166759490967,-164.164276123047,-990.429626464844,174437.8125,-74984.6953125,11304.8291015625,0.00152587890625,0.0006103515625,0.01708984375,-0.00591278076171875,0.0217437744140625,-0.0038909912109375,0.00732421875,4.99984741210938
30.7447890719164,-0,-0,-0,-0,-0,-0,-8.07240200042725,-161.418701171875,-988.610473632812,174545.96875,-74850.4453125,10860.611328125,0.006103515625,0.00396728515625,-0.0030517578125,-0.00926971435546875,0.027618408203125,-0.0102615356445312,-0.01007080078125,4.99984741210938
30.7457854560064,-0,-0,-0,-0,-0,-0,-8.89370727539062,-160.468872070312,-985.393859863281,174436.25,-74869.84375,11766.1416015625,0.0048828125,0.01708984375,0.00640869140625,0.00553131103515625,0.0213623046875,-0.018157958984375,0.01373291015625,4.99984741210938
30.7467818400964,-0,-0,-0,-0,-0,-0,-9.72880268096924,-161.480194091797,-981.062744140625,174620.75,-74196.34375,11030.1533203125,0.0018310546875,0.0091552734375,0.02655029296875,-0.00152587890625,0.00732421875,0.0189208984375,0.02105712890625,4.99984741210938
30.7477782241864,-0,-0,-0,-0,-0,-0,-9.5758695602417,-158.472412109375,-979.882507324219,174603.390625,-74079.5,10442.7333984375,-0.0146484375,0.00213623046875,0.0048828125,-0.0023651123046875,0.0067138671875,-0.00286102294921875,-0.0274658203125,4.99984741210938
30.7487746082764,-0,-0,-0,-0,-0,-0,-8.78048801422119,-155.563995361328,-976.853210449219,174575.421875,-73705.6953125,11294.3271484375,0.0042724609375,-0.003662109375,-0.00274658203125,0.0197982788085938,-0.0030517578125,-0.011138916015625,-0.02044677734375,4.99984741210938
30.7497709923664,-0,-0,-0,-0,-0,-0,-10.2803716659546,-155.90950012207,-970.892944335938,174511.90625,-74006.1015625,10879.9267578125,-0.01068115234375,0.00640869140625,-0.00335693359375,-0.0124740600585938,0.0090789794921875,-0.0215911865234375,0.0250244140625,4.99984741210938
30.7507673764564,-0,-0,-0,-0,-0,-0,-10.7028713226318,-155.360778808594,-969.963256835938,174475.265625,-73283.1796875,10020.5888671875,0.00244140625,0,-0.01220703125,-0.0104522705078125,-0.0031280517578125,-0.0516510009765625,0.0140380859375,4.99984741210938
30.7517637605464,-0,-0,-0,-0,-0,-0,-10.5324449539185,-152.39958190918,-966.208740234375,174988,-73192.359375,10302.396484375,0.00213623046875,-0.00030517578125,-0.020751953125,-0.00827789306640625,-0.0322723388671875,-0.033721923828125,0.01953125,4.99984741210938
30.7527601446364,-0,-0,-0,-0,-0,-0,-9.48824977874756,-150.833480834961,-962.537780761719,174591.328125,-72902.921875,10828.408203125,-0.00213623046875,-0.0042724609375,-0.00762939453125,0.00072479248046875,-0.00354766845703125,-0.0100326538085938,0.01556396484375,4.99984741210938
30.7537565287264,-0,-0,-0,-0,-0,-0,-11.3531322479248,-150.466369628906,-960.324645996094,174605.046875,-72446.265625,9874.9775390625,-0.01190185546875,-0.00457763671875,-0.00152587890625,0.0099945068359375,-0.013885498046875,0.020599365234375,0.00518798828125,4.99984741210938
30.7547529128164,-0,-0,-0,-0,-0,-0,-11.0757761001587,-149.332809448242,-955.375305175781,174476.96875,-72448.1484375,9925.7412109375,0.01495361328125,-0.00518798828125,-0.0201416015625,0.00732421875,-0.01068115234375,-0.00110626220703125,0.02838134765625,4.99984741210938
30.7557492969064,-0,-0,-0,-0,-0,-0,-11.3571577072144,-146.263473510742,-952.805236816406,174334.6875,-72151.7734375,10446.25,-0.0103759765625,-0.00640869140625,-0.009765625,-0.00057220458984375,-0.01800537109375,-0.0233078002929688,0.0140380859375,4.99984741210938
30.7567456809964,-0,-0,-0,-0,-0,-0,-11.2199144363403,-145.552459716797,-948.68310546875,175147.421875,-72142.9375,9916.3037109375,0.00579833984375,0.00274658203125,-0.01373291015625,-0.00030517578125,-0.00652313232421875,-0.0672149658203125,0.0286865234375,4.99984741210938
30.7577420650864,-0,-0,-0,-0,-0,-0,-11.2699308395386,-145.303100585938,-946.845336914062,174488.578125,-71807.6015625,9196.6513671875,0.00091552734375,0.00274658203125,0.003662109375,-0.00049591064453125,0.0188064575195312,-0.0156021118164062,0.0048828125,4.99984741210938
30.7587384491764,-0,-0,-0,-0,-0,-0,-11.8294515609741,-143.842895507812,-942.434936523438,174500.078125,-71612.34375,9879.90625,0,-0.00213623046875,-0.0103759765625,0.01678466796875,0.0186920166015625,-0.0096893310546875,0.00885009765625,4.99984741210938
30.7597348332664,-0,-0,-0,-0,-0,-0,-11.3195486068726,-141.904037475586,-938.495971679688,174634.46875,-71408.0703125,9534.72265625,0.00274658203125,0.009765625,0.02349853515625,0.0141143798828125,-0.00518798828125,-0.0067138671875,-0.02960205078125,4.99984741210938
30.7607312173564,-0,-0,-0,-0,-0,-0,-11.7446603775024,-139.354080200195,-933.635681152344,174251.953125,-70998.203125,8785.712890625,0.0091552734375,0.003662109375,0.00579833984375,0.00629425048828125,0.0316238403320312,-0.03753662109375,0.01220703125,4.99984741210938
30.7617276014464,-0,-0,-0,-0,-0,-0,-11.9666080474854,-139.799133300781,-931.704528808594,174499.625,-71135.8046875,9581.1728515625,-0.00274658203125,-0.00335693359375,0.01495361328125,0.00865936279296875,0.0074005126953125,0.0030517578125,-0.0238037109375,4.99984741210938
30.7627239855364,-0,-0,-0,-0,-0,-0,-11.9008121490479,-138.017929077148,-928.588684082031,174785.796875,-70982.9921875,9477.6474609375,0.0079345703125,0.0079345703125,0.03143310546875,0.0104141235351562,0.0277328491210938,-0.00171661376953125,0.00030517578125,4.99984741210938
30.7637203696264,-0,-0,-0,-0,-0,-0,-11.9950380325317,-135.490859985352,-923.824645996094,174705.953125,-70771.03125,8974.990234375,0.00762939453125,0.006103515625,0.03326416015625,0.015106201171875,0.00972747802734375,0.0114059448242188,0.0018310546875,4.99984741210938
30.7647167537164,-0,-0,-0,-0,-0,-0,-11.615330696106,-134.489715576172,-922.540466308594,174750.890625,-70505.3828125,8693.6953125,0.0018310546875,0.00396728515625,0.009765625,-0.0304412841796875,0.0262069702148438,0.0185775756835938,-0.0128173828125,4.99984741210938
30.7657131378063,-0,-0,-0,-0,-0,-0,-12.180347442627,-134.507858276367,-917.017822265625,174720.84375,-70006.6171875,9115.1796875,0.0042724609375,0.003662109375,0.0177001953125,-0.0052642822265625,0.0100326538085938,0.00705718994140625,-0.01556396484375,4.99984741210938
30.7667095218963,-0,-0,-0,-0,-0,-0,-11.3912172317505,-131.218887329102,-914.194702148438,174495.640625,-70097.015625,8568,0.01922607421875,0.001220703125,0.00335693359375,-0.00606536865234375,0.0121307373046875,0.033111572265625,0.00885009765625,4.99984741210938
30.7677059059863,-0,-0,-0,-0,-0,-0,-10.4190502166748,-129.326171875,-912.363647460938,174820.90625,-69815.359375,8513.7421875,0.0042724609375,0.00274658203125,0.01495361328125,0.0115203857421875,0.0140380859375,0.0122451782226562,0.0238037109375,4.99984741210938
30.7687022900763,-0,-0,-0,-0,-0,-0,-11.6798515319824,-128.24365234375,-907.216247558594,174815.5625,-69576.2109375,8875.7724609375,0.00701904296875,0.0054931640625,0.0018310546875,0.0140762329101562,-0.0022125244140625,0.0026702880859375,-0.0421142578125,4.99984741210938
30.7696986741663,-0,-0,-0,-0,-0,-0,-11.7808904647827,-127.123893737793,-903.644348144531,174930.234375,-69577.296875,8500.6103515625,-0.0146484375,0.00701904296875,-0.00213623046875,7.62939453125e-05,-0.0182342529296875,0.0292205810546875,0.023193359375,4.99984741210938
30.7706950582563,-0,-0,-0,-0,-0,-0,-10.3169708251953,-125.256759643555,-899.892333984375,174766.53125,-69390.6484375,8240.123046875,-0.009765625,-0.00640869140625,0.00396728515625,-0.000457763671875,-0.0089263916015625,-0.0254440307617188,0.00518798828125,4.99984741210938
30.7716914423463,-0,-0,-0,-0,-0,-0,-10.085991859436,-123.060340881348,-896.499572753906,174624.015625,-69222.109375,8636.9833984375,-0.00732421875,0.0048828125,0.00701904296875,-0.0156784057617188,-0.00942230224609375,-0.02044677734375,0.00335693359375,4.99984741210938
30.7726878264363,-0,-0,-0,-0,-0,-0,-10.6318340301514,-121.497482299805,-893.19091796875,174311.375,-68880.4453125,8727.6943359375,0.0048828125,-0.0006103515625,-0.0091552734375,0.00408172607421875,-0.0185775756835938,0.00995635986328125,-0.0030517578125,4.99984741210938
30.7736842105263,-0,-0,-0,-0,-0,-0,-10.0078506469727,-120.536071777344,-890.086853027344,174948.3125,-69087.1953125,8113.859375,-0.003662109375,-0.0006103515625,0.0030517578125,-0.02105712890625,-0.0113677978515625,-0.0091552734375,-0.006103515625,4.99984741210938
30.7746805946163,-0,-0,-0,-0,-0,-0,-10.0822067260742,-117.871337890625,-886.873413085938,174633.203125,-68686.90625,8328.392578125,-0.00030517578125,0.001220703125,-0.01708984375,0.008087158203125,-0.020904541015625,0.0020599365234375,-0.00030517578125,4.99984741210938
30.7756769787063,-0,-0,-0,-0,-0,-0,-9.75702667236328,-116.665107727051,-882.7490234375,174786.0625,-68706.0390625,8615.66015625,0.0091552734375,-0.0177001953125,-0.01556396484375,0.0217819213867188,-0.016937255859375,-0.00705718994140625,-0.01800537109375,4.99984741210938
30.7766733627963,-0,-0,-0,-0,-0,-0,-9.58932113647461,-115.944786071777,-881.37060546875,174766.828125,-68396.8828125,8260.353515625,0,0.0042724609375,-0.00640869140625,-0.00278472900390625,-0.0149154663085938,0.0315475463867188,0.0238037109375,4.99984741210938
30.7776697468863,-0,-0,-0,-0,-0,-0,-9.05866241455078,-114.164115905762,-877.331604003906,174725.921875,-67900.0625,7984.958984375,0.00762939453125,0.00091552734375,0.0079345703125,0.0231552124023438,-0.0109100341796875,-0.0399017333984375,-0.013427734375,4.99984741210938
30.7786661309763,-0,-0,-0,-0,-0,-0,-7.91028451919556,-112.411842346191,-872.384643554688,174787.15625,-67937.625,8643.4345703125,0.0079345703125,0.0164794921875,0.00396728515625,0.002899169921875,0.0117874145507812,-0.0144577026367188,-0.0164794921875,4.99984741210938
30.7796625150663,-0,-0,-0,-0,-0,-0,-7.61635446548462,-110.818206787109,-869.361999511719,174604.484375,-67810.8046875,8456.8828125,0.00640869140625,0.013427734375,-0.0018310546875,0.0130844116210938,-0.00164031982421875,0.0115585327148438,0.0274658203125,4.99984741210938
30.7806588991563,-0,-0,-0,-0,-0,-0,-8.09042835235596,-110.287757873535,-864.129577636719,174800.09375,-67492.3046875,7696.34033203125,0.015869140625,0.00732421875,0.00244140625,-0.0115203857421875,0.0102615356445312,0.0413131713867188,-0.00732421875,4.99984741210938
30.7816552832463,-0,-0,-0,-0,-0,-0,-7.34851932525635,-108.870246887207,-860.830993652344,174754.15625,-67443.0703125,8063.109375,0.0128173828125,0.00335693359375,0.0201416015625,0.0139617919921875,-0.006866455078125,-0.0173187255859375,-0.01495361328125,4.99984741210938
30.7826516673363,-0,-0,-0,-0,-0,-0,-6.78984928131104,-106.302391052246,-858.169372558594,174925.484375,-67068.2265625,8489,0.00152587890625,0.0067138671875,0.01007080078125,0.0177764892578125,0.0210189819335938,0.0201797485351562,0.0177001953125,4.99984741210938
30.7836480514263,-0,-0,-0,-0,-0,-0,-7.23459434509277,-104.59782409668,-852.218566894531,174675.140625,-67207.9921875,7793.75146484375,-0.00152587890625,0.0048828125,-0.001220703125,0.0202178955078125,0.00553131103515625,0.0421524047851562,0.02166748046875,4.99984741210938
30.7846444355163,-0,-0,-0,-0,-0,-0,-6.45405054092407,-103.795204162598,-850.013671875,174672.75,-66899.484375,7962.578125,0.01434326171875,0.00030517578125,0.00732421875,0.009002685546875,0.0215911865234375,0.01708984375,0.01251220703125,4.99984741210938
30.7856408196063,-0,-0,-0,-0,-0,-0,-6.52437257766724,-101.397521972656,-846.257141113281,174741.015625,-66782.3125,8003.08251953125,-0.00244140625,0.0225830078125,-0.00244140625,-0.0262451171875,0.02105712890625,0.0153350830078125,-0.0286865234375,4.99984741210938
30.7866372036963,-0,-0,-0,-0,-0,-0,-5.29398965835571,-99.9443435668945,-842.776245117188,174695.78125,-66603.828125,8023.96337890625,0.0201416015625,0.01007080078125,0.0042724609375,0.0012969970703125,0.0275421142578125,0.0171279907226562,0.02227783203125,4.99984741210938
30.7876335877863,-0,-0,-0,-0,-0,-0,-5.83732318878174,-99.050666809082,-838.185302734375,174757.53125,-66329.2890625,7688.76953125,-0.00457763671875,-0.01068115234375,-0.00396728515625,0.00072479248046875,-0.00537872314453125,0.0139236450195312,0.0250244140625,4.99984741210938
30.7886299718763,-0,-0,-0,-0,-0,-0,-4.60887622833252,-98.0565567016602,-835.340637207031,174763.59375,-66081.6328125,8085.08154296875,-0.0048828125,-0.00732421875,-0.00091552734375,0.0037384033203125,-0.00171661376953125,0.011444091796875,-0.008544921875,4.99984741210938
30.7896263559663,-0,-0,-0,-0,-0,-0,-4.16350507736206,-95.7314147949219,-830.309143066406,174515.984375,-66248.703125,8067.0234375,-0.00762939453125,-0.0030517578125,-0.00762939453125,0.0123214721679688,0.0026702880859375,-0.00614166259765625,0.00091552734375,4.99984741210938
30.7906227400562,-0,-0,-0,-0,-0,-0,-4.07445478439331,-94.1973419189453,-826.731506347656,175132,-65888.296875,7513.08837890625,0.0042724609375,-0.00640869140625,-0.0018310546875,-0.0178146362304688,-0.00316619873046875,-0.0005340576171875,0.03143310546875,4.99984741210938
30.7916191241462,-0,-0,-0,-0,-0,-0,-2.69041681289673,-93.8735275268555,-822.870910644531,174233.8125,-65434.01171875,7877.05126953125,-0.00030517578125,-0.00274658203125,-0.025634765625,-0.0516128540039062,-0.0048828125,0.023956298828125,-0.01312255859375,4.99984741210938
30.7926155082362,-0,-0,-0,-0,-0,-0,-3.17143082618713,-92.4107971191406,-816.729858398438,174795.484375,-65564.6640625,7975.82373046875,-0.0048828125,0.00091552734375,-0.0091552734375,-0.00762939453125,-0.024566650390625,-0.0226211547851562,-0.0115966796875,4.99984741210938
30.7936118923262,-0,-0,-0,-0,-0,-0,-2.72114109992981,-89.884521484375,-815.999755859375,174404.109375,-65206.83203125,7675.9794921875,0.01617431640625,-0.0067138671875,-0.01220703125,0.0063323974609375,-0.01617431640625,-0.01678466796875,-0.0030517578125,4.99984741210938
30.7946082764162,-0,-0,-0,-0,-0,-0,-2.07550144195557,-89.1140747070312,-813.339477539062,174926.890625,-65009.53125,7660.70263671875,0.0042724609375,-0.01220703125,-0.01190185546875,0.0048065185546875,-0.0157928466796875,-0.000762939453125,0.023193359375,4.99984741210938
30.7956046605062,-0,-0,-0,-0,-0,-0,-1.17038357257843,-89.3117446899414,-807.648071289062,174850.09375,-64837.65234375,7914.0673828125,0.00762939453125,-0.003662109375,-0.01068115234375,0.0167465209960938,-0.0332260131835938,-0.0119400024414062,0.02960205078125,4.99984741210938
30.7966010445962,-0,-0,-0,-0,-0,-0,-0.592952370643616,-87.2938537597656,-803.437133789062,174340.453125,-64780.6015625,7733.43505859375,0.0115966796875,0.00885009765625,-0.01373291015625,-0.0271987915039062,-0.00888824462890625,0.00576019287109375,-0.0152587890625,4.99984741210938
30.7975974286862,-0,-0,-0,-0,-0,-0,-0.016882112249732,-85.3359527587891,-801.517883300781,174745.109375,-64636.46484375,7466.35546875,0.0042724609375,-0.01129150390625,0.010986328125,-0.0144577026367188,0.0134658813476562,-0.0101089477539062,-0.03448486328125,4.99984741210938
30.7985938127762,-0,-0,-0,-0,-0,-0,-0.319941490888596,-84.5320434570312,-795.827819824219,174463.0625,-64664.3046875,8090.9189453125,-0.00091552734375,-0.0018310546875,-0.00244140625,0.023345947265625,-0.0058746337890625,-0.0042724609375,0.01190185546875,4.99984741210938
30.7995901968662,-0,-0,-0,-0,-0,-0,0.534221112728119,-83.5501556396484,-789.957214355469,173803.171875,-64287.2578125,7540.21484375,-0.0103759765625,0.001220703125,0.018310546875,0.00812530517578125,-0.0020599365234375,0.0195693969726562,0.0030517578125,4.99984741210938
30.8005865809562,-0,-0,-0,-0,-0,-0,1.44604206085205,-81.838005065918,-788.129577636719,172604.390625,-64118.6015625,7296.517578125,0.00762939453125,0.00213623046875,0.00518798828125,0.014190673828125,0.00823974609375,0.03082275390625,0.01312255859375,4.99984741210938
30.8015829650462,-0,-0,-0,-0,-0,-0,1.34823191165924,-80.3067626953125,-781.521179199219,171332.734375,-63881.30859375,7577.76220703125,0.009765625,0.01190185546875,0.03692626953125,-0.00301361083984375,-0.002899169921875,-0.00461578369140625,-0.0030517578125,4.99984741210938
30.8025793491362,-0,-0,-0,-0,-0,-0,2.03542113304138,-79.2890090942383,-777.953979492188,170439.34375,-64081.78515625,7679.32763671875,0.003662109375,-0.00396728515625,0.0244140625,0.0109100341796875,0.0146484375,0.0063323974609375,-0.010986328125,4.99984741210938
30.8035757332262,-0,-0,-0,-0,-0,-0,2.62054896354675,-78.441032409668,-776.390563964844,169817.65625,-63696.21875,7582.5595703125,0.0164794921875,-0.00213623046875,0.01678466796875,0.0139617919921875,0.0293350219726562,0.0227737426757812,-0.00213623046875,4.99984741210938
30.8045721173162,-0,-0,-0,-0,-0,-0,3.13394403457642,-76.7065963745117,-769.882507324219,168892.5625,-63682.74609375,7897.513671875,0.0030517578125,-0.0067138671875,0.03692626953125,0.00972747802734375,-0.007476806640625,0.06744384765625,0.0469970703125,4.99984741210938
30.8055685014062,-0,-0,-0,-0,-0,-0,3.90412330627441,-75.0046844482422,-768.963500976562,167690.328125,-63307.87890625,8093.74951171875,0.003662109375,-0.009765625,0.0213623046875,-0.0150299072265625,0.00034332275390625,0.0106048583984375,0.0146484375,4.99984741210938
30.8065648854962,-0,-0,-0,-0,-0,-0,4.56766891479492,-74.6371459960938,-763.924194335938,167096.75,-63248.30859375,7473.224609375,-0.001220703125,0.01129150390625,0.00762939453125,0.0141143798828125,0.007171630859375,0.0144577026367188,0.02655029296875,4.99984741210938
30.8075612695862,-0,-0,-0,-0,-0,-0,4.90156936645508,-73.4968032836914,-759.708068847656,165704.40625,-63182.45703125,7427.91552734375,0.00640869140625,0.00579833984375,-0.0018310546875,0.0098419189453125,0.00087738037109375,0.0058746337890625,0.01708984375,4.99984741210938
30.8085576536762,-0,-0,-0,-0,-0,-0,5.72754001617432,-71.8360443115234,-756.219299316406,164547.03125,-62790.3671875,7693.70166015625,0.01129150390625,-0.00244140625,0.00244140625,0.0170516967773438,0.010223388671875,-0.020751953125,-0.02197265625,4.99984741210938
30.8095540377662,-0,-0,-0,-0,-0,-0,5.54681539535522,-71.1487350463867,-753.831970214844,164081.21875,-62619.5625,7606.40869140625,-0.00335693359375,-0.00030517578125,-0.00823974609375,-0.0116348266601562,-0.0196456909179688,0.0191879272460938,-0.006103515625,4.99984741210938
30.8105504218562,-0,-0,-0,-0,-0,-0,6.25922727584839,-70.2009353637695,-748.148742675781,162918.359375,-62518.734375,7427.365234375,-0.015869140625,-0.00640869140625,-0.03173828125,-0.0046539306640625,-0.01678466796875,0.00782012939453125,0.0048828125,4.99984741210938
30.8115468059462,-0,-0,-0,-0,-0,-0,5.92333889007568,-68.6116180419922,-743.749084472656,161952.625,-62530.625,7514.58349609375,0.0201416015625,-0.00244140625,-0.01434326171875,-0.00072479248046875,-0.0251007080078125,0,-0.0189208984375,4.99984741210938
30.8125431900362,-0,-0,-0,-0,-0,-0,7.46174764633179,-67.6165466308594,-743.19677734375,160964.578125,-62154.71484375,7818.9384765625,-0.00396728515625,-0.0079345703125,-0.0213623046875,-0.02105712890625,-0.0195693969726562,-0.0205612182617188,-0.00335693359375,4.99984741210938
30.8135395741262,-0,-0,-0,-0,-0,-0,7.15736484527588,-64.682243347168,-737.518127441406,160199.4375,-62038.6640625,7362.4716796875,-0.0311279296875,0.00244140625,-0.00885009765625,0.000762939453125,-0.0183486938476562,-0.01434326171875,-0.01800537109375,4.99984741210938
30.8145359582162,-0,-0,-0,-0,-0,-0,8.05154800415039,-64.9056549072266,-733.484802246094,159435.953125,-62099.62890625,7493.375,-0.00244140625,-0.00701904296875,0.003662109375,0.0103759765625,-0.0229263305664062,-0.003662109375,0.00946044921875,4.99984741210938
30.8155323423061,-0,-0,-0,-0,-0,-0,7.52535533905029,-63.6109199523926,-729.2587890625,158262,-61844.62109375,7769.00146484375,-0.00701904296875,0.0067138671875,-0.05035400390625,-0.010986328125,-0.00446319580078125,-0.028533935546875,-0.05218505859375,4.99984741210938
30.8165287263961,-0,-0,-0,-0,-0,-0,8.76955127716064,-61.9088325500488,-725.870971679688,157413.984375,-61520.42578125,7198.62939453125,0.00244140625,-0.00640869140625,0.00244140625,-0.0125885009765625,0.00274658203125,0.0054168701171875,0.0152587890625,4.99984741210938
30.8175251104861,-0,-0,-0,-0,-0,-0,8.99170303344727,-61.0743637084961,-721.100952148438,156566.890625,-61393.4296875,7191.71044921875,-0.0018310546875,-0.006103515625,0.0054931640625,0.002288818359375,-0.0040435791015625,-0.01220703125,-0.003662109375,4.99984741210938
30.8185214945761,-0,-0,-0,-0,-0,-0,9.94782543182373,-59.9607734680176,-720.191345214844,155320.546875,-61456.7578125,7446.984375,-0.0018310546875,-0.009765625,-0.00244140625,0.0037384033203125,-0.00499725341796875,0.00244140625,0.0152587890625,4.99984741210938
30.8195178786661,-0,-0,-0,-0,-0,-0,10.3369464874268,-59.0347290039062,-714.320129394531,154528.859375,-61252.25390625,7326.50341796875,0.0067138671875,0.00091552734375,-0.00579833984375,0.0028228759765625,0.009613037109375,0.0196075439453125,0.04058837890625,4.99984741210938
30.8205142627561,-0,-0,-0,-0,-0,-0,9.99264621734619,-56.7590713500977,-712.211059570312,153651.703125,-60903.0078125,6879.61328125,0.00274658203125,0.0067138671875,0.01708984375,0.01373291015625,0.0130081176757812,0.00148773193359375,-0.008544921875,4.99984741210938
30.8215106468461,-0,-0,-0,-0,-0,-0,10.6874713897705,-55.7119331359863,-707.541137695312,153073.34375,-61094.81640625,7222.8798828125,0.0213623046875,-0.00091552734375,-0.006103515625,0.005950927734375,0.0118255615234375,0.0417327880859375,0.00457763671875,4.99984741210938
30.8225070309361,-0,-0,-0,-0,-0,-0,11.7552242279053,-56.1677207946777,-705.967407226562,152164.625,-60475.6796875,7368.943359375,0.0128173828125,0.01068115234375,0.01708984375,0.0335311889648438,0.0220108032226562,0.0351715087890625,-0.02166748046875,4.99984741210938
30.8235034150261,-0,-0,-0,-0,-0,-0,11.9808740615845,-54.9005584716797,-701.022521972656,151570.859375,-60538.02734375,7035.16796875,0.00640869140625,-0.0042724609375,0.01068115234375,-0.00347137451171875,-0.00354766845703125,0.0240707397460938,-0.01373291015625,4.99984741210938
30.8244997991161,-0,-0,-0,-0,-0,-0,11.2899599075317,-52.8338813781738,-697.630859375,150081.375,-60525.34765625,7261.89599609375,0.00244140625,0.00091552734375,0.01312255859375,-0.00919342041015625,0.0125885009765625,0.00873565673828125,-0.0054931640625,4.99984741210938
30.8254961832061,-0,-0,-0,-0,-0,-0,13.2485704421997,-52.0393524169922,-691.492614746094,149905.78125,-60423.53515625,7164.7529296875,0.0006103515625,-0.00213623046875,0.0299072265625,0.0163650512695312,0.0006866455078125,0.0453567504882812,0.01220703125,4.99984741210938
30.8264925672961,-0,-0,-0,-0,-0,-0,12.7326307296753,-51.2747993469238,-690.108825683594,148851.640625,-60072.66796875,7088.62548828125,-0.00335693359375,-0.0067138671875,0.0164794921875,0.0229644775390625,-0.001068115234375,0.0034332275390625,0.01373291015625,4.99984741210938
30.8274889513861,-0,-0,-0,-0,-0,-0,13.3899221420288,-50.1715660095215,-687.635681152344,147970.21875,-59902.78515625,6849.14990234375,-0.01220703125,-0.0140380859375,0.0006103515625,-0.0312042236328125,-0.0205612182617188,-0.0239181518554688,0.032958984375,4.99984741210938
30.8284853354761,-0,-0,-0,-0,-0,-0,14.0294036865234,-48.6574554443359,-684.611755371094,147031.90625,-59776.96875,7025.17529296875,-0.0164794921875,0.0006103515625,0.0079345703125,-0.008392333984375,0.0054168701171875,0.0343704223632812,0.025634765625,4.99984741210938
30.8294817195661,-0,-0,-0,-0,-0,-0,13.0673999786377,-47.5598335266113,-677.6396484375,145995.96875,-59727.671875,6786.6640625,-0.0018310546875,0.0048828125,-0.0079345703125,0.013885498046875,0.00125885009765625,0.00621795654296875,-0.01190185546875,4.99984741210938
30.8304781036561,-0,-0,-0,-0,-0,-0,13.7850770950317,-46.4473724365234,-678.374206542969,145516.390625,-59350.60546875,6303.65283203125,-0.0103759765625,0.00885009765625,-0.0152587890625,0.0109100341796875,-0.0254058837890625,0.0226974487304688,-0.01068115234375,4.99984741210938
30.8314744877461,-0,-0,-0,-0,-0,-0,14.1202001571655,-45.3938789367676,-674.703796386719,144371.84375,-59198.64453125,6588.92919921875,0.0103759765625,-0.0103759765625,-0.01800537109375,-0.0252914428710938,-0.0178146362304688,0.0279998779296875,-0.02105712890625,4.99984741210938
30.8324708718361,-0,-0,-0,-0,-0,-0,14.5093746185303,-44.7251815795898,-669.110595703125,143677.578125,-59165.94140625,6576.7763671875,-0.01434326171875,0.0018310546875,-0.01434326171875,0.0108718872070312,-0.015869140625,0.015411376953125,-0.01129150390625,4.99984741210938
30.8334672559261,-0,-0,-0,-0,-0,-0,15.1905012130737,-43.5815887451172,-667.459228515625,143318.703125,-58814.8125,6261.9541015625,0.00091552734375,0.0030517578125,-0.015869140625,0.0098419189453125,0.006561279296875,-0.0164031982421875,-0.00152587890625,4.99984741210938
30.8344636400161,-0,-0,-0,-0,-0,-0,15.503830909729,-42.8328323364258,-663.979064941406,142326.09375,-59015.25,6694.869140625,-0.01251220703125,0.00579833984375,-0.02197265625,-0.0090789794921875,0.00217437744140625,-0.00507354736328125,0.0250244140625,4.99984741210938
30.8354600241061,-0,-0,-0,-0,-0,-0,14.9511585235596,-40.8945503234863,-661.129577636719,141327.6875,-58588.48828125,6604.27880859375,-0.00701904296875,-0.0103759765625,-0.0042724609375,-0.0006103515625,-0.013427734375,-0.029754638671875,0.01312255859375,4.99984741210938
30.8364564081961,-0,-0,-0,-0,-0,-0,15.2437419891357,-39.7699775695801,-656.182739257812,140570.921875,-58547.4296875,6132.51123046875,0.00244140625,0.001220703125,-0.0274658203125,-0.00522613525390625,-0.006103515625,-0.0204086303710938,0.00732421875,4.99984741210938
30.8374527922861,-0,-0,-0,-0,-0,-0,15.6242513656616,-39.3381156921387,-652.517150878906,139700.890625,-58583.38671875,6110.45166015625,-0.01007080078125,-0.01739501953125,0.00213623046875,-0.00579833984375,-0.0006103515625,-0.00255584716796875,-0.00457763671875,4.99984741210938
30.8384491763761,-0,-0,-0,-0,-0,-0,15.8125267028809,-38.0577545166016,-651.041809082031,138795.84375,-58104.20703125,6207.22265625,-0.008544921875,-0.0103759765625,-0.00396728515625,-0.0115203857421875,-0.00034332275390625,0.0444412231445312,0.0042724609375,4.99984741210938
30.8394455604661,-0,-0,-0,-0,-0,-0,16.403392791748,-37.2121429443359,-648.933288574219,138512.234375,-57942.15234375,6159.06494140625,-0.010986328125,0.01007080078125,0.01190185546875,0.00255584716796875,0.01434326171875,-0.008544921875,-0.03875732421875,4.99984741210938
30.840441944556,-0,-0,-0,-0,-0,-0,16.0620136260986,-35.939769744873,-645.913330078125,137732.65625,-58065.02734375,5968.6767578125,0.00885009765625,0.00823974609375,0.015869140625,0,0.0046539306640625,-0.0394058227539062,0.03082275390625,4.99984741210938
30.841438328646,-0,-0,-0,-0,-0,-0,16.2300052642822,-35.0853652954102,-643.524230957031,137025.421875,-57765.69921875,5961.1494140625,0.01007080078125,0.009765625,0.00823974609375,0.0041961669921875,7.62939453125e-05,0.00820159912109375,-0.01495361328125,4.99984741210938
30.842434712736,-0,-0,-0,-0,-0,-0,16.3757514953613,-34.768627166748,-640.403991699219,136296.765625,-57672.28515625,5998.052734375,-0.008544921875,0.00030517578125,0.0054931640625,0.0111770629882812,0.0226593017578125,0.0232696533203125,0.00885009765625,4.99984741210938
30.843431096826,-0,-0,-0,-0,-0,-0,15.3406295776367,-33.2629623413086,-635.72900390625,135740.3125,-57657.28515625,5545.5498046875,0.009765625,0.01495361328125,-0.001220703125,0.0123214721679688,0.00873565673828125,0.00698089599609375,-0.0152587890625,4.99984741210938
30.844427480916,-0,-0,-0,-0,-0,-0,15.865140914917,-31.6996421813965,-631.695190429688,134629.296875,-57497.19921875,5657.8984375,0.0152587890625,-0.00213623046875,0.02593994140625,0.008392333984375,0.002593994140625,-0.0200271606445312,-0.02532958984375,4.99984741210938
30.845423865006,-0,-0,-0,-0,-0,-0,16.1594219207764,-31.5945091247559,-632.143127441406,133787.5625,-57042.19140625,5778.70166015625,0.01220703125,0.00091552734375,0.00701904296875,0.00102996826171875,0.0276565551757812,-0.0290298461914062,0.03387451171875,4.99984741210938
30.846420249096,-0,-0,-0,-0,-0,-0,16.2415046691895,-30.6803245544434,-628.291381835938,133508.984375,-56871.33984375,5449.0556640625,-0.0042724609375,0.00274658203125,0.01251220703125,0.00713348388671875,-0.0139999389648438,0.0139617919921875,0.01220703125,4.99984741210938
30.847416633186,-0,-0,-0,-0,-0,-0,16.4054431915283,-29.386360168457,-626.465881347656,132247.390625,-56968.87890625,5224.99951171875,-0.00396728515625,-0.00335693359375,0.00518798828125,0.01708984375,0.00095367431640625,-0.0415420532226562,0.0030517578125,4.99984741210938
30.848413017276,-0,-0,-0,-0,-0,-0,16.8728504180908,-27.805721282959,-621.059692382812,132064.078125,-56971.5,5345.25537109375,0.0213623046875,0.00274658203125,0.01861572265625,0.0106430053710938,0.0096893310546875,-0.0146102905273438,-0.0006103515625,4.99984741210938
30.849409401366,-0,-0,-0,-0,-0,-0,16.836841583252,-28.3950538635254,-622.330749511719,131792.03125,-56454.27734375,5049.29833984375,-0.0323486328125,0.009765625,0.001220703125,-0.00640869140625,-0.00850677490234375,0.0226211547851562,-0.01953125,4.99984741210938
30.850405785456,-0,-0,-0,-0,-0,-0,16.0549926757812,-26.66623878479,-618.293029785156,130806.6171875,-56268.1953125,4958.68212890625,-0.01983642578125,0.00335693359375,-0.006103515625,0.0153350830078125,-0.00518798828125,0.00354766845703125,-0.00946044921875,4.99984741210938
30.851402169546,-0,-0,-0,-0,-0,-0,16.8325061798096,-26.1949424743652,-613.987548828125,129872.0078125,-56261.03125,4684.82177734375,0.0030517578125,0.0042724609375,-0.02227783203125,-0.0286102294921875,-0.0067901611328125,-0.0105667114257812,0.0006103515625,4.99984741210938
30.852398553636,-0,-0,-0,-0,-0,-0,16.4004592895508,-25.0354919433594,-611.514831542969,129526.21875,-56366.359375,4785.0029296875,-0.0091552734375,-0.0018310546875,-0.0201416015625,-0.001678466796875,-0.0186920166015625,0.0278472900390625,-0.02899169921875,4.99984741210938
30.853394937726,-0,-0,-0,-0,-0,-0,16.0946178436279,-24.1692810058594,-611.327880859375,129060.65625,-56066.46484375,4460.16552734375,0.00213623046875,-0.00213623046875,-0.0054931640625,0.00774383544921875,-0.021514892578125,0.0384521484375,-0.029296875,4.99984741210938
30.854391321816,-0,-0,-0,-0,-0,-0,16.2488288879395,-23.3549919128418,-607.108276367188,128506.015625,-56016.79296875,4699.59423828125,0.00335693359375,-0.0054931640625,-0.00579833984375,0.00347137451171875,-0.0208663940429688,-0.012969970703125,0.00518798828125,4.99984741210938
30.855387705906,-0,-0,-0,-0,-0,-0,16.3425807952881,-22.4374179840088,-605.917907714844,127744.859375,-55915.3828125,4533.67431640625,0.00518798828125,0.0054931640625,-0.0164794921875,-0.00011444091796875,-0.0110626220703125,-0.02960205078125,0.0335693359375,4.99984741210938
30.856384089996,-0,-0,-0,-0,-0,-0,15.7844295501709,-21.9203815460205,-604.629150390625,127487.875,-55683.70703125,4247.982421875,0.010986328125,-0.00396728515625,-0.00579833984375,0.00469207763671875,-0.0193023681640625,0.017547607421875,0.0042724609375,4.99984741210938
30.857380474086,-0,-0,-0,-0,-0,-0,15.6303110122681,-20.5771636962891,-601.607727050781,126750.8828125,-55720.60546875,4107.0078125,0.00823974609375,-0.0006103515625,0.00823974609375,0.005645751953125,0.00438690185546875,-0.0402069091796875,0.0238037109375,4.99984741210938
30.858376858176,-0,-0,-0,-0,-0,-0,16.9544372558594,-20.1339225769043,-601.695739746094,126092.5859375,-55274.34765625,4010.04565429688,-0.0164794921875,0.00885009765625,-0.00579833984375,-0.023193359375,-0.00530242919921875,0.01068115234375,-0.00518798828125,4.99984741210938
30.859373242266,-0,-0,-0,-0,-0,-0,16.0850982666016,-18.668062210083,-596.746459960938,125501.265625,-55354.26171875,3849.2568359375,0.0018310546875,0.00396728515625,0.00457763671875,-0.0266265869140625,0.00125885009765625,0.012054443359375,-0.00030517578125,4.99984741210938
30.860369626356,-0,-0,-0,-0,-0,-0,15.6931371688843,-18.1687927246094,-594.175842285156,124949.8359375,-55226.23828125,3668.1962890625,-0.00030517578125,0.00457763671875,0.02593994140625,0.01251220703125,0.0183486938476562,-0.0109100341796875,-0.01312255859375,4.99984741210938
30.861366010446,-0,-0,-0,-0,-0,-0,15.7867937088013,-17.0576705932617,-594.911376953125,124532.9140625,-55194.0390625,3965.828125,-0.0067138671875,0.00762939453125,0.0103759765625,0.0220489501953125,0.0081634521484375,-0.0501251220703125,0.0201416015625,4.99984741210938
30.862362394536,-0,-0,-0,-0,-0,-0,15.5843324661255,-16.5394496917725,-590.687927246094,123907.625,-54902.34765625,3493.67919921875,0.0042724609375,-0.00335693359375,0.01953125,-0.0048828125,0.0212478637695312,-0.0130844116210938,0.023193359375,4.99984741210938
30.863358778626,-0,-0,-0,-0,-0,-0,15.3047504425049,-15.3676910400391,-590.231994628906,123376.65625,-54818.16796875,3238.15063476562,0.008544921875,0.0146484375,0.0152587890625,0.00522613525390625,0.0144195556640625,0.02838134765625,0.00396728515625,4.99984741210938
30.864355162716,-0,-0,-0,-0,-0,-0,14.940824508667,-15.0517721176147,-586.5615234375,122901.4921875,-54793.26171875,3195.41772460938,0.0018310546875,-0.00091552734375,0.00396728515625,0.010223388671875,0.0092315673828125,-0.023956298828125,-0.010986328125,4.99984741210938
30.8653515468059,-0,-0,-0,-0,-0,-0,14.2854881286621,-14.2937126159668,-585.726684570312,122273.1953125,-54372.97265625,2994.6884765625,0.00244140625,-0.00946044921875,0.0250244140625,0.00240325927734375,-0.0117874145507812,0.0274658203125,-0.02349853515625,4.99984741210938
30.8663479308959,-0,-0,-0,-0,-0,-0,14.9070348739624,-13.1301746368408,-582.52734375,122297.6484375,-54494.890625,2698.71899414062,0.0091552734375,0.00244140625,0,0.0164794921875,0.0162506103515625,0.0083160400390625,-0.01708984375,4.99984741210938
30.8673443149859,-0,-0,-0,-0,-0,-0,14.1644353866577,-12.4383506774902,-580.328247070312,121517.703125,-54608.41796875,2651.439453125,0.013427734375,-0.0079345703125,-0.00213623046875,0.0096893310546875,0.01129150390625,0.004119873046875,-0.02349853515625,4.99984741210938
30.8683406990759,-0,-0,-0,-0,-0,-0,14.2998685836792,-10.9046983718872,-581.058654785156,120578.59375,-54250.0625,2737.98461914062,0.001220703125,-0.009765625,-0.00640869140625,0.0145721435546875,0.0142669677734375,0.0045013427734375,-0.00244140625,4.99984741210938
30.8693370831659,-0,-0,-0,-0,-0,-0,14.047173500061,-10.7579679489136,-578.669006347656,120200.640625,-54061.17578125,2591.08764648438,-0.00152587890625,0.00335693359375,-0.03021240234375,0.0193405151367188,0.01007080078125,-0.0142288208007812,0.00152587890625,4.99984741210938
30.8703334672559,-0,-0,-0,-0,-0,-0,12.3983745574951,-9.42740440368652,-577.297180175781,120276.671875,-54148.3203125,2022.76879882812,-0.0213623046875,-0.003662109375,-0.01678466796875,-0.0202560424804688,-0.0096893310546875,-0.0164794921875,-0.00091552734375,4.99984741210938
30.8713298513459,-0,-0,-0,-0,-0,-0,13.2665691375732,-10.0752906799316,-572.799621582031,119460.1875,-54002.01171875,1941.37133789062,-0.00091552734375,-0.0042724609375,-0.01800537109375,-0.0086212158203125,-0.00354766845703125,-0.0067901611328125,0.020751953125,4.99984741210938
30.8723262354359,-0,-0,-0,-0,-0,-0,12.3317470550537,-9.22524070739746,-572.430297851562,118887.203125,-53883.0234375,1750.12939453125,-0.006103515625,-0.01007080078125,-0.0164794921875,-0.0261306762695312,-0.0157928466796875,-0.0334930419921875,0.0146484375,4.99984741210938
30.8733226195259,-0,-0,-0,-0,-0,-0,12.516676902771,-7.67823362350464,-573.713073730469,118580.4375,-53558.34765625,1716.48828125,-0.00640869140625,0.0006103515625,-0.0189208984375,-0.002288818359375,-0.013580322265625,-0.0315093994140625,-0.00885009765625,4.99984741210938
30.8743190036159,-0,-0,-0,-0,-0,-0,12.2978000640869,-7.29310655593872,-568.674560546875,118008.375,-53809.04296875,1634.49450683594,-0.0103759765625,0.0054931640625,-0.00762939453125,-0.0231170654296875,-0.0009918212890625,-0.0110244750976562,0.0103759765625,4.99984741210938
30.8753153877059,-0,-0,-0,-0,-0,-0,12.2196025848389,-6.21543598175049,-570.596069335938,117528.34375,-53423.515625,1482.45104980469,-0.0018310546875,-0.0030517578125,-0.01129150390625,-0.0118637084960938,0.0128555297851562,-0.0644683837890625,0.00152587890625,4.99984741210938
30.8763117717959,-0,-0,-0,-0,-0,-0,11.8411664962769,-5.25572443008423,-565.470947265625,117275.2109375,-53734.5859375,1073.54089355469,-0.0006103515625,0.0006103515625,-0.02777099609375,0.0014495849609375,0.00217437744140625,-0.0178909301757812,0.008544921875,4.99984741210938
30.8773081558859,-0,-0,-0,-0,-0,-0,10.7873058319092,-4.9137225151062,-565.919006347656,116895.96875,-53460.015625,1183.27380371094,0.009765625,-0.00885009765625,-0.03509521484375,0.00179290771484375,-0.0099945068359375,-0.0206756591796875,0.01800537109375,4.99984741210938
30.8783045399759,-0,-0,-0,-0,-0,-0,11.5294771194458,-4.82790994644165,-565.6455078125,116448.8359375,-53314.0546875,868.106201171875,-0.0042724609375,-0.0018310546875,-0.0152587890625,-0.00701904296875,-0.00476837158203125,-0.002899169921875,-0.00244140625,4.99984741210938
30.8793009240659,-0,-0,-0,-0,-0,-0,10.5354375839233,-3.87815546989441,-562.433776855469,115899.78125,-53272.72265625,736.574279785156,-0.0054931640625,0.010986328125,0.0244140625,-0.0030517578125,-0.0096893310546875,-0.0168609619140625,0.0048828125,4.99984741210938
30.8802973081559,-0,-0,-0,-0,-0,-0,10.2991743087769,-3.17466592788696,-562.340087890625,115400.7734375,-53067.3984375,495.746002197266,0.0152587890625,0.01556396484375,0.01373291015625,0.0180435180664062,0.015869140625,0.0453948974609375,-0.0164794921875,4.99984741210938
30.8812936922459,-0,-0,-0,-0,-0,-0,10.7473697662354,-3.1184401512146,-559.404907226562,114736.4140625,-53025.2109375,542.296752929688,0.00244140625,0.01007080078125,0.0140380859375,-0.0194931030273438,0.0202560424804688,0.0272750854492188,0.03509521484375,4.99984741210938
30.8822900763359,-0,-0,-0,-0,-0,-0,9.56047248840332,-2.67299365997314,-558.942932128906,114916.6484375,-52956.47265625,299.816162109375,0.01068115234375,-0.0048828125,0.02105712890625,-0.0117111206054688,0.0204849243164062,0.00507354736328125,0.00091552734375,4.99984741210938
30.8832864604259,-0,-0,-0,-0,-0,-0,9.40043354034424,-1.34161508083344,-557.756591796875,114419.671875,-52932.63671875,-103.970481872559,-0.00274658203125,0.0146484375,0.01556396484375,0.00072479248046875,0.0166702270507812,0.0241470336914062,-0.00823974609375,4.99984741210938
30.8842828445159,-0,-0,-0,-0,-0,-0,8.74092674255371,-1.66225004196167,-556.825866699219,113835.140625,-52493.55078125,-344.498901367188,0.0146484375,0.00946044921875,0.00396728515625,0.0196075439453125,0.0060272216796875,0.00019073486328125,-0.0115966796875,4.99984741210938
30.8852792286059,-0,-0,-0,-0,-0,-0,8.75491333007812,0.00818668492138386,-554.916931152344,113509.1328125,-53004.1875,-145.758590698242,0.00518798828125,0.0103759765625,0.013427734375,-0.00949859619140625,0.0168609619140625,0.0125885009765625,0.02105712890625,4.99984741210938
30.8862756126959,-0,-0,-0,-0,-0,-0,8.37373542785645,0.0610813684761524,-554.165832519531,112793.0625,-52290.28125,-479.68505859375,0,-0.00030517578125,0.00244140625,-0.0016021728515625,0.019683837890625,0.0274276733398438,-0.010986328125,4.99984741210938
30.8872719967859,-0,-0,-0,-0,-0,-0,7.11991024017334,-0.0547015033662319,-552.335327148438,112865.921875,-52616.828125,-702.275939941406,0.0079345703125,0.00335693359375,-0.00732421875,-0.00457763671875,0.0040435791015625,0.005645751953125,0.003662109375,4.99984741210938
30.8882683808759,-0,-0,-0,-0,-0,-0,7.15869855880737,1.02434027194977,-553.627197265625,111896.015625,-52713.7890625,-823.755981445312,-0.0079345703125,0.00579833984375,-0.0048828125,0.00453948974609375,-0.00370025634765625,-0.0116348266601562,0.0299072265625,4.99984741210938
30.8892647649659,-0,-0,-0,-0,-0,-0,6.82230854034424,1.35753798484802,-549.581481933594,112064.515625,-52318.06640625,-1020.88043212891,-0.0006103515625,-0.00091552734375,0.00335693359375,-0.00728607177734375,-0.0119781494140625,0.0111770629882812,-0.003662109375,4.99984741210938
30.8902611490558,-0,-0,-0,-0,-0,-0,6.71133327484131,2.38913226127625,-548.579284667969,111815.9453125,-52440.12109375,-1113.9794921875,-0.018310546875,0.00274658203125,-0.01922607421875,-0.0183486938476562,-0.00457763671875,0.00690460205078125,-0.02349853515625,4.99984741210938
30.8912575331458,-0,-0,-0,-0,-0,-0,6.44506216049194,2.51152896881104,-549.11962890625,111119.5234375,-52019.06640625,-1280.27465820312,-0.01220703125,-0.0042724609375,-0.00640869140625,0.0159072875976562,0.0089263916015625,-0.00766754150390625,0.02349853515625,4.99984741210938
30.8922539172358,-0,-0,-0,-0,-0,-0,5.77889442443848,3.40659618377686,-546.83251953125,110971.921875,-52226.890625,-1373.48913574219,-0.00762939453125,-0.00274658203125,-0.00946044921875,-0.0284576416015625,-0.0061798095703125,-0.0230789184570312,-0.0384521484375,4.99984741210938
30.8932503013258,-0,-0,-0,-0,-0,-0,5.91129732131958,3.54108262062073,-548.30615234375,110612.109375,-52364.98828125,-1541.05725097656,0.0048828125,-0.00213623046875,-0.0079345703125,-0.0105667114257812,-0.0305557250976562,-0.0191879272460938,0.0091552734375,4.99984741210938
30.8942466854158,-0,-0,-0,-0,-0,-0,5.16142988204956,3.92196297645569,-548.201538085938,110353.65625,-51874.98046875,-1713.11083984375,0.01068115234375,-0.001220703125,-0.0341796875,0.030364990234375,-0.0113296508789062,-0.0391006469726562,0.0335693359375,4.99984741210938
30.8952430695058,-0,-0,-0,-0,-0,-0,4.54841995239258,5.36263465881348,-545.092529296875,110161.6328125,-52212.8984375,-1573.74133300781,-0.0054931640625,0.008544921875,-0.01495361328125,0.0074005126953125,-0.00766754150390625,-0.0032806396484375,-0.015869140625,4.99984741210938
30.8962394535958,-0,-0,-0,-0,-0,-0,4.9383659362793,5.12425899505615,-544.910339355469,109573.6484375,-52161.3359375,-1839.30407714844,-0.00701904296875,0.00579833984375,-0.0067138671875,0.0061798095703125,-0.0280380249023438,-0.0201797485351562,0.01312255859375,4.99984741210938
30.8972358376858,-0,-0,-0,-0,-0,-0,4.77828550338745,5.29200553894043,-543.531494140625,109423.015625,-52041.17578125,-1902.88928222656,0.01007080078125,0.00518798828125,-0.0238037109375,0.0074005126953125,-0.0043487548828125,-0.00324249267578125,-0.0103759765625,4.99984741210938
30.8982322217758,-0,-0,-0,-0,-0,-0,4.32722330093384,6.08089590072632,-545.463989257812,109044.078125,-52136.91796875,-2243.392578125,0.0091552734375,0.008544921875,0.015869140625,0.00034332275390625,0.009307861328125,0.0371932983398438,-0.00457763671875,4.99984741210938
30.8992286058658,-0,-0,-0,-0,-0,-0,4.00869655609131,6.84241628646851,-542.893920898438,108610.8671875,-52043.75390625,-2197.30883789062,0.01190185546875,-0.0030517578125,0.00091552734375,0.0107574462890625,0.0118637084960938,-0.0104904174804688,0.0006103515625,4.99984741210938
30.9002249899558,-0,-0,-0,-0,-0,-0,4.12051677703857,6.44250202178955,-542.344360351562,108121.96875,-52060.73046875,-2408.74194335938,0.01373291015625,0.00091552734375,0.01800537109375,-0.0107955932617188,0.0176620483398438,0.003662109375,-0.02655029296875,4.99984741210938
30.9012213740458,-0,-0,-0,-0,-0,-0,3.98244333267212,7.13015747070312,-541.613342285156,107610.359375,-52122.5078125,-2318.40673828125,0.00762939453125,-0.00244140625,0.0177001953125,-0.030670166015625,-0.0040435791015625,0.000457763671875,0.04852294921875,4.99984741210938
30.9022177581358,-0,-0,-0,-0,-0,-0,2.47188210487366,8.02944374084473,-540.688659667969,107703.734375,-51925.515625,-2407.22143554688,-0.001220703125,-0.0006103515625,0.01708984375,0.00827789306640625,0.0152206420898438,0.015106201171875,0.01922607421875,4.99984741210938
30.9032141422258,-0,-0,-0,-0,-0,-0,3.35139179229736,8.13225650787354,-541.247863769531,107212.8203125,-52003.2890625,-2821.43774414062,0.01190185546875,0.00244140625,0.01373291015625,-0.00011444091796875,0.0022125244140625,-0.0267791748046875,-0.003662109375,4.99984741210938
30.9042105263158,-0,-0,-0,-0,-0,-0,2.92361545562744,8.49555110931396,-541.240844726562,106233.421875,-51729.28125,-2858.53588867188,0.00213623046875,0.00030517578125,0.01220703125,-0.000762939453125,-0.002593994140625,0.0241851806640625,-0.0140380859375,4.99984741210938
30.9052069104058,-0,-0,-0,-0,-0,-0,2.34425973892212,9.20133972167969,-541.333923339844,106355.0703125,-51781.75,-2819.21899414062,0.0030517578125,0.00701904296875,0.01800537109375,0.0030517578125,0.0040435791015625,0.0194168090820312,0.01953125,4.99984741210938
30.9062032944958,-0,-0,-0,-0,-0,-0,1.9571328163147,9.7875394821167,-539.137145996094,106359.359375,-51920.11328125,-2977.05151367188,0.013427734375,0.01007080078125,0.0262451171875,-0.0233078002929688,-0.003662109375,0.0285720825195312,0.001220703125,4.99984741210938
30.9071996785858,-0,-0,-0,-0,-0,-0,1.90886747837067,9.89045429229736,-539.140441894531,105867.8203125,-52101.67578125,-2748.64916992188,-0.00274658203125,0.001220703125,0.0177001953125,0.0067901611328125,0.00080108642578125,0.0215530395507812,0.02227783203125,4.99984741210938
30.9081960626758,-0,-0,-0,-0,-0,-0,1.63124597072601,9.79170417785645,-537.121154785156,105720.578125,-52006.63671875,-3187.89038085938,0.00518798828125,0.00762939453125,0.0335693359375,-0.006103515625,-0.00942230224609375,0.0188064575195312,0.00762939453125,4.99984741210938
30.9091924467658,-0,-0,-0,-0,-0,-0,1.78300893306732,9.95434379577637,-539.694213867188,105195.046875,-52127.84765625,-3167.40893554688,0.0152587890625,-0.009765625,-0.00885009765625,-0.00026702880859375,0.0011444091796875,0.0225448608398438,0.0006103515625,4.99984741210938
30.9101888308558,-0,-0,-0,-0,-0,-0,1.43534874916077,11.004114151001,-540.062683105469,105284.4765625,-52034.30078125,-3380.0107421875,-0.00640869140625,0.01373291015625,-0.01800537109375,-0.0117111206054688,0.0040435791015625,-0.0371551513671875,0.00579833984375,4.99984741210938
30.9111852149458,-0,-0,-0,-0,-0,-0,1.66268491744995,10.3087596893311,-540.058898925781,104813.9453125,-51990.9453125,-3215.89184570312,-0.0225830078125,-0.02105712890625,-0.02044677734375,0.0120925903320312,0.00598907470703125,0.0043487548828125,-0.00579833984375,4.99984741210938
30.9121815990358,-0,-0,-0,-0,-0,-0,1.13483893871307,10.478099822998,-537.589233398438,104643.8828125,-52335.5546875,-3240.02514648438,-0.0030517578125,0,-0.01495361328125,-0.01800537109375,-0.01678466796875,-0.0138092041015625,0.018310546875,4.99984741210938
30.9131779831258,-0,-0,-0,-0,-0,-0,1.19947290420532,10.2088193893433,-538.41650390625,104688.8828125,-52334.82421875,-3581.39819335938,0.0048828125,0.00091552734375,-0.00518798828125,-0.00713348388671875,-0.020599365234375,-0.0195693969726562,-0.0152587890625,4.99984741210938
30.9141743672158,-0,-0,-0,-0,-0,-0,1.1929783821106,11.0105056762695,-540.067626953125,104142.0703125,-52233.265625,-3486.31225585938,-0.01922607421875,0.00396728515625,-0.00396728515625,-0.0117874145507812,0.00049591064453125,-0.0139617919921875,0.001220703125,4.99984741210938
30.9151707513057,-0,-0,-0,-0,-0,-0,1.30548787117004,11.5489892959595,-541.358215332031,103781.140625,-52389.29296875,-3456.060546875,0.00396728515625,-0.00152587890625,-0.01678466796875,0.0098419189453125,0.00293731689453125,-0.0513076782226562,0.03387451171875,4.99984741210938
30.9161671353957,-0,-0,-0,-0,-0,-0,1.80369293689728,11.6195116043091,-540.08544921875,103877.796875,-52811.25390625,-3263.52026367188,-0.00579833984375,-0.00518798828125,-0.01800537109375,0.00347137451171875,-0.002288818359375,-0.0028228759765625,-0.00732421875,4.99984741210938
30.9171635194857,-0,-0,-0,-0,-0,-0,2.17323589324951,12.3671627044678,-540.44921875,103463.078125,-52468.265625,-3455.06225585938,0.00244140625,0.00457763671875,-0.02288818359375,-0.001068115234375,0.00377655029296875,-0.0187301635742188,0.0299072265625,4.99984741210938
30.9181599035757,-0,-0,-0,-0,-0,-0,1.29131031036377,12.5495767593384,-539.171325683594,103535.09375,-52743.4921875,-3806.17041015625,0.003662109375,0.00396728515625,0.01434326171875,0.0123977661132812,-0.00576019287109375,-0.0328445434570312,-0.01556396484375,4.99984741210938
30.9191562876657,-0,-0,-0,-0,-0,-0,2.21225500106812,13.0870399475098,-542.568298339844,103026.8515625,-52667.453125,-3617.56884765625,0.0128173828125,0.0030517578125,0.00946044921875,0.00690460205078125,-0.000152587890625,-0.0527191162109375,0.02166748046875,4.99984741210938
30.9201526717557,-0,-0,-0,-0,-0,-0,1.42190670967102,12.5974140167236,-540.921020507812,102912.109375,-52985.19140625,-3750.82202148438,0.0091552734375,0.00732421875,0.00244140625,-0.0115966796875,0.0095367431640625,0.017852783203125,-0.006103515625,4.99984741210938
30.9211490558457,-0,-0,-0,-0,-0,-0,1.11060416698456,12.501275062561,-542.106323242188,102760.765625,-52700.953125,-3963.08349609375,0.00457763671875,0.00885009765625,0.01922607421875,0.0134658813476562,0.0154876708984375,-0.0191116333007812,0.0152587890625,4.99984741210938
30.9221454399357,-0,-0,-0,-0,-0,-0,0.04387491568923,13.7415037155151,-541.377624511719,102778.015625,-52822.78125,-4249.62451171875,0.0128173828125,0.00274658203125,0.0018310546875,0.0139617919921875,0.00469207763671875,0.0268173217773438,-0.003662109375,4.99984741210938
30.9231418240257,-0,-0,-0,-0,-0,-0,0.0902112945914268,14.1481285095215,-541.199584960938,102221.171875,-53022.0078125,-4055.60278320312,0.010986328125,0.00823974609375,0.0323486328125,0.0055694580078125,0.00629425048828125,0.019989013671875,0.00396728515625,4.99984741210938
30.9241382081157,-0,-0,-0,-0,-0,-0,0.967613637447357,13.7218017578125,-542.211181640625,101738.3125,-53021.921875,-4114.03369140625,0.009765625,0.00457763671875,0.00244140625,0.0149917602539062,0.00484466552734375,0.0341033935546875,-0.0115966796875,4.99984741210938
30.9251345922057,-0,-0,-0,-0,-0,-0,-0.507148802280426,15.2438697814941,-544.691772460938,101525.2265625,-53109.8984375,-4346.169921875,0.01251220703125,0.01007080078125,0.01861572265625,-0.00789642333984375,0.012664794921875,-0.013275146484375,-0.03448486328125,4.99984741210938
30.9261309762957,-0,-0,-0,-0,-0,-0,-0.380635917186737,15.2496652603149,-542.584777832031,101656.1484375,-53264.890625,-4153.4150390625,-0.00091552734375,0.00518798828125,0.03021240234375,0.00621795654296875,0.00736236572265625,-0.0377273559570312,0.0146484375,4.99984741210938
30.9271273603857,-0,-0,-0,-0,-0,-0,-0.704949021339417,15.4578580856323,-541.666687011719,101659.5,-53196.11328125,-4395.423828125,0.0048828125,0.001220703125,-0.001220703125,0.00942230224609375,0.014190673828125,0.0046539306640625,-0.0091552734375,4.99984741210938
30.9281237444757,-0,-0,-0,-0,-0,-0,-0.0609558820724487,15.9406967163086,-543.5166015625,100938.453125,-53567.40625,-4577.13720703125,-0.00030517578125,-0.01373291015625,-0.00885009765625,-0.00030517578125,-0.0051116943359375,0.0176239013671875,0.0103759765625,4.99984741210938
30.9291201285657,-0,-0,-0,-0,-0,-0,-0.0948826819658279,16.6807708740234,-547.649963378906,100968.71875,-53637.1328125,-4647.0380859375,0.008544921875,-0.01068115234375,0.006103515625,0.0199127197265625,-0.0183486938476562,0.0096893310546875,-0.006103515625,4.99984741210938
30.9301165126557,-0,-0,-0,-0,-0,-0,-0.442923098802567,16.5607776641846,-546.547973632812,101004.96875,-53602.26953125,-4894.1064453125,-0.0006103515625,-0.0079345703125,-0.0042724609375,0.00598907470703125,-0.0245285034179688,-0.0026702880859375,0.00244140625,4.99984741210938
30.9311128967457,-0,-0,-0,-0,-0,-0,-0.38161826133728,15.7352685928345,-548.936218261719,101177,-53841.9609375,-4816.10498046875,0.0054931640625,0.02166748046875,-0.00640869140625,-0.0135040283203125,-0.013885498046875,-0.036773681640625,0.03753662109375,4.99984741210938
30.9321092808357,-0,-0,-0,-0,-0,-0,-0.53792941570282,17.7282581329346,-549.491577148438,101220.4375,-53793.07421875,-4751.67138671875,0.00152587890625,-0.0030517578125,-0.01617431640625,-0.0108718872070312,-0.0146865844726562,-0.0249862670898438,0.025634765625,4.99984741210938
30.9331056649257,-0,-0,-0,-0,-0,-0,-0.446870297193527,17.7263431549072,-549.225158691406,100752.890625,-54094.66015625,-4869.400390625,0.00091552734375,-0.0067138671875,-0.01861572265625,0.00518798828125,-0.012664794921875,-0.0125885009765625,-0.00152587890625,4.99984741210938
30.9341020490157,-0,-0,-0,-0,-0,-0,0.341460078954697,17.6436290740967,-550.797302246094,100695.640625,-54447.41796875,-4963.67431640625,-0.0048828125,0.00518798828125,-0.01739501953125,-0.00152587890625,-0.005340576171875,-0.0051116943359375,-0.006103515625,4.99984741210938
30.9350984331057,-0,-0,-0,-0,-0,-0,-0.41021990776062,18.7040958404541,-551.162048339844,99914.5234375,-54268.6640625,-5164.375,-0.00335693359375,-0.0006103515625,-0.02349853515625,0.005340576171875,-0.001373291015625,-0.0331878662109375,-0.0201416015625,4.99984741210938
30.9360948171957,-0,-0,-0,-0,-0,-0,0.00958342477679253,18.720760345459,-552.09326171875,99967.0625,-54759.26171875,-5100.69091796875,0.0054931640625,0.0018310546875,-0.023193359375,-0.006561279296875,-0.0115966796875,-0.0449752807617188,-0.03387451171875,4.99984741210938
30.9370912012857,-0,-0,-0,-0,-0,-0,-0.432540476322174,19.1183528900146,-553.107971191406,100163.8515625,-55009.2265625,-5027.279296875,-0.0091552734375,0.00518798828125,-0.020751953125,0.0185012817382812,-0.0101852416992188,0.0045013427734375,0.00213623046875,4.99984741210938
30.9380875853757,-0,-0,-0,-0,-0,-0,0.221270263195038,19.6471252441406,-553.5712890625,100260.5390625,-54966.70703125,-5200.44482421875,-0.003662109375,-0.0006103515625,0.01312255859375,-0.0111007690429688,0.011138916015625,-0.0066375732421875,-0.00244140625,4.99984741210938
30.9390839694656,-0,-0,-0,-0,-0,-0,-0.0464776903390884,19.6722106933594,-557.150390625,100148.375,-55104.67578125,-4973.50634765625,-0.0091552734375,0.0146484375,0.02655029296875,-0.0041961669921875,0.006561279296875,0.0306320190429688,-0.0128173828125,4.99984741210938
30.9400803535556,-0,-0,-0,-0,-0,-0,1.07418656349182,20.0774250030518,-557.260803222656,99994.2890625,-55535.59765625,-5235.34033203125,-0.001220703125,0.0054931640625,0.0054931640625,-0.0023651123046875,-0.0124740600585938,0.0098419189453125,-0.010986328125,4.99984741210938
30.9410767376456,-0,-0,-0,-0,-0,-0,0.490069985389709,21.8132133483887,-560.296875,100003.8671875,-55770.4296875,-5023.19775390625,0.00091552734375,0.00244140625,0.01678466796875,-0.00080108642578125,0.00904083251953125,0.0480270385742188,0.01007080078125,4.99984741210938
30.9420731217356,-0,-0,-0,-0,-0,-0,0.22494937479496,21.4491062164307,-561.125427246094,99800.59375,-55838.46484375,-5532.1533203125,-0.00030517578125,0.00335693359375,0.00518798828125,-0.00579833984375,0.0102615356445312,0.0174713134765625,0.00518798828125,4.99984741210938
30.9430695058256,-0,-0,-0,-0,-0,-0,1.06102097034454,22.3287315368652,-563.706176757812,99785.1015625,-56054.921875,-5512.7421875,0.00762939453125,0.0018310546875,0.03387451171875,0.0008392333984375,0.0127410888671875,0.00431060791015625,0.006103515625,4.99984741210938
30.9440658899156,-0,-0,-0,-0,-0,-0,0.409059524536133,22.3348846435547,-563.434265136719,99656.40625,-56313.28515625,-5413.73681640625,-0.0006103515625,-0.00091552734375,0.00640869140625,0.00011444091796875,0.0123214721679688,0.006866455078125,-0.02838134765625,4.99984741210938
30.9450622740056,-0,-0,-0,-0,-0,-0,0.75431364774704,22.858678817749,-565.828125,99851.328125,-56459.890625,-5632.0849609375,0.00244140625,0.013427734375,-0.003662109375,-0.0139999389648438,0.0181961059570312,-0.0215911865234375,0.00396728515625,4.99984741210938
30.9460586580956,-0,-0,-0,-0,-0,-0,1.50027322769165,23.2212524414062,-568.31787109375,100326.1015625,-56821.52734375,-5510.146484375,0.01068115234375,-0.00335693359375,0.0006103515625,0.0120925903320312,0.0203323364257812,0.028839111328125,-0.00030517578125,4.99984741210938
30.9470550421856,-0,-0,-0,-0,-0,-0,1.96177291870117,24.2463512420654,-570.255310058594,99887.8984375,-57012.6953125,-5568.736328125,-0.00244140625,0.00213623046875,0.0213623046875,-0.00148773193359375,-0.00377655029296875,0.0215911865234375,0.00030517578125,4.99984741210938
30.9480514262756,-0,-0,-0,-0,-0,-0,0.670178472995758,24.1258106231689,-571.725158691406,99675.53125,-57218.828125,-5890.02783203125,0.01007080078125,0.00823974609375,-0.00701904296875,-0.0038909912109375,-0.00308990478515625,-0.00885009765625,-0.028076171875,4.99984741210938
30.9490478103656,-0,-0,-0,-0,-0,-0,0.95596170425415,25.03586769104,-572.748046875,99978.1484375,-57641.7109375,-5678.4404296875,0.00640869140625,-0.00396728515625,-0.006103515625,-0.0118637084960938,-0.003662109375,-0.062713623046875,0.009765625,4.99984741210938
30.9500441944556,-0,-0,-0,-0,-0,-0,1.69092607498169,24.7561016082764,-576.153381347656,100138.890625,-57907.6953125,-5981.11279296875,-0.02685546875,-0.00244140625,-0.0042724609375,-0.034332275390625,-0.007476806640625,-0.00797271728515625,0.03814697265625,4.99984741210938
30.9510405785456,-0,-0,-0,-0,-0,-0,1.58228302001953,25.146110534668,-581.107543945312,100146.5703125,-57856.484375,-6011.53662109375,0.008544921875,0.00518798828125,-0.0335693359375,-0.00469207763671875,-0.009765625,-0.0127792358398438,0.0103759765625,4.99984741210938
30.9520369626356,-0,-0,-0,-0,-0,-0,1.61576175689697,26.47607421875,-580.760192871094,100267.4453125,-58434.8359375,-6011.90869140625,-0.00701904296875,0.00579833984375,-0.0091552734375,-0.00446319580078125,-0.013275146484375,-0.0507736206054688,-0.0091552734375,4.99984741210938
30.9530333467256,-0,-0,-0,-0,-0,-0,1.90721356868744,26.3507480621338,-584.251525878906,100209.46875,-58606.83203125,-5997.65869140625,-0.003662109375,-0.013427734375,-0.01495361328125,0.00125885009765625,-0.014495849609375,-0.0484466552734375,0.01068115234375,4.99984741210938
30.9540297308156,-0,-0,-0,-0,-0,-0,2.57402896881104,26.5870876312256,-588.755432128906,100738.9609375,-58761.40625,-6143.01318359375,0.006103515625,-0.0048828125,0.00030517578125,-0.00308990478515625,-0.00209808349609375,-0.00179290771484375,0.009765625,4.99984741210938
30.9550261149056,-0,-0,-0,-0,-0,-0,2.08093523979187,27.7146301269531,-590.327453613281,100183.921875,-59176.58984375,-6087.75146484375,-0.01220703125,-0.0042724609375,0.01007080078125,-0.00591278076171875,-0.0077056884765625,-0.0548553466796875,0.01220703125,4.99984741210938
30.9560224989956,-0,-0,-0,-0,-0,-0,2.64972853660583,28.5359706878662,-591.355712890625,101120.3671875,-59675.8203125,-6268.17529296875,-0.00640869140625,-0.01312255859375,0.0048828125,-0.00644683837890625,-0.013580322265625,-0.0173187255859375,-0.02197265625,4.99984741210938
30.9570188830856,-0,-0,-0,-0,-0,-0,2.84576916694641,28.9476547241211,-595.768188476562,100909.890625,-59917.5,-6308.07568359375,0.00457763671875,0.00091552734375,-0.00701904296875,-0.00640869140625,0.00186920166015625,0.00881195068359375,0.00030517578125,4.99984741210938
30.9580152671756,-0,-0,-0,-0,-0,-0,3.20878076553345,29.7051239013672,-600.371032714844,100960.6796875,-60348.71484375,-6368.43212890625,0.003662109375,-0.00396728515625,-0.01373291015625,0.001678466796875,0.00213623046875,0.0048065185546875,0.02349853515625,4.99984741210938
30.9590116512656,-0,-0,-0,-0,-0,-0,2.87007713317871,30.1897602081299,-604.877075195312,100871.515625,-60753.890625,-6339.53369140625,0.00885009765625,0.00274658203125,0.0054931640625,0.0219345092773438,0.015106201171875,-0.0300216674804688,0.01861572265625,4.99984741210938
30.9600080353556,-0,-0,-0,-0,-0,-0,3.06666326522827,30.8154220581055,-604.434814453125,101274.90625,-61296.62890625,-6291.18359375,0.01373291015625,0.00396728515625,0.0067138671875,0.0028228759765625,0.0104522705078125,0.027008056640625,-0.00823974609375,4.99984741210938
30.9610044194456,-0,-0,-0,-0,-0,-0,3.49839091300964,31.1743049621582,-607.932373046875,101120.1875,-61555.22265625,-6528.79833984375,0.01129150390625,0.01220703125,0.01678466796875,0.0017547607421875,0.011444091796875,-0.0332260131835938,-0.0286865234375,4.99984741210938
30.9620008035356,-0,-0,-0,-0,-0,-0,2.84020137786865,31.2288303375244,-612.344482421875,102133.109375,-61975.87109375,-6546.97021484375,0.02197265625,0.00213623046875,0.0146484375,0.00301361083984375,0.0011444091796875,0.0099945068359375,-0.00701904296875,4.99984741210938
30.9629971876256,-0,-0,-0,-0,-0,-0,4.4316930770874,32.0090026855469,-618.596496582031,101828.390625,-62166.73046875,-6438.51171875,-0.0006103515625,-0.0006103515625,0.018310546875,-0.00728607177734375,0.0193023681640625,0.0202560424804688,0.01068115234375,4.99984741210938
30.9639935717155,-0,-0,-0,-0,-0,-0,3.68414354324341,32.5671882629395,-621.543395996094,102296.8359375,-62683.44921875,-6277.22705078125,0.0079345703125,-0.01617431640625,0.02716064453125,0.00946044921875,-0.0066375732421875,0.0362014770507812,-0.0067138671875,4.99984741210938
30.9649899558055,-0,-0,-0,-0,-0,-0,4.13952732086182,32.7351455688477,-625.685729980469,102446.546875,-63079.23828125,-6466.328125,0.003662109375,0.00823974609375,0.00732421875,0.00514984130859375,0.0269317626953125,-0.01922607421875,0.0048828125,4.99984741210938
30.9659863398955,-0,-0,-0,-0,-0,-0,4.07118225097656,32.8824081420898,-627.077697753906,103003.609375,-63638.0859375,-6670.84716796875,0.0054931640625,0.0048828125,-0.0103759765625,-0.018768310546875,0.0086212158203125,0.0439453125,0.02227783203125,4.99984741210938
30.9669827239855,-0,-0,-0,-0,-0,-0,4.52320051193237,33.9904022216797,-633.515197753906,103062.96875,-64018.16796875,-6642.45849609375,-0.001220703125,0.0067138671875,0.00091552734375,-0.0149917602539062,0.0067901611328125,0.0267791748046875,-0.00518798828125,4.99984741210938
30.9679791080755,-0,-0,-0,-0,-0,-0,4.71319580078125,34.7049369812012,-635.180603027344,103573.8671875,-64440.34765625,-6644.0537109375,0.01190185546875,0.00885009765625,0.013427734375,0.0128936767578125,0.0083160400390625,0.0168609619140625,0.0262451171875,4.99984741210938
30.9689754921655,-0,-0,-0,-0,-0,-0,5.90505695343018,34.4172668457031,-642.263366699219,103816.7734375,-64973.2109375,-6804.34228515625,-0.0048828125,0.00732421875,0.00152587890625,0.00213623046875,0.00797271728515625,-0.006866455078125,-0.04486083984375,4.99984741210938
30.9699718762555,-0,-0,-0,-0,-0,-0,4.87357521057129,36.0352668762207,-644.936157226562,103328.7578125,-65371.640625,-6838.3232421875,-0.01800537109375,-0.01129150390625,-0.00518798828125,-0.0200653076171875,-0.0156402587890625,0.012359619140625,-0.00579833984375,4.99984741210938
30.9709682603455,-0,-0,-0,-0,-0,-0,6.12218952178955,36.0551414489746,-650.2744140625,103909.9375,-65827.203125,-6905.0546875,-0.01678466796875,-0.0201416015625,-0.02960205078125,0.0208663940429688,0.001068115234375,0.000762939453125,0.0445556640625,4.99984741210938
30.9719646444355,-0,-0,-0,-0,-0,-0,6.15651035308838,36.5724220275879,-656.249694824219,104495.0703125,-66179.984375,-7031.11962890625,-0.0115966796875,-0.00640869140625,-0.0018310546875,-0.00530242919921875,-0.00156402587890625,-0.0127029418945312,0.00274658203125,4.99984741210938
30.9729610285255,-0,-0,-0,-0,-0,-0,5.87937116622925,37.7892532348633,-657.917114257812,104527.203125,-66723.90625,-6868.51171875,-0.00457763671875,-0.0146484375,-0.01373291015625,0.00400543212890625,-0.0165176391601562,-0.0156402587890625,0.0054931640625,4.99984741210938
30.9739574126155,-0,-0,-0,-0,-0,-0,6.2956657409668,37.7256126403809,-661.143005371094,105145.0390625,-67256.7890625,-6846.09033203125,0.00579833984375,-0.00885009765625,-0.0048828125,0.00186920166015625,-0.0230789184570312,-0.00102996826171875,0.03448486328125,4.99984741210938
30.9749537967055,-0,-0,-0,-0,-0,-0,6.5916314125061,38.5371742248535,-665.666870117188,105547.9375,-68091.8828125,-7288.12646484375,0.008544921875,-0.01434326171875,-0.0079345703125,0.0188064575195312,-0.0104904174804688,-0.022125244140625,0.00152587890625,4.99984741210938
30.9759501807955,-0,-0,-0,-0,-0,-0,6.50391912460327,38.7633361816406,-672.735717773438,105868.09375,-68324.4296875,-7003.46240234375,-0.006103515625,0.0067138671875,-0.00640869140625,0.00766754150390625,-0.0091552734375,-0.00698089599609375,0.0067138671875,4.99984741210938
30.9769465648855,-0,-0,-0,-0,-0,-0,6.7068018913269,38.867546081543,-675.777160644531,105986.0546875,-68806.28125,-7063.8544921875,0.0103759765625,0.0091552734375,-0.00030517578125,0.00659942626953125,0.00553131103515625,0.0210189819335938,-0.0048828125,4.99984741210938
30.9779429489755,-0,-0,-0,-0,-0,-0,7.44013690948486,39.5676727294922,-681.849670410156,106373.015625,-69228.3828125,-7233.96728515625,0.0006103515625,0.00885009765625,0.009765625,-0.0054168701171875,-0.00026702880859375,0.0242996215820312,0.003662109375,4.99984741210938
30.9789393330655,-0,-0,-0,-0,-0,-0,7.34753179550171,41.2253303527832,-684.166748046875,106154.21875,-69945.234375,-7169.79833984375,0.00762939453125,-0.00244140625,0.00885009765625,-0.0177001953125,0.023193359375,0.0172805786132812,0.037841796875,4.99984741210938
30.9799357171555,-0,-0,-0,-0,-0,-0,7.66099739074707,40.4066772460938,-688.573059082031,106859.671875,-70055.046875,-7389.8486328125,0.00244140625,-0.00244140625,0.02197265625,0.0123214721679688,0.000457763671875,0.0112152099609375,-0.0457763671875,4.99984741210938
30.9809321012455,-0,-0,-0,-0,-0,-0,7.55992031097412,41.5898971557617,-692.90380859375,106803.265625,-70633.2578125,-7410.4111328125,0.01068115234375,-0.00762939453125,0.0030517578125,0.0209426879882812,0.0206375122070312,0.0273513793945312,-0.008544921875,4.99984741210938
30.9819284853355,-0,-0,-0,-0,-0,-0,7.49342775344849,41.2239189147949,-699.884582519531,107157.5078125,-71045.515625,-7299.04296875,0.010986328125,0.00823974609375,0.0225830078125,0.014801025390625,0.0222015380859375,0.0109481811523438,0.00762939453125,4.99984741210938
30.9829248694255,-0,-0,-0,-0,-0,-0,7.67870187759399,42.3585815429688,-702.375366210938,107352.5390625,-71356.546875,-7433.38232421875,0.02044677734375,-0.00579833984375,0.00823974609375,0.00675201416015625,0.0140762329101562,0.0542449951171875,-0.0189208984375,4.99984741210938
30.9839212535155,-0,-0,-0,-0,-0,-0,8.81282615661621,42.2851753234863,-706.524963378906,107739.765625,-71975.671875,-7593.5244140625,0.0054931640625,-0.0006103515625,0.00885009765625,-0.0114059448242188,0.0148391723632812,-0.00011444091796875,-0.01434326171875,4.99984741210938
30.9849176376055,-0,-0,-0,-0,-0,-0,8.77500247955322,43.0961380004883,-712.320068359375,107582.734375,-72493.3359375,-7465.828125,-0.0103759765625,0.001220703125,0.02532958984375,-0.011444091796875,-0.00637054443359375,0.008087158203125,0.0006103515625,4.99984741210938
30.9859140216955,-0,-0,-0,-0,-0,-0,8.86311340332031,44.2521362304688,-715.729431152344,107690.6875,-72847.4140625,-7654.53125,0.01251220703125,0.01373291015625,0.0299072265625,-0.0107574462890625,0.0222015380859375,0.0092315673828125,-0.02655029296875,4.99984741210938
30.9869104057855,-0,-0,-0,-0,-0,-0,8.8559513092041,44.2819747924805,-719.687255859375,108233.625,-73328.75,-7725.95654296875,-0.00335693359375,0.0006103515625,0.01861572265625,0.0201797485351562,-0.0022125244140625,-0.0443267822265625,-0.0299072265625,4.99984741210938
30.9879067898755,-0,-0,-0,-0,-0,-0,9.27719497680664,46.3066062927246,-723.013793945312,108383.0546875,-73916.625,-7697.2255859375,-0.0079345703125,0.00335693359375,0.01678466796875,-0.00492095947265625,-0.0303268432617188,-0.005950927734375,-0.0048828125,4.99984741210938
30.9889031739655,-0,-0,-0,-0,-0,-0,10.118989944458,46.0329170227051,-729.536376953125,108364.1328125,-74183.109375,-7619.38623046875,-0.006103515625,0.00701904296875,-0.00335693359375,-0.0216293334960938,0.0125503540039062,0.00400543212890625,0.0347900390625,4.99984741210938
30.9898995580554,-0,-0,-0,-0,-0,-0,9.82938766479492,46.7078170776367,-734.874267578125,109050.921875,-74682.0625,-8012.59326171875,-0.0042724609375,-0.01190185546875,-0.0189208984375,-0.00423431396484375,-0.0279998779296875,-0.0399017333984375,0.0225830078125,4.99984741210938
30.9908959421454,-0,-0,-0,-0,-0,-0,9.42827606201172,47.4040946960449,-737.36474609375,108975.125,-75156.3671875,-8067.4326171875,-0.00152587890625,-0.00091552734375,-0.0250244140625,0.0026702880859375,-0.00396728515625,-0.0328445434570312,0.00762939453125,4.99984741210938
30.9918923262354,-0,-0,-0,-0,-0,-0,10.4261312484741,48.6599617004395,-742.154235839844,109108.03125,-75657.484375,-7697.8798828125,-0.010986328125,-0.00640869140625,-0.0079345703125,-0.0262451171875,-0.0105667114257812,-0.0147628784179688,-0.015869140625,4.99984741210938
30.9928887103254,-0,-0,-0,-0,-0,-0,10.2562084197998,48.7528495788574,-745.660522460938,109577.859375,-76362.484375,-8050.9736328125,-0.003662109375,0.0006103515625,-0.0201416015625,0.0121307373046875,-0.0115966796875,0.016632080078125,-0.01434326171875,4.99984741210938
30.9938850944154,-0,-0,-0,-0,-0,-0,10.4809055328369,49.2056846618652,-749.250793457031,109695.8125,-76698.4140625,-8215.109375,0.00823974609375,-0.00640869140625,-0.02349853515625,0.016632080078125,-0.0159454345703125,-0.0218963623046875,0.02044677734375,4.99984741210938
30.9948814785054,-0,-0,-0,-0,-0,-0,10.5178327560425,50.2239799499512,-755.321166992188,110093.6328125,-77198.7109375,-8019.46630859375,0.00457763671875,0.003662109375,-0.02471923828125,-0.00579833984375,-0.0009918212890625,0.00858306884765625,-0.01708984375,4.99984741210938
30.9958778625954,-0,-0,-0,-0,-0,-0,11.3303022384644,51.4305152893066,-759.464172363281,110359.5078125,-77518.671875,-7832.90283203125,-0.00701904296875,-0.0128173828125,-0.015869140625,0.0133895874023438,-0.0145721435546875,-0.0161361694335938,0.01861572265625,4.99984741210938
30.9968742466854,-0,-0,-0,-0,-0,-0,11.4303302764893,51.6415214538574,-764.2548828125,110130.21875,-78147.015625,-8243.861328125,-0.013427734375,0.00152587890625,0.01007080078125,0.0117111206054688,-0.0197601318359375,-0.0410079956054688,0.01007080078125,4.99984741210938
30.9978706307754,-0,-0,-0,-0,-0,-0,11.1535539627075,51.9027137756348,-771.784973144531,110584.15625,-78396.2578125,-8355.0517578125,-0.00030517578125,-0.0030517578125,-0.01434326171875,-0.00934600830078125,0.0093841552734375,0.011138916015625,0.01007080078125,4.99984741210938
30.9988670148654,-0,-0,-0,-0,-0,-0,10.8987665176392,53.4885330200195,-774.732604980469,111007.796875,-78699.2421875,-8272.4189453125,0.00640869140625,-0.001220703125,0.0128173828125,0.0014495849609375,0.00980377197265625,0.0380706787109375,-0.00640869140625,4.99984741210938
30.9998633989554,-0,-0,-0,-0,-0,-0,11.8208379745483,54.5843658447266,-780.630187988281,111264.046875,-79363.0078125,-8471.9462890625,0.0042724609375,0.0079345703125,0.0152587890625,0.0194931030273438,0.00995635986328125,0.016937255859375,0.0067138671875,4.99984741210938
31.0008597830454,-0,-0,-0,-0,-0,-0,12.1596202850342,54.6100730895996,-784.866027832031,111501.5078125,-79861.7890625,-8686.076171875,0.0091552734375,0.006103515625,0.0347900390625,0.0374221801757812,0.0145339965820312,-0.0168228149414062,0.0213623046875,4.99984741210938
31.0018561671354,-0,-0,-0,-0,-0,-0,11.1185827255249,55.0664939880371,-791.208251953125,111860.5234375,-80421.21875,-8693.2451171875,0.009765625,0.0103759765625,0.00946044921875,0.00362396240234375,0.00736236572265625,0.040740966796875,-0.01678466796875,4.99984741210938
31.0028525512254,-0,-0,-0,-0,-0,-0,10.585732460022,57.0901222229004,-794.1630859375,112363.2734375,-80922.4765625,-8853.0888671875,-0.006103515625,0.01617431640625,0.0115966796875,0.0244903564453125,0.0110244750976562,0.0458526611328125,-0.0018310546875,4.99984741210938
31.0038489353154,-0,-0,-0,-0,-0,-0,11.6908588409424,57.8720932006836,-801.52001953125,113206.65625,-81232.1875,-9187.47265625,0.00030517578125,0.01739501953125,0.02593994140625,-0.0110626220703125,0.0191116333007812,0.0307846069335938,0.0079345703125,4.99984741210938
31.0048453194054,-0.898656725883484,-1.90075612068176,25.5422382354736,-866.65087890625,354.973999023438,262.030792236328,10.5767879486084,58.4357681274414,-806.298461914062,112553.3125,-81629.3828125,-9167.2431640625,-0.0006103515625,0,0.015869140625,-0.0162506103515625,0.0193405151367188,0.00537872314453125,-0.01068115234375,4.99984741210938
31.0058417034954,-0,-0,-0,-0,-0,-0,9.62173557281494,60.0152816772461,-811.17578125,113642.8125,-82163.9375,-9081.6845703125,-0.0006103515625,0.0091552734375,0.02197265625,-0.00774383544921875,0.0006866455078125,-0.00701904296875,0.01007080078125,4.99984741210938
31.0068380875854,-0,-0,-0,-0,-0,-0,10.2397689819336,62.1124801635742,-818.723999023438,114161.28125,-82665.140625,-9430.126953125,0.00091552734375,-0.0006103515625,0.01007080078125,0.00530242919921875,-0.027618408203125,-0.00759124755859375,0.03692626953125,4.99984741210938
31.0078344716754,-0,-0,-0,-0,-0,-0,11.0038261413574,63.2789001464844,-822.501708984375,114540.578125,-82898.3515625,-9871.5,0.0048828125,0.00213623046875,0.00579833984375,0.0006103515625,0.01495361328125,0.03631591796875,-0.00396728515625,4.99984741210938
31.0088308557654,-0,-0,-0,-0,-0,-0,10.1235437393188,63.5999603271484,-830.126098632812,114972.2578125,-83449.25,-9557.75390625,-0.01007080078125,-0.00732421875,0.0103759765625,0.0040435791015625,-0.0120925903320312,-0.0244903564453125,-0.00823974609375,4.99984741210938
31.0098272398554,-0,-0,-0,-0,-0,-0,10.1911706924438,64.7481307983398,-832.7138671875,115224.4765625,-83897.6171875,-10013.642578125,0.0030517578125,0.0006103515625,-0.02044677734375,-0.0098419189453125,-3.814697265625e-05,-0.0530242919921875,-0.00640869140625,4.99984741210938
31.0108236239454,-0,-0,-0,-0,-0,-0,11.1170749664307,67.3110275268555,-840.453063964844,115959.3046875,-84605.875,-10258.8427734375,0.0006103515625,-0.0006103515625,-0.0213623046875,0.0164413452148438,0.005950927734375,0.01617431640625,-0.04791259765625,4.99984741210938
31.0118200080354,-0,-0,-0,-0,-0,-0,11.1543397903442,67.5090637207031,-845.048889160156,116402.4921875,-84924.1640625,-10206.4228515625,0.0042724609375,-0.0067138671875,-0.0006103515625,-0.0127410888671875,0.00469207763671875,-0.0051116943359375,-0.02655029296875,4.99984741210938
31.0128163921254,-0,-0,-0,-0,-0,-0,10.1896076202393,68.9540481567383,-849.467651367188,116305.71875,-85433.734375,-10296.068359375,-0.00091552734375,-0.0128173828125,-0.00335693359375,-0.0104141235351562,-0.0244522094726562,-0.0165176391601562,0.0054931640625,4.99984741210938
31.0138127762153,-0,-0,-0,-0,-0,-0,10.6933097839355,69.9292144775391,-855.079528808594,117043.953125,-85717.9453125,-10699.0966796875,-0.0146484375,0.0030517578125,-0.0146484375,-0.00980377197265625,0.005340576171875,-0.0683212280273438,-0.01556396484375,4.99984741210938
31.0148091603053,-0,-0,-0,-0,-0,-0,11.3577527999878,71.2229614257812,-861.15234375,117146.59375,-86124.1484375,-10685.5517578125,0.009765625,0.00274658203125,-0.010986328125,-0.00011444091796875,-0.0181198120117188,-0.00423431396484375,-0.00274658203125,4.99984741210938
31.0158055443953,-0,-0,-0,-0,-0,-0,10.487078666687,72.1080017089844,-866.209899902344,117504.734375,-86641.40625,-10494.6611328125,0.01434326171875,0.00640869140625,-0.02288818359375,-0.00995635986328125,-0.0127410888671875,-0.005035400390625,0,4.99984741210938
31.0168019284853,-0,-0,-0,-0,-0,-0,10.6941423416138,73.100212097168,-869.345886230469,117753.6484375,-87098.5,-10594.7490234375,0.0048828125,-0.00335693359375,0.00213623046875,0.00896453857421875,-0.00728607177734375,0.0030517578125,-0.025634765625,4.99984741210938
31.0177983125753,-0,-0,-0,-0,-0,-0,11.9175958633423,73.561897277832,-874.041870117188,117912.515625,-87399.8828125,-10996.3828125,-0.015869140625,0.0018310546875,0.00396728515625,0.0006866455078125,-0.0157928466796875,-0.0387191772460938,0.01861572265625,4.99984741210938
31.0187946966653,-0,-0,-0,-0,-0,-0,11.576753616333,75.9421768188477,-881.678039550781,117678.8828125,-87997.25,-10829.087890625,0.00701904296875,0.0067138671875,0.00030517578125,0.0245285034179688,0.0183868408203125,-0.0341033935546875,0.03173828125,4.99984741210938
31.0197910807553,-0,-0,-0,-0,-0,-0,11.0951499938965,76.0463638305664,-881.867858886719,118727.9765625,-88262.90625,-10999.744140625,0.00946044921875,-0.0042724609375,0.01373291015625,0.001373291015625,0.00507354736328125,-0.028076171875,0.0286865234375,4.99984741210938
31.0207874648453,-0,-0,-0,-0,-0,-0,11.3548917770386,76.9666061401367,-887.568420410156,118180.2421875,-88496.7890625,-11296.052734375,0.01617431640625,0.0054931640625,0.02685546875,0.0127410888671875,0.00621795654296875,-0.0307464599609375,0.0616455078125,4.99984741210938
31.0217838489353,-0,-0,-0,-0,-0,-0,11.6312589645386,78.4725189208984,-891.894897460938,118623.7421875,-88790.890625,-11357.041015625,0.0042724609375,0.0048828125,0.0213623046875,0.00827789306640625,0.010986328125,0.0120925903320312,-0.00823974609375,4.99984741210938
31.0227802330253,-0,-0,-0,-0,-0,-0,10.1187143325806,80.8312683105469,-895.031127929688,119042.3125,-89327.0625,-11477.1787109375,0.00762939453125,-0.00244140625,0.01922607421875,0.0038909912109375,0.0286865234375,0.01556396484375,-0.03387451171875,4.99984741210938
31.0237766171153,-0,-0,-0,-0,-0,-0,10.8030004501343,82.4451370239258,-901.734191894531,119353.0859375,-89122.0078125,-11819.67578125,0.010986328125,0.01068115234375,0.0103759765625,0.00293731689453125,0.0145339965820312,0.0351333618164062,0.04119873046875,4.99984741210938
31.0247730012053,-0,-0,-0,-0,-0,-0,11.2594842910767,83.0850143432617,-904.77734375,119013.8828125,-89493.078125,-12106.2451171875,0.01556396484375,0.0018310546875,0.0067138671875,0.0152587890625,0.0218963623046875,-0.0300216674804688,0.01068115234375,4.99984741210938
31.0257693852953,-0,-0,-0,-0,-0,-0,11.08362865448,85.4207153320312,-907.553527832031,119719.765625,-90210.140625,-11801.9248046875,0.0274658203125,0.010986328125,0.0146484375,0.00209808349609375,-0.0270843505859375,-0.0172805786132812,0.02197265625,4.99984741210938
31.0267657693853,-0,-0,-0,-0,-0,-0,10.6972808837891,86.7691955566406,-911.779052734375,119371.25,-90203.296875,-12103.1748046875,0.0140380859375,-0.00518798828125,-0.02288818359375,0.00705718994140625,0.0034332275390625,-0.00286102294921875,-0.008544921875,4.99984741210938
31.0277621534753,-0,-0,-0,-0,-0,-0,10.555046081543,87.3609085083008,-914.450134277344,119916.671875,-90487.3515625,-12352.1171875,0.00030517578125,-0.00457763671875,-0.0018310546875,-0.0072479248046875,-0.00370025634765625,-0.00270843505859375,0.00732421875,4.99984741210938
31.0287585375653,-0,-0,-0,-0,-0,-0,9.66433620452881,88.6703643798828,-918.672607421875,120373.40625,-90566.078125,-12215.32421875,0.00457763671875,-0.0067138671875,-0.01190185546875,0.0034332275390625,0.0091552734375,-0.036773681640625,-0.03509521484375,4.99984741210938
31.0297549216553,-0,-0,-0,-0,-0,-0,11.2215356826782,90.0489730834961,-922.003540039062,120161.6875,-91144.65625,-12536.806640625,-0.00457763671875,-0.0091552734375,-0.013427734375,0.00057220458984375,-0.0296783447265625,-0.0348281860351562,-0.0006103515625,4.99984741210938
31.0307513057453,-0,-0,-0,-0,-0,-0,10.6339273452759,92.5671691894531,-925.778259277344,120021.640625,-91311.328125,-12853.2080078125,-0.009765625,-0.01739501953125,-0.0390625,0.00152587890625,-0.00728607177734375,0.010833740234375,-0.0091552734375,4.99984741210938
31.0317476898353,-0,-0,-0,-0,-0,-0,10.8392019271851,93.2395782470703,-929.457214355469,120333.28125,-91596.140625,-12656.8740234375,-0.0128173828125,0.00640869140625,-0.01495361328125,0.00171661376953125,-0.0199127197265625,0.0220870971679688,-0.00274658203125,4.99984741210938
31.0327440739253,-0,-0,-0,-0,-0,-0,10.6458501815796,94.3819122314453,-933.3193359375,120352.765625,-91829.9921875,-12588.341796875,-0.001220703125,-0.0103759765625,-0.01190185546875,0.00652313232421875,-0.00232696533203125,-0.0118255615234375,0.00335693359375,4.99984741210938
31.0337404580153,-0,-0,-0,-0,-0,-0,11.5197114944458,94.8978881835938,-937.737854003906,120348.765625,-92123.078125,-12865.9697265625,-0.00762939453125,-0.01129150390625,0.00946044921875,-0.0099945068359375,-0.02960205078125,0.0107192993164062,-0.0042724609375,4.99984741210938
31.0347368421053,-0,-0,-0,-0,-0,-0,10.9786529541016,96.4878158569336,-940.491394042969,120272.9140625,-91996.0390625,-12984.5791015625,0.018310546875,-0.00885009765625,-0.03509521484375,-0.003662109375,0.0022125244140625,-0.0295639038085938,0.03204345703125,4.99984741210938
31.0357332261953,-0,-0,-0,-0,-0,-0,11.1904315948486,97.346794128418,-942.527282714844,120510.40625,-92565.15625,-12857.1533203125,-0.02166748046875,0,0.00213623046875,0.0150299072265625,-0.00461578369140625,-0.0226974487304688,-0.01953125,4.99984741210938
31.0367296102853,-0,-0,-0,-0,-0,-0,11.1410646438599,98.9326324462891,-944.916015625,120509.796875,-92438.0078125,-13015.3974609375,0,-0.0042724609375,0.01129150390625,0.00728607177734375,-0.0057220458984375,-0.055389404296875,0.003662109375,4.99984741210938
31.0377259943753,-0,-0,-0,-0,-0,-0,11.7821912765503,100.599273681641,-950.160034179688,120374.921875,-92603.6953125,-13267.8896484375,0.00030517578125,-0.0006103515625,0.0030517578125,0.0028228759765625,0.0122833251953125,-0.0113677978515625,-0.00518798828125,4.99984741210938
31.0387223784652,-0,-0,-0,-0,-0,-0,11.2457685470581,101.653747558594,-951.91259765625,120364.3515625,-92932.25,-13174.294921875,0.00244140625,0.00091552734375,0.0079345703125,-0.0058746337890625,-0.0156784057617188,0.0287246704101562,-0.0048828125,4.99984741210938
31.0397187625552,-0,-0,-0,-0,-0,-0,11.7256097793579,101.729957580566,-954.579284667969,120363.140625,-92992.2421875,-13520.7822265625,-0.00457763671875,0.00640869140625,0.0213623046875,-0.0113677978515625,0.016632080078125,0.024566650390625,0.009765625,4.99984741210938
31.0407151466452,-0,-0,-0,-0,-0,-0,11.1871509552002,103.249008178711,-957.341613769531,120374.1875,-93252.4609375,-13521.21875,0.0006103515625,-0.00518798828125,0.0274658203125,0.01861572265625,0.00019073486328125,-0.0063323974609375,-0.0115966796875,4.99984741210938
31.0417115307352,-0,-0,-0,-0,-0,-0,11.3007259368896,105.284637451172,-959.915283203125,120077.828125,-93126.34375,-13550.2041015625,0.00457763671875,0.0018310546875,0.0177001953125,0.0168228149414062,0.0151824951171875,0.0164031982421875,-0.00640869140625,4.99984741210938
31.0427079148252,-0,-0,-0,-0,-0,-0,10.7217540740967,106.761253356934,-961.028198242188,120079.0703125,-93498.4453125,-13471.328125,-0.00640869140625,0.00701904296875,0.0054931640625,0.0276947021484375,0.0156021118164062,0.013275146484375,-0.00823974609375,4.99984741210938
31.0437042989152,-0,-0,-0,-0,-0,-0,10.9184856414795,107.615684509277,-964.796203613281,119717.8515625,-93525.5078125,-13742.8935546875,0.020751953125,-0.00213623046875,0.01556396484375,0.014495849609375,0.00457763671875,0.011444091796875,0.01739501953125,4.99984741210938
31.0447006830052,-0,-0,-0,-0,-0,-0,10.963191986084,109.311111450195,-968.201354980469,120054.359375,-93647.7890625,-13917.0439453125,0.01220703125,0.0091552734375,-0.01312255859375,0.00476837158203125,0.0198745727539062,-0.00244140625,0.00457763671875,4.99984741210938
31.0456970670952,-0,-0,-0,-0,-0,-0,10.8706254959106,111.115524291992,-969.676391601562,119781.171875,-93693.546875,-13891.6787109375,-0.00457763671875,0.00579833984375,0.0146484375,0.01739501953125,0.0114822387695312,0.0226211547851562,0.0054931640625,4.99984741210938
31.0466934511852,-0,-0,-0,-0,-0,-0,10.1662006378174,111.36937713623,-971.146911621094,119772.8828125,-93822.765625,-14060.0517578125,0.00823974609375,-0.00274658203125,-0.02532958984375,0.003662109375,0.002593994140625,0.00446319580078125,-0.001220703125,4.99984741210938
31.0476898352752,-0,-0,-0,-0,-0,-0,10.6304473876953,113.462585449219,-974.187133789062,119759.96875,-93885.6640625,-14302.43359375,0.00640869140625,0.00762939453125,-0.00701904296875,-0.0072479248046875,0.0117111206054688,-0.00965118408203125,0.001220703125,4.99984741210938
31.0486862193652,-0,-0,-0,-0,-0,-0,10.1383323669434,114.921646118164,-976.482482910156,119562.3984375,-93879.3671875,-14089.5771484375,-0.0030517578125,-0.0030517578125,0.0054931640625,-0.0037384033203125,-0.01251220703125,0.0163650512695312,-0.00274658203125,4.99984741210938
31.0496826034552,-0,-0,-0,-0,-0,-0,10.4444284439087,115.315170288086,-976.213928222656,119562.34375,-94017.5703125,-14168.6416015625,0.00762939453125,-0.00457763671875,0.001220703125,0.0006866455078125,-0.015869140625,-0.00530242919921875,-0.00274658203125,4.99984741210938
31.0506789875452,-0,-0,-0,-0,-0,-0,9.89285755157471,116.754440307617,-980.345581054688,119106.8046875,-93881.703125,-14687.037109375,-0.0030517578125,-0.0054931640625,-0.006103515625,-0.00125885009765625,-0.0112152099609375,-0.0241470336914062,0.00518798828125,4.99984741210938
31.0516753716352,-0,-0,-0,-0,-0,-0,9.61780643463135,118.210968017578,-982.185852050781,119431.25,-94021.390625,-14346.85546875,-0.01312255859375,-0.00030517578125,-0.0225830078125,0.0138092041015625,-0.019073486328125,0.0128555297851562,0.006103515625,4.99984741210938
31.0526717557252,-0,-0,-0,-0,-0,-0,9.96674633026123,120.614860534668,-984.772338867188,119058.984375,-94283.078125,-14469.7841796875,-0.00579833984375,-0.0042724609375,-0.0054931640625,-0.027008056640625,-0.0249099731445312,-0.012969970703125,-0.01739501953125,4.99984741210938
31.0536681398152,-0,-0,-0,-0,-0,-0,10.3400020599365,120.680923461914,-984.596557617188,118873.4609375,-94498.4921875,-14543.59765625,0.00091552734375,0.00091552734375,-0.02349853515625,0.00629425048828125,-0.010223388671875,-0.0183486938476562,0.0225830078125,4.99984741210938
31.0546645239052,-0,-0,-0,-0,-0,-0,9.71003341674805,122.056976318359,-986.610656738281,119300.03125,-94181.2421875,-14742.2255859375,-0.01800537109375,0.00701904296875,-0.00213623046875,-0.0361251831054688,-0.0099945068359375,-0.0093841552734375,0.01617431640625,4.99984741210938
31.0556609079952,-0,-0,-0,-0,-0,-0,9.52317047119141,123.83228302002,-988.179809570312,119061.140625,-94287.0546875,-14909.80078125,-0.0091552734375,-0.00091552734375,-0.02716064453125,0.006561279296875,-0.0046539306640625,-0.0397109985351562,-0.00030517578125,4.99984741210938
31.0566572920852,-0,-0,-0,-0,-0,-0,10.0040340423584,124.936859130859,-992.037902832031,118672.890625,-94340.8671875,-14538.650390625,0.00518798828125,0.00457763671875,-0.00213623046875,0.009613037109375,0.0159835815429688,-0.0074005126953125,0.03082275390625,4.99984741210938
31.0576536761752,-0,-0,-0,-0,-0,-0,9.95460796356201,125.722984313965,-993.325622558594,118695.984375,-94281.40625,-14855.12109375,0.0030517578125,-0.00579833984375,0.00579833984375,0.0209426879882812,-0.00244140625,-0.0624465942382812,0.01220703125,4.99984741210938
31.0586500602652,-0,-0,-0,-0,-0,-0,9.23863410949707,127.715965270996,-992.878234863281,118373.3046875,-94516.640625,-15002.4599609375,0.00823974609375,0.008544921875,0.00762939453125,-0.0086212158203125,0.0221633911132812,0.008544921875,0.01129150390625,4.99984741210938
31.0596464443552,-0,-0,-0,-0,-0,-0,8.75971794128418,128.536758422852,-996.907958984375,118240.421875,-94207.9453125,-14958.03515625,0.00640869140625,0.01373291015625,0.015869140625,-0.00030517578125,0.0084686279296875,0.0131988525390625,-0.0347900390625,4.99984741210938
31.0606428284452,-0,-0,-0,-0,-0,-0,8.45450019836426,129.770599365234,-997.553527832031,117971.2578125,-94097.6015625,-15377.4375,0.0201416015625,0.0079345703125,0.01251220703125,-0.0018310546875,0.0119781494140625,-0.0167465209960938,0.00213623046875,4.99984741210938
31.0616392125352,-0,-0,-0,-0,-0,-0,8.57519149780273,131.137756347656,-998.292358398438,117793.8515625,-94168.8203125,-15030.94921875,0.01251220703125,0.01220703125,0.01129150390625,0.0202178955078125,-0.00064849853515625,0.0362396240234375,0.0299072265625,4.99984741210938
31.0626355966252,-0,-0,-0,-0,-0,-0,7.61694669723511,132.608856201172,-999.951538085938,117634.59375,-94342.8046875,-15307.5966796875,0.01129150390625,-0.00274658203125,0.01220703125,0.00652313232421875,0.028228759765625,0.0192642211914062,-0.01861572265625,4.99984741210938
31.0636319807151,-0,-0,-0,-0,-0,-0,7.63978052139282,133.865524291992,-1001.14501953125,117700.5625,-94120.4453125,-15574.51953125,0.00518798828125,-0.00244140625,-0.00640869140625,-0.0080108642578125,0.016326904296875,0.00553131103515625,-0.0213623046875,4.99984741210938
31.0646283648051,-0,-0,-0,-0,-0,-0,7.50127029418945,135.566665649414,-1001.80029296875,117398.1953125,-94320.640625,-15919.830078125,-0.00396728515625,0.0018310546875,0.01434326171875,0.00732421875,0.011444091796875,0.0201034545898438,-0.00885009765625,4.99984741210938
31.0656247488951,-0,-0,-0,-0,-0,-0,7.38247680664062,136.845352172852,-1003.44696044922,117023.96875,-94073.5390625,-15533.310546875,-0.00732421875,-0.015869140625,-0.01220703125,0.021209716796875,0.0209426879882812,0.0028228759765625,-0.0067138671875,4.99984741210938
31.0666211329851,-0,-0,-0,-0,-0,-0,6.79492998123169,138.149780273438,-1005.74188232422,117036.9921875,-93954.4296875,-15820.1650390625,0.00885009765625,0.0048828125,-0.0103759765625,-0.001068115234375,0.0125503540039062,-0.0249099731445312,0.0042724609375,4.99984741210938
31.0676175170751,-0,-0,-0,-0,-0,-0,6.97004175186157,139.623565673828,-1003.18463134766,116735.1640625,-94111.5078125,-16056.166015625,0.0006103515625,-0.0054931640625,-0.01739501953125,-0.0118637084960938,-0.0127410888671875,-0.0209426879882812,-0.0140380859375,4.99984741210938
31.0686139011651,-0,-0,-0,-0,-0,-0,6.47003746032715,139.464614868164,-1006.01519775391,116852.8828125,-93723.9765625,-15888.6318359375,-0.003662109375,-0.01373291015625,0.00640869140625,-0.00957489013671875,-0.00537872314453125,-0.0048828125,-0.0347900390625,4.99984741210938
31.0696102852551,-0,-0,-0,-0,-0,-0,6.10564661026001,142.84162902832,-1006.0302734375,116201.421875,-93866.8515625,-15985.5615234375,-0.0006103515625,0.0042724609375,0.00335693359375,0.000762939453125,-0.0020599365234375,0.00988006591796875,-0.050048828125,4.99984741210938
31.0706066693451,-0,-0,-0,-0,-0,-0,6.10222101211548,143.817916870117,-1007.49566650391,116212.796875,-93558.03125,-16257.3466796875,-0.006103515625,0.00274658203125,-0.00152587890625,-0.0239944458007812,-0.0260162353515625,-0.0641250610351562,0.0067138671875,4.99984741210938
31.0716030534351,-0,-0,-0,-0,-0,-0,5.30868768692017,145.303497314453,-1008.14135742188,115626.2890625,-93620.859375,-16196.6396484375,0.0054931640625,-0.0048828125,0.01129150390625,0.00644683837890625,-0.005645751953125,0.0321197509765625,0.0054931640625,4.99984741210938
31.0725994375251,-0,-0,-0,-0,-0,-0,5.39873933792114,146.542098999023,-1009.88598632812,115428.9375,-93467.7421875,-16280.2099609375,0.00091552734375,-0.003662109375,-0.01556396484375,0.00110626220703125,-0.00354766845703125,-0.0298309326171875,0.00823974609375,4.99984741210938
31.0735958216151,-0,-0,-0,-0,-0,-0,5.12428712844849,148.926040649414,-1010.16650390625,115301.140625,-93290.125,-16610.646484375,0.0048828125,-0.00823974609375,-0.01007080078125,0.0048828125,-0.0243377685546875,0.003662109375,-0.02532958984375,4.99984741210938
31.0745922057051,-0,-0,-0,-0,-0,-0,4.65964365005493,149.611419677734,-1009.61846923828,114943.640625,-93360.2421875,-16614.634765625,0.00030517578125,0.00701904296875,-0.02899169921875,0.00087738037109375,0.005035400390625,-0.054473876953125,0.01556396484375,4.99984741210938
31.0755885897951,-0,-0,-0,-0,-0,-0,4.38115167617798,151.392776489258,-1010.99401855469,114910.8671875,-93121.640625,-16634.119140625,0.00579833984375,-0.008544921875,0.0079345703125,-0.029296875,-0.0168609619140625,0.00701904296875,0.006103515625,4.99984741210938
31.0765849738851,-0,-0,-0,-0,-0,-0,4.4802680015564,152.744369506836,-1011.09228515625,115075.2421875,-93123.1796875,-16812.240234375,0.0213623046875,0.0006103515625,0.003662109375,0.0025177001953125,0.0006866455078125,0.044097900390625,-0.03997802734375,4.99984741210938
31.0775813579751,-0,-0,-0,-0,-0,-0,3.80906081199646,154.875473022461,-1010.91040039062,114883.3984375,-92910.8359375,-17112.8359375,-0.0067138671875,-0.0091552734375,-0.00091552734375,0.00896453857421875,-0.0113677978515625,-0.0232696533203125,-0.02349853515625,4.99984741210938
31.0785777420651,-0,-0,-0,-0,-0,-0,3.31404328346252,155.617904663086,-1012.64666748047,114444.96875,-92714.625,-16716.439453125,0.01007080078125,0.00274658203125,0.0030517578125,0.0023651123046875,0.0237655639648438,-0.0052642822265625,-0.006103515625,4.99984741210938
31.0795741261551,-0,-0,-0,-0,-0,-0,3.91011333465576,157.557861328125,-1011.28521728516,114379.609375,-92906.65625,-16789.984375,-0.00030517578125,0.01129150390625,0.0128173828125,0.0011444091796875,0.0254058837890625,0.0238800048828125,0.02716064453125,4.99984741210938
31.0805705102451,-0,-0,-0,-0,-0,-0,3.86961889266968,159.710739135742,-1009.36224365234,113697.8125,-92617.2734375,-17286.828125,-0.00518798828125,-0.00396728515625,0.00579833984375,-0.0107955932617188,0.00919342041015625,0.0739288330078125,-0.0006103515625,4.99984741210938
31.0815668943351,-0,-0,-0,-0,-0,-0,3.05111217498779,161.156326293945,-1010.91436767578,113315.578125,-92327.171875,-16969.451171875,0.0054931640625,0.00701904296875,0.009765625,0.0222015380859375,0.0169754028320312,0.0084686279296875,0.03082275390625,4.99984741210938
31.0825632784251,-0,-0,-0,-0,-0,-0,2.29103517532349,162.536178588867,-1010.08709716797,113745.1796875,-92130.4453125,-17197.34375,0.018310546875,-0.00152587890625,0.01556396484375,-0.00331878662109375,0.0299072265625,0.0136947631835938,-0.01373291015625,4.99984741210938
31.0835596625151,-0,-0,-0,-0,-0,-0,2.92240405082703,163.648696899414,-1007.88775634766,112491.4921875,-91969.8046875,-17198.75,0.0091552734375,0.0054931640625,0.01617431640625,0.0020599365234375,0.0054168701171875,0.0272750854492188,-0.03326416015625,4.99984741210938
31.0845560466051,-0,-0,-0,-0,-0,-0,2.76771116256714,165.474502563477,-1007.15063476562,112646.140625,-91558.8828125,-17401.076171875,0.00213623046875,-0.0018310546875,-0.00030517578125,0.0276947021484375,0.0169754028320312,-0.001220703125,0.00274658203125,4.99984741210938
31.0855524306951,-0,-0,-0,-0,-0,-0,1.81287598609924,167.193817138672,-1007.24432373047,112083.0546875,-91527.2421875,-17448.986328125,-0.00213623046875,-0.0042724609375,-0.01068115234375,0.002899169921875,0.0186920166015625,0.00293731689453125,0.003662109375,4.99984741210938
31.0865488147851,-0,-0,-0,-0,-0,-0,2.30486035346985,168.346374511719,-1006.50469970703,111667.5,-91055.859375,-17477.0390625,-0.01220703125,-0.010986328125,-0.00823974609375,-0.0091552734375,-0.00186920166015625,-0.00087738037109375,-0.029296875,4.99984741210938
31.0875451988751,-0,-0,-0,-0,-0,-0,1.26708400249481,169.868026733398,-1004.49261474609,111740.5078125,-91160.7890625,-17812.86328125,-0.0067138671875,0.00762939453125,0.00030517578125,-0.0225448608398438,-0.0133514404296875,-0.00553131103515625,-0.03509521484375,4.99984741210938
31.088541582965,-3.34213781356812,10.0451517105103,-23.041597366333,-2509.53369140625,41.5173377990723,147.096481323242,1.38775670528412,172.126754760742,-1004.12615966797,111020.5390625,-90854.8359375,-17756.203125,-0.0042724609375,-0.00732421875,0.0042724609375,-0.0231170654296875,0.00946044921875,0.0226211547851562,0.035400390625,4.99984741210938
31.089537967055,-1.98464834690094,19.5475788116455,-33.0441513061523,-3016.59594726562,401.992492675781,-657.442260742188,0.232192724943161,173.557571411133,-1000.63037109375,110317.546875,-90496.09375,-17625.0703125,-0.00152587890625,-0.00030517578125,-0.01190185546875,0.01068115234375,-0.0202178955078125,-0.01068115234375,0.00457763671875,4.99984741210938
31.090534351145,-0,-0,-0,-0,-0,-0,0.239586636424065,176.193222045898,-1000.17468261719,110256.140625,-90086.1484375,-18202.490234375,-0.02105712890625,-0.0067138671875,-0.0091552734375,0.01708984375,0.0178909301757812,0.011749267578125,-0.02227783203125,4.99984741210938
31.091530735235,-0,-0,-0,-0,-0,-0,-0.614871621131897,177.774139404297,-998.247497558594,109846.7265625,-89959.53125,-18255.306640625,0.00946044921875,-0.00732421875,-0.01434326171875,0.00011444091796875,-0.0228118896484375,0.00804901123046875,0.01800537109375,4.99984741210938
31.092527119325,6.79378414154053,16.0181064605713,-38.0454292297363,-5065.12890625,887.850708007812,166.252258300781,-0.325484454631805,178.491317749023,-995.677917480469,109431.671875,-89858.0234375,-17981.8359375,-0.00091552734375,-0.01068115234375,0.00518798828125,-0.0118255615234375,-0.0174713134765625,-0.02532958984375,0.0115966796875,4.99984741210938
31.093523503415,8.24177265167236,15.0226135253906,-38.4026641845703,-2935.46459960938,339.301361083984,-1289.57983398438,-0.532357394695282,179.355392456055,-994.757263183594,109347.671875,-89557.734375,-18292.591796875,-0.01007080078125,0.0030517578125,-0.01434326171875,-0.0246810913085938,-0.00949859619140625,-0.018310546875,-0.010986328125,4.99984741210938
31.094519887505,8.69426918029785,10.3166494369507,-55.5499000549316,-6464.62060546875,10.1716737747192,-82.7717742919922,-0.547275424003601,182.167892456055,-993.930969238281,108990.0625,-89071.2109375,-18542.94921875,0.00244140625,0.00762939453125,-0.01495361328125,-0.0327301025390625,-0.006256103515625,0.0213623046875,0.0274658203125,4.99984741210938
31.095516271595,7.06528186798096,1.80971527099609,-72.697135925293,-7701.85302734375,496.029541015625,-695.753723144531,-2.41944122314453,184.554504394531,-990.626892089844,108661.171875,-88980.03125,-18536.314453125,-0.01068115234375,0.00030517578125,0.00091552734375,-0.0203704833984375,-0.008087158203125,-0.0169754028320312,0.01129150390625,4.99984741210938
31.096512655685,10.3232564926147,-6.24472284317017,-68.7675628662109,-7843.830078125,1859.56591796875,-810.68798828125,-1.78730654716492,185.013778686523,-988.05029296875,107766.1953125,-88534.203125,-18439.52734375,-0.00091552734375,0.0018310546875,0.0030517578125,0.00827789306640625,0.0012969970703125,-0.0368881225585938,-0.0018310546875,4.99984741210938
31.097509039775,9.50876331329346,-5.79222631454468,-88.4154357910156,-9932.9228515625,1749.85620117188,-1212.95788574219,-1.84536457061768,187.500839233398,-984.930603027344,107138.9921875,-88073.140625,-18822.427734375,0.0042724609375,-0.018310546875,0.0067138671875,0.0054168701171875,-0.00347137451171875,0.0032806396484375,-0.00701904296875,4.99984741210938
31.098505423865,9.41826343536377,-9.68369579315186,-114.136291503906,-12022.0263671875,1937.93017578125,-1825.93981933594,-2.2795717716217,188.518447875977,-982.900329589844,107174.0078125,-87532.3359375,-18816.6953125,0.00701904296875,0.00457763671875,0.00152587890625,0.00156402587890625,-0.0177383422851562,-0.00934600830078125,0.00579833984375,4.99984741210938
31.099501807955,6.97478246688843,-19.4576206207275,-115.207992553711,-15226.66015625,2831.283203125,-1174.64575195312,-2.38897967338562,189.840484619141,-979.961853027344,106425.46875,-87216.359375,-18967.32421875,0.0115966796875,0.00396728515625,0.01495361328125,0.006256103515625,0.0077056884765625,0.0349044799804688,0,4.99984741210938
31.100498192045,5.34579515457153,-22.806095123291,-134.141403198242,-16930.3828125,3003.68432617188,-1634.38220214844,-3.49819850921631,192.288101196289,-976.930725097656,105692.6015625,-86806.9140625,-19325.357421875,0.0018310546875,0.00518798828125,0.0189208984375,-0.00980377197265625,0.02197265625,0.0286865234375,0.04364013671875,4.99984741210938
31.101494576135,5.0742974281311,-22.8965950012207,-164.149063110352,-19262.880859375,3646.2705078125,-906.466552734375,-4.02007722854614,193.661727905273,-973.439208984375,105478.3671875,-86507.890625,-19264.552734375,0.0054931640625,0.00701904296875,0.01373291015625,-0.0135040283203125,0.00148773193359375,0.00762939453125,0.04150390625,4.99984741210938
31.102490960225,3.26431107521057,-28.9600467681885,-179.86735534668,-20885.466796875,5009.8056640625,-121.083106994629,-4.75028944015503,195.153121948242,-969.212341308594,105211.5703125,-86140.046875,-19307.26171875,-0.00091552734375,0.00701904296875,0.0177001953125,0.017547607421875,-0.000762939453125,0.0583267211914062,0.03173828125,4.99984741210938
31.103487344315,-1.53215181827545,-33.6660118103027,-187.01203918457,-23826.44140625,5950.17822265625,-1212.95788574219,-5.23077249526978,197.081848144531,-966.454833984375,104682.828125,-85661.046875,-19596.619140625,0.00701904296875,0.00396728515625,0.0201416015625,0.00152587890625,0.0167465209960938,-0.0017547607421875,0.04241943359375,4.99984741210938
31.104483728405,-10.1295852661133,-37.9194793701172,-218.091415405273,-26422.587890625,7454.767578125,-542.508178710938,-5.82479763031006,198.2021484375,-961.0283203125,103883.125,-85009.09375,-19791.03125,-0.0018310546875,0.00640869140625,0.02777099609375,-0.0020599365234375,-0.00988006591796875,0.0166702270507812,-0.048828125,4.99984741210938
31.105480112495,-7.867103099823,-39.8199653625488,-245.241195678711,-27639.537109375,7815.24560546875,357.80908203125,-6.14559650421143,199.465591430664,-958.170288085938,103035.0234375,-84357.734375,-19689.11328125,-0.009765625,0.00030517578125,0.01556396484375,-0.017852783203125,0.00095367431640625,-0.02777099609375,-0.003662109375,4.99984741210938
31.106476496585,-11.6680736541748,-43.2589378356934,-250.242477416992,-30905.029296875,7924.95556640625,319.497833251953,-7.22491979598999,201.667526245117,-954.034057617188,102507.0078125,-83930.9921875,-19617.400390625,-0.00091552734375,-0.00885009765625,-0.00091552734375,0.00263214111328125,0.00225067138671875,-0.00614166259765625,0.03814697265625,4.99984741210938
31.107472880675,-17.7315273284912,-43.9829330444336,-252.743118286133,-32527.62890625,9257.142578125,779.234497070312,-7.23638677597046,203.302459716797,-949.536865234375,102002.828125,-83433.90625,-20366.279296875,0.00518798828125,-0.00579833984375,-0.001220703125,0.0161361694335938,0.0035858154296875,0.0287628173828125,-0.0091552734375,4.99984741210938
31.108469264765,-23.9759788513184,-43.9829330444336,-305.256530761719,-33886.54296875,10291.556640625,1545.46228027344,-7.57121658325195,204.613540649414,-943.754089355469,100929.375,-83187.296875,-20367.4375,0.0067138671875,-0.01068115234375,-0.01434326171875,0.010986328125,-0.0048065185546875,0.00270843505859375,-0.023193359375,4.99984741210938
31.109465648855,-30.1299304962158,-45.6119194030762,-314.544616699219,-36949.19921875,10369.919921875,4054.85620117188,-8.60803604125977,206.492324829102,-940.338134765625,100508.125,-82295.3046875,-20172.236328125,-0.0067138671875,0.0115966796875,-0.03021240234375,-0.00030517578125,-0.00518798828125,0.00225067138671875,-0.0128173828125,4.99984741210938
31.110462032945,-35.1978912353516,-42.8064422607422,-327.047790527344,-37496.828125,12391.7099609375,1986.04296875,-9.62204647064209,207.744033813477,-935.278198242188,100038.5859375,-81591.2890625,-20683.79296875,0.008544921875,0,-0.00579833984375,-0.0048828125,-0.023345947265625,-0.0201034545898438,-0.0445556640625,4.99984741210938
31.111458417035,-36.645881652832,-34.6615028381348,-350.982482910156,-38287.84375,12658.1474609375,2388.3115234375,-9.88048458099365,209.018432617188,-927.377563476562,98921.453125,-81078.0625,-20521.1875,0.00030517578125,-0.01495361328125,-0.00823974609375,-0.0099945068359375,-0.0078582763671875,-0.003509521484375,0.02166748046875,4.99984741210938
31.112454801125,-35.4693908691406,-32.3990211486816,-342.76611328125,-39626.51171875,13049.974609375,3729.21118164062,-10.4282484054565,210.749526977539,-922.86572265625,98163.7109375,-80246.234375,-20626.63671875,-0.00030517578125,0.00885009765625,-0.0335693359375,0.0118255615234375,-0.006561279296875,-0.0140380859375,0.013427734375,4.99984741210938
31.1134511852149,-44.1573219299316,-23.1680927276611,-344.909515380859,-39443.9453125,13112.66015625,4074.01171875,-11.2251634597778,211.676635742188,-915.423461914062,97640.5625,-79688.2734375,-21088.353515625,-0.00946044921875,0.00823974609375,-0.01678466796875,-0.0311279296875,-0.011444091796875,-0.0200271606445312,-0.0164794921875,4.99984741210938
31.1144475693049,-46.148307800293,-16.8331413269043,-370.987609863281,-39180.2734375,13911.974609375,4208.1015625,-12.488109588623,214.764419555664,-909.545654296875,96703.421875,-79099.2265625,-21489.720703125,-0.0067138671875,0,-0.00396728515625,-0.004730224609375,-0.00682830810546875,-0.0315093994140625,-0.01861572265625,4.99984741210938
31.1154439533949,-41.8948402404785,-11.4031829833984,-354.197601318359,-39626.51171875,14397.8388671875,4303.88330078125,-12.4947671890259,214.985565185547,-902.555725097656,95833.8671875,-78481.1171875,-21140.099609375,-0.01373291015625,-0.0018310546875,-0.010986328125,0.00423431396484375,-0.00274658203125,-0.02655029296875,0.0006103515625,4.99984741210938
31.1164403374849,-42.1663398742676,-0.905263841152191,-360.985046386719,-39788.7734375,14335.14453125,4955.17333984375,-13.7768812179565,216.702743530273,-893.818786621094,95006.3203125,-77546,-21373.150390625,0.003662109375,0.00030517578125,-0.00701904296875,0.0006866455078125,0.0174713134765625,-0.0032806396484375,-0.01739501953125,4.99984741210938
31.1174367215749,-46.6913032531738,6.06318235397339,-368.844207763672,-39768.47265625,14648.603515625,4878.55029296875,-13.4804553985596,217.28581237793,-886.372802734375,94095.5234375,-76807.6328125,-21497.755859375,0.01617431640625,0.00152587890625,-0.001220703125,-0.0026702880859375,0.0051116943359375,0.0006866455078125,0.0030517578125,4.99984741210938
31.1184331056649,-47.143798828125,10.9501447677612,-363.128448486328,-40802.875,14899.36328125,4495.43701171875,-13.9503879547119,218.620956420898,-878.838806152344,93177.1015625,-76216.4609375,-21666.818359375,-0.00518798828125,0.003662109375,0.00274658203125,-0.0334930419921875,0.015106201171875,0.013275146484375,0.00946044921875,4.99984741210938
31.1194294897549,-39.7228584289551,16.0181064605713,-360.627807617188,-38267.5625,14742.640625,5242.5087890625,-13.9833364486694,220.127975463867,-872.67236328125,91948.7890625,-75264.5703125,-21568.16796875,0.01495361328125,0.00030517578125,0.0054931640625,0.0181198120117188,0.0054168701171875,0.024566650390625,-0.00946044921875,4.99984741210938
31.1204258738449,-47.6867942810059,30.9504909515381,-388.134826660156,-39078.859375,14946.3876953125,5817.18212890625,-15.7803268432617,221.044738769531,-864.027587890625,91385.296875,-74508.6953125,-21920.763671875,0.0164794921875,0.0018310546875,0.00274658203125,0.0091552734375,0.0115966796875,-0.023345947265625,0.01129150390625,4.99984741210938
31.1214222579349,-51.035270690918,36.5614471435547,-379.91845703125,-39301.9921875,15150.1279296875,6047.0478515625,-15.7373132705688,222.249465942383,-855.562194824219,90245.8515625,-73358.359375,-21896.01171875,0.01434326171875,0.00244140625,0.01373291015625,0.0096893310546875,0.0148773193359375,0.0262069702148438,-0.0006103515625,4.99984741210938
31.1224186420249,-52.6642570495605,43.2583961486816,-382.419097900391,-38713.78515625,15808.3935546875,6736.6552734375,-16.4357757568359,222.633804321289,-845.823181152344,89328.640625,-72869.34375,-21872.13671875,0.01373291015625,-0.00396728515625,0.032958984375,0.00530242919921875,0.0209426879882812,0.00030517578125,0.01373291015625,4.99984741210938
31.1234150261149,-53.2977523803711,53.2133178710938,-376.346099853516,-39829.33984375,16106.181640625,7713.5927734375,-17.3045673370361,223.738861083984,-837.543090820312,88270.8828125,-71856.1171875,-22188.8359375,0.013427734375,-0.0048828125,0.00732421875,0.00675201416015625,0.0095367431640625,0.0174713134765625,0.02655029296875,4.99984741210938
31.1244114102049,-58.4562110900879,63.3492393493652,-386.705902099609,-39342.53125,16827.12109375,5855.49365234375,-17.1194648742676,224.021209716797,-826.047607421875,86456.296875,-70765.7265625,-21974.365234375,0.0250244140625,-0.008544921875,0.0054931640625,0.027923583984375,0.0225830078125,-0.00034332275390625,0.020751953125,4.99984741210938
31.1254077942949,-57.1892242431641,67.0597152709961,-412.4267578125,-39829.33984375,17046.541015625,6966.5224609375,-18.2635402679443,225.037353515625,-817.683471679688,85583.421875,-70191.3671875,-22000.134765625,0.01068115234375,0.001220703125,0.00640869140625,-7.62939453125e-05,0.0127410888671875,-0.0149917602539062,-0.02899169921875,4.99984741210938
31.1264041783849,-58.999210357666,70.5891876220703,-414.570159912109,-40600.046875,18002.583984375,9284.36328125,-18.1747360229492,225.244583129883,-809.037719726562,84892.9140625,-69219.703125,-22283.1328125,0.00579833984375,0.0042724609375,0.0079345703125,0.00396728515625,-0.0240325927734375,-0.0032806396484375,0.00762939453125,4.99984741210938
31.1274005624749,-59.8137016296387,77.1956329345703,-433.860809326172,-40498.63671875,18472.77734375,7809.37353515625,-19.1735248565674,225.547378540039,-795.792724609375,83478.5546875,-67956.28125,-22474.552734375,-0.001220703125,-0.0006103515625,0.01129150390625,-0.003662109375,-0.0075531005859375,-0.005035400390625,-0.01739501953125,4.99984741210938
31.1283969465649,-59.994701385498,85.8835678100586,-451.365264892578,-41431.62890625,19162.38671875,7100.61328125,-19.5342350006104,225.723480224609,-788.251647949219,82067.1015625,-67312.6328125,-22341.10546875,-0.00335693359375,0.00091552734375,-0.00244140625,-0.021209716796875,0.0064849853515625,0.006561279296875,0.02410888671875,4.99984741210938
31.1293933306549,-60.6281967163086,91.0420303344727,-451.365264892578,-41735.890625,18739.216796875,7330.478515625,-19.7693042755127,226.025344848633,-776.749267578125,80516.734375,-65954.9140625,-22359.427734375,0.0103759765625,-0.0079345703125,-0.01251220703125,0.02197265625,-0.0247573852539062,0.0238037109375,-0.01312255859375,4.99984741210938
31.1303897147449,-58.4562110900879,91.2230224609375,-460.296112060547,-43419.33984375,19961.701171875,7751.9033203125,-19.9555835723877,225.041839599609,-766.451354980469,80165.4765625,-65205.1875,-22494.9765625,-0.0140380859375,-0.010986328125,-0.00213623046875,-0.0144577026367188,-0.0170135498046875,0.0260543823242188,-0.020751953125,4.99984741210938
31.1313860988349,-58.9087104797363,96.2909851074219,-485.659729003906,-42587.7578125,19616.8984375,7732.7509765625,-21.3016242980957,225.09619140625,-751.923645019531,78490.84375,-64139.8046875,-22527.6015625,-0.00244140625,0.0006103515625,-0.01983642578125,-0.00698089599609375,-0.0274276733398438,-0.0222015380859375,-0.00885009765625,4.99984741210938
31.1323824829249,-59.6327018737793,99.548957824707,-491.732727050781,-43257.078125,19993.04296875,8633.0712890625,-21.1816120147705,225.228454589844,-740.070861816406,77114.1328125,-63427.3359375,-22452.75390625,-0.0042724609375,0.0006103515625,-0.01373291015625,-0.0144577026367188,-0.0212478637695312,0.020904541015625,0.006103515625,4.99984741210938
31.1333788670149,-59.4517059326172,103.802429199219,-503.521453857422,-42932.53515625,20134.08984375,7273.01416015625,-20.887809753418,224.660461425781,-730.497436523438,75624.7578125,-62249.23828125,-22278.99609375,0,-0.0018310546875,-0.0189208984375,0.00789642333984375,-0.0123977661132812,-0.0212860107421875,-0.00701904296875,4.99984741210938
31.1343752511049,-51.9402618408203,105.883911132812,-522.812072753906,-45386.73828125,19914.671875,7847.68505859375,-22.1921806335449,223.973083496094,-717.617309570312,74647.8125,-61061.40625,-22590.3515625,-0.008544921875,0.003662109375,-0.01220703125,-0.0063323974609375,0.001373291015625,-0.0019073486328125,0.00396728515625,4.99984741210938
31.1353716351949,-56.3747291564941,102.444938659668,-530.671264648438,-45650.4140625,21137.1640625,7502.87939453125,-22.8671455383301,223.701019287109,-705.561340332031,73282.140625,-59832.12890625,-22223.611328125,-0.0018310546875,-0.00762939453125,-0.0164794921875,-0.00335693359375,0.007781982421875,-0.015716552734375,-0.0469970703125,4.99984741210938
31.1363680192849,-56.7367248535156,105.974411010742,-545.675048828125,-45832.9296875,21638.693359375,7771.06201171875,-23.7117309570312,222.481872558594,-693.143981933594,71637.0859375,-58868.20703125,-22286.5703125,0.0091552734375,0.00152587890625,0.00579833984375,0.0005340576171875,0.00244140625,0.0258636474609375,0.01953125,4.99984741210938
31.1373644033748,-55.4697341918945,108.055892944336,-548.175720214844,-46948.484375,21764.064453125,7905.15185546875,-23.9245338439941,221.757553100586,-679.625854492188,69565.609375,-57741.98828125,-22348.171875,-0.00823974609375,0.008544921875,0.00091552734375,0.0122451782226562,0.0302886962890625,0.00522613525390625,-0.01373291015625,4.99984741210938
31.1383607874648,-57.0987243652344,108.870391845703,-567.109130859375,-46664.51171875,22516.373046875,6257.76171875,-25.0715007781982,221.155319213867,-668.114501953125,68169.546875,-56348.5234375,-22189.052734375,0.0030517578125,0.00335693359375,-0.00335693359375,0.0285720825195312,0.00362396240234375,-0.0304794311523438,-0.00274658203125,4.99984741210938
31.1393571715548,-55.6507339477539,106.879402160645,-581.398498535156,-47617.7890625,22798.470703125,6640.876953125,-25.0475578308105,218.66731262207,-653.577880859375,67089.375,-55072.609375,-22252.90625,-0.00274658203125,0.0054931640625,0.02105712890625,-0.00286102294921875,0.0127410888671875,0.0342559814453125,-0.0640869140625,4.99984741210938
31.1403535556448,-57.4607200622559,110.318374633789,-600.689086914062,-47151.29296875,22516.373046875,7579.501953125,-25.5046081542969,217.241088867188,-643.07373046875,65363.52734375,-53592.265625,-22152.58203125,0.00946044921875,0.01312255859375,0.0128173828125,-0.001068115234375,0.0035858154296875,-0.0261306762695312,0.0238037109375,4.99984741210938
31.1413499397348,-52.3022613525391,110.227882385254,-598.545715332031,-47658.37890625,23237.322265625,6698.34375,-26.2217826843262,214.90266418457,-626.613586425781,63982.34765625,-52540.6015625,-22195.822265625,0.02044677734375,0.0030517578125,-0.0018310546875,0.00850677490234375,0.005035400390625,0.0482940673828125,-0.03143310546875,4.99984741210938
31.1423463238248,-52.9357566833496,114.300346374512,-608.548278808594,-47678.63671875,23190.3046875,6315.22998046875,-27.4742679595947,213.210525512695,-611.162109375,62523.078125,-51576.27734375,-21794.12890625,0.00640869140625,0.009765625,-0.0018310546875,0.0183868408203125,0.013275146484375,-0.0532913208007812,0.025634765625,4.99984741210938
31.1433427079148,-51.4877662658691,116.110336303711,-637.127014160156,-47617.7890625,22641.7421875,7636.97265625,-26.7853088378906,211.619995117188,-599.104431152344,60445.5,-50199.5625,-21623.560546875,0.009765625,0.00762939453125,0.01312255859375,-0.00179290771484375,0.006561279296875,0.0204086303710938,-0.00213623046875,4.99984741210938
31.1443390920048,-45.8768081665039,118.282318115234,-641.771057128906,-48429.11328125,23331.34765625,6506.78515625,-25.966724395752,208.461349487305,-581.907165527344,58677.2578125,-48923.60546875,-21566.857421875,-0.00030517578125,-0.0079345703125,0.01190185546875,0.0272750854492188,0.00850677490234375,-7.62939453125e-05,0.0018310546875,4.99984741210938
31.1453354760948,-42.5283355712891,123.07878112793,-643.199951171875,-48652.22265625,23331.34765625,6525.9423828125,-27.9302196502686,205.855422973633,-569.289428710938,57555.328125,-47811.37890625,-21097.291015625,0.01007080078125,0.00579833984375,0.01739501953125,0.00324249267578125,0.007476806640625,0.0125885009765625,-0.01617431640625,4.99984741210938
31.1463318601848,-44.066822052002,128.599243164062,-653.559753417969,-48753.6328125,23221.638671875,6219.45166015625,-28.2014675140381,201.799896240234,-554.734741210938,55317.671875,-46199.14453125,-20753.234375,0.00152587890625,0.0079345703125,-0.00579833984375,0.001678466796875,0.0140762329101562,0.0244140625,0.01617431640625,4.99984741210938
31.1473282442748,-34.6548957824707,135.567687988281,-657.846557617188,-49098.41015625,23080.59375,6525.9423828125,-27.7013339996338,197.606964111328,-540.556884765625,53580.890625,-44783.9140625,-20741.712890625,0,-0.0146484375,0.00213623046875,0.00270843505859375,0.00026702880859375,-0.00988006591796875,0.00091552734375,4.99984741210938
31.1483246283648,-37.4603729248047,131.223724365234,-681.78125,-47658.37890625,22908.1796875,6219.45166015625,-28.2214889526367,192.847625732422,-524.823303222656,51715.34765625,-43893.453125,-20240.708984375,-0.00152587890625,0.001220703125,-0.010986328125,0.0086212158203125,-0.0081634521484375,-0.00255584716796875,-0.0250244140625,4.99984741210938
31.1493210124548,-28.2294464111328,135.567687988281,-686.782531738281,-47982.875,23017.890625,6928.2119140625,-28.4923324584961,188.316299438477,-512.19921875,50314.38671875,-42555.2734375,-19711.294921875,-0.006103515625,-0.001220703125,-0.01922607421875,0.0045013427734375,-0.0125503540039062,-0.005645751953125,-0.00244140625,4.99984741210938
31.1503173965448,-29.4964351654053,147.966094970703,-697.142333984375,-47922.05078125,22594.736328125,6640.876953125,-27.0617256164551,182.988082885742,-497.652801513672,48222.328125,-41242.7421875,-19140.533203125,-0.0128173828125,-0.00030517578125,-0.02532958984375,-0.0168228149414062,0.00766754150390625,-0.00102996826171875,0.0140380859375,4.99984741210938
31.1513137806348,-24.1569766998291,146.156097412109,-684.996337890625,-47151.29296875,23566.447265625,5912.95751953125,-27.0359687805176,178.143753051758,-485.029235839844,46441.34765625,-39818.1328125,-18990.86328125,0.00274658203125,-0.01007080078125,-0.00396728515625,-0.004425048828125,-0.003509521484375,0.00637054443359375,-0.0482177734375,4.99984741210938
31.1523101647248,-22.2564926147461,152.762557983398,-700.357421875,-46806.515625,22782.810546875,6066.2060546875,-27.6505641937256,173.578598022461,-470.4892578125,44562.2578125,-39040.05078125,-18163.83203125,-0.01617431640625,0.0042724609375,-0.02166748046875,-0.0055694580078125,-0.0130081176757812,-0.01800537109375,-0.032958984375,4.99984741210938
31.1533065488148,-19.3605136871338,150.862060546875,-705.00146484375,-46603.6640625,23394.05078125,5529.84375,-27.5218124389648,169.409820556641,-458.060943603516,43368.5859375,-38020.49609375,-17822.900390625,0.00762939453125,0.00244140625,-0.0396728515625,-0.0252532958984375,-0.0083160400390625,-0.0157546997070312,-0.01708984375,4.99984741210938
31.1543029329048,-15.5595436096191,154.120040893555,-715.004028320312,-47151.29296875,23127.61328125,6200.29296875,-26.9046974182129,164.371917724609,-444.438171386719,42022.234375,-36948.17578125,-17595.216796875,0.01129150390625,-0.0189208984375,-0.0250244140625,0.018157958984375,-0.01251220703125,-0.026397705078125,0.02105712890625,4.99984741210938
31.1552993169948,-13.1160621643066,158.192504882812,-730.365112304688,-44717.39453125,22688.76171875,5434.06884765625,-27.3649806976318,159.220413208008,-432.177795410156,40444.64453125,-35704.3359375,-16665.232421875,-0.00457763671875,-0.0030517578125,-0.00457763671875,-0.00148773193359375,0.0032806396484375,-0.0422286987304688,0.00152587890625,4.99984741210938
31.1562957010848,-10.9440793991089,159.550003051758,-717.147399902344,-46218.32421875,22798.470703125,6794.119140625,-27.1709804534912,153.119583129883,-417.445068359375,38706.51171875,-34553.71875,-16209.2080078125,-0.01434326171875,0.00335693359375,0.00274658203125,0.00324249267578125,-0.0028228759765625,-0.0488662719726562,0.003662109375,4.99984741210938
31.1572920851748,-5.15212392807007,159.188003540039,-730.365112304688,-45589.56640625,22265.59375,5893.80517578125,-26.4586505889893,149.304061889648,-403.455841064453,36913.42578125,-33302.76953125,-16014.708984375,0.0067138671875,0.0054931640625,0.0054931640625,-0.013427734375,0.00347137451171875,0.00640869140625,0.04974365234375,4.99984741210938
31.1582884692648,0.549332141876221,162.536468505859,-744.654479980469,-44737.703125,22202.916015625,6545.09521484375,-25.8971767425537,142.432022094727,-389.911468505859,35226.01171875,-32090.982421875,-15341.583984375,0.00274658203125,-0.00152587890625,0.00946044921875,0.01007080078125,-0.0051116943359375,0.052642822265625,0.023193359375,4.99984741210938
31.1592848533548,7.60827779769897,163.260467529297,-754.299743652344,-44676.83984375,21764.064453125,6123.669921875,-24.8110256195068,137.035308837891,-375.636291503906,33852.671875,-30743.37109375,-14559.9287109375,0.0140380859375,-0.00091552734375,0.0225830078125,0.0030517578125,0.002899169921875,0.0419998168945312,-0.035400390625,4.99984741210938
31.1602812374448,16.748706817627,167.332931518555,-749.655700683594,-42871.6875,21544.64453125,6181.14013671875,-23.9863338470459,131.427917480469,-360.817169189453,31784.9765625,-29662.751953125,-13994.3330078125,-0.01129150390625,-0.0067138671875,0.02655029296875,0.0149154663085938,0.0233078002929688,0.0246429443359375,-0.008544921875,4.99984741210938
31.1612776215348,18.1061973571777,174.844375610352,-782.164001464844,-42628.32421875,21262.544921875,5855.49365234375,-23.8991394042969,127.09854888916,-346.089508056641,30539.138671875,-28419.177734375,-13761.525390625,0.00457763671875,0.00579833984375,0.015869140625,0.0327301025390625,0.0176239013671875,0.020751953125,0.0177001953125,4.99984741210938
31.1622740056248,28.9661121368408,184.437301635742,-783.235717773438,-42851.4296875,20541.583984375,5434.06884765625,-23.1203136444092,123.041885375977,-334.117034912109,28684.841796875,-27332.16015625,-12801.1689453125,0.0018310546875,0.0054931640625,0.03326416015625,-0.0214767456054688,0.0287246704101562,0.00621795654296875,-0.03143310546875,4.99984741210938
31.1632703897147,32.405086517334,181.360336303711,-775.733825683594,-42932.53515625,20557.255859375,7368.78955078125,-22.8994960784912,117.29264831543,-320.025634765625,27369.982421875,-26138.703125,-12178.060546875,0.0152587890625,-0.00518798828125,-0.01678466796875,0.0191116333007812,0.0130844116210938,-0.01312255859375,-0.01708984375,4.99984741210938
31.1642667738047,35.210563659668,194.75422668457,-788.951477050781,-41431.62890625,20541.583984375,6794.119140625,-22.7103004455566,113.265693664551,-309.063995361328,25608.51171875,-25025.150390625,-11885.4326171875,0.0079345703125,0.003662109375,0.0067138671875,-0.00377655029296875,0.0127029418945312,-0.0186538696289062,-0.00579833984375,4.99984741210938
31.1652631578947,36.8395538330078,198.283706665039,-803.598083496094,-41066.546875,20949.08984375,5185.044921875,-21.8758888244629,108.61661529541,-295.257781982422,24431.923828125,-24031.26171875,-11040.158203125,0.00885009765625,0.0006103515625,0.013427734375,0.0270462036132812,-0.00576019287109375,-0.0119400024414062,0.00274658203125,4.99984741210938
31.1662595419847,41.3645172119141,207.87663269043,-800.740173339844,-39646.76953125,20698.310546875,4821.08349609375,-21.4873161315918,104.542892456055,-281.637817382812,23096.7109375,-22994.76171875,-10713.494140625,-0.00396728515625,-0.00030517578125,0.0103759765625,0.035552978515625,0.00213623046875,-0.02960205078125,-0.00457763671875,4.99984741210938
31.1672559260747,36.8395538330078,208.510116577148,-815.744018554688,-40214.6796875,20259.48046875,6238.607421875,-20.5763931274414,100.026306152344,-271.969146728516,21976.861328125,-22103.466796875,-10689.6787109375,-0.0164794921875,0.0042724609375,0.00335693359375,-0.00701904296875,-0.00850677490234375,0.03173828125,0.006103515625,4.99984741210938
31.1682523101647,35.5725631713867,215.207061767578,-808.956604003906,-40498.63671875,21325.236328125,4955.17333984375,-20.4195823669434,96.2118377685547,-259.083923339844,20880.765625,-21136.056640625,-10220.3369140625,0.0067138671875,-0.00244140625,-0.00030517578125,-0.00457763671875,0.0060272216796875,-0.0233840942382812,0.0030517578125,4.99984741210938
31.1692486942547,33.5815773010254,223.533004760742,-827.890014648438,-38531.234375,21544.64453125,4629.52685546875,-19.4050235748291,91.8887329101562,-246.564392089844,19310.77734375,-20134.330078125,-9448.470703125,-0.0067138671875,0.00640869140625,-0.02105712890625,0.0006866455078125,-0.0110626220703125,-0.0041961669921875,-0.0140380859375,4.99984741210938
31.1702450783447,35.482063293457,220.365524291992,-811.099975585938,-38247.3046875,20792.359375,6698.34375,-20.0736083984375,87.7158660888672,-236.61083984375,18651.912109375,-19148.5234375,-9109.2197265625,-0.00518798828125,0.00152587890625,0.02105712890625,0.0122833251953125,-0.0188446044921875,-0.0098419189453125,-0.00152587890625,4.99984741210938
31.1712414624347,34.8485679626465,220.818023681641,-825.389343261719,-39078.859375,21450.619140625,4801.9306640625,-19.5568790435791,84.3386306762695,-226.853820800781,16954.064453125,-18371.482421875,-8777.4931640625,-0.00457763671875,-0.00396728515625,-0.03204345703125,-0.0206756591796875,-0.0177764892578125,-0.0406265258789062,-0.0164794921875,4.99984741210938
31.1722378465247,31.0475959777832,220.184524536133,-826.461059570312,-38125.58203125,22218.576171875,4265.57177734375,-18.1172466278076,79.7869110107422,-215.254623413086,16559.783203125,-17419.83984375,-8132.0859375,-0.01800537109375,0.01373291015625,-0.02044677734375,-0.0139999389648438,-0.0101089477539062,-0.0304412841796875,0.01129150390625,4.99984741210938
31.1732342306147,31.9525890350342,220.818023681641,-842.179382324219,-37131.75390625,20651.3046875,4303.88330078125,-16.9945983886719,76.2368469238281,-207.241104125977,15511.6484375,-16616.236328125,-7693.365234375,-0.0091552734375,-0.01739501953125,0.00244140625,-0.00579833984375,-0.0206756591796875,0.0224685668945312,0.00640869140625,4.99984741210938
31.1742306147047,26.9751281738281,221.361022949219,-840.035949707031,-37375.1328125,21952.138671875,4763.61962890625,-16.5116901397705,73.3590621948242,-196.021148681641,14765.7587890625,-15873.0458984375,-7739.18017578125,-0.0054931640625,0.00152587890625,-0.01373291015625,0.008392333984375,-0.0179290771484375,-0.008392333984375,0.00213623046875,4.99984741210938
31.1752269987947,26.613130569458,209.143615722656,-826.461059570312,-36523.26953125,21434.9375,4112.3232421875,-15.3613967895508,68.8807220458984,-185.064453125,13555.693359375,-14922.1220703125,-7250.21630859375,-0.0042724609375,-0.0079345703125,-0.0390625,0.0067901611328125,-0.00762939453125,0.0084686279296875,-0.02899169921875,4.99984741210938
31.1762233828847,24.2601490020752,210.320114135742,-840.750427246094,-35894.51171875,21591.67578125,3384.4072265625,-13.9701814651489,66.66943359375,-175.776275634766,12528.662109375,-14318.490234375,-6638.20458984375,0.00885009765625,0.00213623046875,0.00701904296875,0.00728607177734375,0.024261474609375,0.0274658203125,0.006103515625,4.99984741210938
31.1772197669747,25.8891372680664,214.211578369141,-836.463623046875,-36097.3359375,22046.18359375,4495.43701171875,-12.8830862045288,62.7291946411133,-165.93115234375,12476.166015625,-13616.3505859375,-6547.5947265625,-0.01251220703125,-0.00152587890625,-0.00152587890625,0.0009918212890625,0.016326904296875,0.00102996826171875,-0.05889892578125,4.99984741210938
31.1782161510647,24.4411468505859,209.958114624023,-833.962951660156,-36097.3359375,21811.08203125,4131.47998046875,-12.3723707199097,58.7330589294434,-157.907119750977,10794.7958984375,-12675.4111328125,-5662.5439453125,0.003662109375,-0.00091552734375,0.0079345703125,0.009918212890625,0.0006103515625,0.048980712890625,0.02410888671875,4.99984741210938
31.1792125351547,22.902660369873,204.61865234375,-843.965515136719,-34616.73828125,22077.51953125,3805.83227539062,-10.9755172729492,56.3523063659668,-148.437927246094,10399.9697265625,-12200.0390625,-5032.27587890625,0.0128173828125,-0.00091552734375,0.02777099609375,0.0123977661132812,0.00827789306640625,0.0231170654296875,0.006103515625,4.99984741210938
31.1802089192447,23.5361557006836,207.062133789062,-838.249755859375,-34778.97265625,22046.18359375,4303.88330078125,-9.77754402160645,53.9997291564941,-139.05583190918,9412.65234375,-11294.0185546875,-5418.71484375,-0.00244140625,-0.00518798828125,0.006103515625,0.0164031982421875,0.0464248657226562,0.0215911865234375,0.01068115234375,4.99984741210938
31.1812053033347,23.5361557006836,211.858596801758,-850.038513183594,-34312.4765625,22673.087890625,4514.595703125,-8.67637825012207,51.9514350891113,-133.900756835938,9051.458984375,-10766.8916015625,-5278.5615234375,0.01068115234375,-0.0006103515625,0.02838134765625,-0.00396728515625,0.022430419921875,0.00804901123046875,-0.01312255859375,4.99984741210938
31.1822016874247,21.8166675567627,211.044097900391,-852.896362304688,-34596.4375,22140.212890625,3690.89965820312,-8.24732875823975,49.0764198303223,-126.718589782715,8670.0537109375,-10204.46484375,-4826.736328125,0.0048828125,0.00640869140625,0.02349853515625,-0.00629425048828125,0.0135040283203125,0.0352096557617188,0.01190185546875,4.99984741210938
31.1831980715147,18.2871952056885,215.659561157227,-856.111511230469,-34636.99609375,23300.0078125,4418.81396484375,-5.94080209732056,48.4318695068359,-118.459350585938,8057.00146484375,-9886.2255859375,-4690.2802734375,-0.0091552734375,0.01190185546875,0.0030517578125,-0.0273895263671875,0.0293350219726562,0.0160980224609375,-0.01434326171875,4.99984741210938
31.1841944556047,24.6221466064453,218.646041870117,-867.54296875,-33622.87109375,24036.63671875,4648.685546875,-5.88434267044067,45.6722831726074,-110.634696960449,7602.4638671875,-9298.001953125,-4450.72021484375,-0.00885009765625,0.00823974609375,0.01220703125,0.00896453857421875,0.0237655639648438,0.0185775756835938,0.009765625,4.99984741210938
31.1851908396947,28.42311668396,219.460540771484,-854.682556152344,-34129.9609375,22923.8671875,4591.216796875,-6.16263580322266,43.0108871459961,-105.286170959473,6971.4970703125,-8761.8388671875,-4008.53637695312,0.00335693359375,0.00640869140625,0.01556396484375,0.00019073486328125,0.0122451782226562,-0.0316238403320312,-0.00885009765625,4.99984741210938
31.1861872237847,28.7851142883301,220.727523803711,-869.329162597656,-33420.046875,23268.66796875,4054.85620117188,-4.43404150009155,39.1518516540527,-98.561279296875,6289.62744140625,-8129.7998046875,-3358.4423828125,-0.0006103515625,0.00335693359375,0.00701904296875,-0.00392913818359375,-0.0153350830078125,-0.00591278076171875,0.0250244140625,4.99984741210938
31.1871836078747,27.0656280517578,214.573577880859,-869.686401367188,-32689.900390625,23158.958984375,4993.48486328125,-2.66919302940369,37.8869132995605,-91.3132476806641,5952.4716796875,-7973.5849609375,-3559.16088867188,-0.0042724609375,0.00091552734375,0.0189208984375,-0.0083160400390625,-0.0216293334960938,0.00354766845703125,-0.01953125,4.99984741210938
31.1881799919646,33.3100776672363,221.08952331543,-865.399597167969,-33318.6328125,23143.2734375,5012.6435546875,-1.47906589508057,36.1667060852051,-87.9055252075195,5447.32080078125,-7584.84619140625,-3290.48413085938,0.0018310546875,-0.00457763671875,-0.0054931640625,-0.00331878662109375,-0.0185775756835938,0.04180908203125,0.0115966796875,4.99984741210938
31.1891763760546,40.369026184082,220.275024414062,-878.974487304688,-32304.51171875,23143.2734375,4591.216796875,-0.549558043479919,32.6797828674316,-82.6452941894531,4703.09619140625,-6832.57763671875,-2877.66650390625,-0.0048828125,-0.00030517578125,-0.0152587890625,0.00415802001953125,-0.0174331665039062,-0.0084686279296875,0.00274658203125,4.99984741210938
31.1901727601446,35.3915634155273,222.628005981445,-896.121704101562,-32263.95703125,22908.1796875,5740.556640625,0.569753468036652,30.4339294433594,-79.6016998291016,4722.3857421875,-6356.306640625,-2842.6083984375,-0.01068115234375,-0.015869140625,-0.03265380859375,-0.0128936767578125,-0.0288009643554688,0.0184249877929688,0.013427734375,4.99984741210938
31.1911691442346,37.1110496520996,219.008041381836,-899.694030761719,-32040.8359375,23331.34765625,5127.57421875,1.63628125190735,28.4855976104736,-71.065299987793,4069.84985351562,-6363.328125,-2622.46655273438,0.00732421875,-0.00274658203125,-0.02410888671875,0.0151824951171875,-0.0237655639648438,0.0206375122070312,0.0054931640625,4.99984741210938
31.1921655283246,44.169994354248,217.017059326172,-897.907897949219,-31736.61328125,23174.619140625,4801.9306640625,2.64494490623474,26.4195346832275,-66.6438446044922,3880.81616210938,-5922.32177734375,-2176.40966796875,-0.00885009765625,-0.0006103515625,-0.0177001953125,-0.0153732299804688,-0.0137710571289062,-0.0247955322265625,-0.0177001953125,4.99984741210938
31.1931619124146,45.6179847717285,219.822540283203,-900.408508300781,-30925.3125,22406.650390625,5491.53271484375,3.20295357704163,24.0438823699951,-62.8626136779785,3466.04663085938,-5429.12548828125,-2056.24145507812,-0.00640869140625,-0.0091552734375,-0.00152587890625,-0.0091552734375,-0.013275146484375,0.00186920166015625,-0.02044677734375,4.99984741210938
31.1941582965046,45.0749893188477,218.917541503906,-901.122985839844,-31939.42578125,23723.181640625,5510.69140625,4.33614444732666,22.988000869751,-57.4533729553223,3423.71215820312,-5513.85595703125,-2188.88525390625,-0.00762939453125,0.01007080078125,-0.00640869140625,-0.0345993041992188,-0.007171630859375,0.039825439453125,-0.00030517578125,4.99984741210938
31.1951546805946,43.5364990234375,220.003524780273,-905.767028808594,-30722.48828125,24005.279296875,4686.9970703125,5.34122085571289,21.4676914215088,-53.5768623352051,2819.31958007812,-4798.66796875,-1662.60998535156,-0.00701904296875,0.00457763671875,0.00152587890625,0.00011444091796875,-0.0042724609375,-0.0294113159179688,-0.00244140625,4.99984741210938
31.1961510646846,48.7854614257812,222.809005737305,-921.842529296875,-31046.99609375,23973.93359375,4495.43701171875,5.76308679580688,19.2038993835449,-49.9883995056152,2721.4267578125,-4675.36669921875,-1548.3671875,0.00213623046875,0.00244140625,-0.02197265625,0.00457763671875,0.003204345703125,-0.03692626953125,-0.05218505859375,4.99984741210938
31.1971474487746,44.7129898071289,220.094024658203,-931.130615234375,-30195.142578125,24020.955078125,4572.0595703125,6.34730768203735,17.9763851165771,-47.8660888671875,2500.25805664062,-4373.08642578125,-1196.51574707031,0.00091552734375,-0.01129150390625,0.00274658203125,-0.0173568725585938,-0.018157958984375,0.0257110595703125,0.01220703125,4.99984741210938
31.1981438328646,43.7174987792969,217.379058837891,-929.344482421875,-30134.294921875,23832.88671875,3384.4072265625,7.51750373840332,16.1521492004395,-43.8204116821289,2335.52416992188,-4095.49926757812,-1210.36254882812,-0.0018310546875,0.0146484375,0.018310546875,-0.00377655029296875,0.00110626220703125,0.0197219848632812,-0.00244140625,4.99984741210938
31.1991402169546,44.169994354248,214.121078491211,-933.274047851562,-30235.708984375,24804.59375,2962.98364257812,6.74725818634033,14.9565677642822,-41.6991691589355,1857.65209960938,-4042.97802734375,-853.201843261719,0.01739501953125,0.0006103515625,0.008544921875,0.0120162963867188,0.01861572265625,0.0123977661132812,-0.0067138671875,4.99984741210938
31.2001366010446,43.6269989013672,218.555541992188,-935.060241699219,-31513.50390625,24710.5703125,4533.74853515625,7.632493019104,12.2966423034668,-38.6607971191406,1647.55944824219,-3936.65991210938,-555.955871582031,0.00823974609375,0.0042724609375,0.01373291015625,0.0006866455078125,0.00820159912109375,0.0452041625976562,0.02044677734375,4.99984741210938
31.2011329851346,40.097526550293,218.555541992188,-941.490417480469,-30844.18359375,24898.640625,4514.595703125,7.54041719436646,10.2178258895874,-35.158073425293,1694.18908691406,-3572.23876953125,-664.334655761719,0.01251220703125,0.00732421875,0.00762939453125,0.0168991088867188,0.0105667114257812,0.0037384033203125,-0.00213623046875,4.99984741210938
31.2021293692246,41.1835174560547,213.397079467773,-945.062744140625,-31391.8046875,25071.03125,4457.12548828125,8.71835041046143,8.20264053344727,-35.6990928649902,1481.32727050781,-3337.53393554688,-525.66796875,0.00640869140625,0.00946044921875,0.00396728515625,0.00492095947265625,0.0171661376953125,0.048675537109375,0.0006103515625,4.99984741210938
31.2031257533146,43.3555030822754,211.496597290039,-952.207458496094,-30945.595703125,24381.439453125,4572.0595703125,7.69750356674194,7.42843961715698,-33.5816078186035,1396.19213867188,-3440.18530273438,-70.5744323730469,0.00457763671875,0.00274658203125,-0.00640869140625,-0.00957489013671875,0.0225830078125,0.0211334228515625,-0.0146484375,4.99984741210938
31.2041221374046,36.1155586242676,211.768096923828,-953.99365234375,-30519.65234375,25259.1171875,4380.50341796875,8.43472766876221,5.62606859207153,-32.7367134094238,1186.88598632812,-2801.04150390625,-158.787139892578,-0.0048828125,-0.00579833984375,0.0244140625,0.00972747802734375,-0.00247955322265625,-0.0095367431640625,-0.0018310546875,4.99984741210938
31.2051185214946,38.7400360107422,210.139114379883,-946.49169921875,-30032.8828125,26309.19921875,3767.52221679688,8.83184337615967,3.31338047981262,-29.6105308532715,1067.21435546875,-2823.98120117188,-59.5099678039551,0.00579833984375,-0.00091552734375,-0.0054931640625,-0.00335693359375,0.00392913818359375,0.0063323974609375,-0.013427734375,4.99984741210938
31.2061149055846,35.482063293457,206.881134033203,-955.065307617188,-30823.900390625,26074.09765625,4016.54565429688,8.82735157012939,2.17514562606812,-28.6823902130127,750.632751464844,-2599.09619140625,69.8472137451172,0.01068115234375,0.009765625,0.01434326171875,-0.0003814697265625,0.0177001953125,0.0487136840820312,0.018310546875,4.99984741210938
31.2071112896746,37.5635452270508,204.980651855469,-958.280456542969,-31635.201171875,26528.60546875,3748.36694335938,8.1806583404541,1.1027752161026,-26.0167064666748,1027.38037109375,-2648.95458984375,49.6567268371582,0.003662109375,0.0079345703125,-0.01312255859375,-0.0128173828125,0.0028228759765625,0.0286483764648438,-0.0006103515625,4.99984741210938
31.2081076737646,36.0250587463379,204.256652832031,-965.782348632812,-31432.375,26826.388671875,4284.724609375,8.40908145904541,0.218781962990761,-25.6406135559082,775.150390625,-2407.13134765625,154.121765136719,-0.001220703125,0.001220703125,-0.00885009765625,-0.00446319580078125,-0.0234603881835938,0.0046539306640625,-0.03021240234375,4.99984741210938
31.2091040578546,32.9480819702148,201.36067199707,-967.92578125,-30276.26171875,27280.900390625,3710.05541992188,9.45672988891602,-2.03009605407715,-24.3539352416992,890.9482421875,-2533.34619140625,376.1044921875,0.006103515625,0.00823974609375,-0.01495361328125,0.0095367431640625,0.006561279296875,0.00705718994140625,0.02716064453125,4.99984741210938
31.2101004419446,34.3055725097656,202.989669799805,-976.856628417969,-30499.380859375,26559.951171875,3614.275390625,-0,-0,-0,-0,-0,-0,-0.01708984375,-0.0067138671875,0,-0.00217437744140625,-0.0153350830078125,0.0117111206054688,-0.0128173828125,4.99984741210938
31.2110968260346,36.8395538330078,200.455688476562,-984.001281738281,-30965.865234375,26465.92578125,4686.9970703125,-0,-0,-0,-0,-0,-0,-0.0079345703125,-0.01861572265625,-0.01190185546875,-0.0162887573242188,-0.0069427490234375,-0.0096893310546875,0.0030517578125,4.99984741210938
31.2120932101246,39.1925354003906,201.451171875,-993.289367675781,-30479.09765625,26748.025390625,3805.83227539062,-0,-0,-0,-0,-0,-0,-0.0048828125,0.00885009765625,-0.01678466796875,-0.0096893310546875,-0.0058746337890625,-0.031280517578125,-0.001220703125,4.99984741210938
31.2130895942145,36.4775543212891,199.731689453125,-997.576171875,-30397.96875,26654,2752.27124023438,-0,-0,-0,-0,-0,-0,-0.0006103515625,-0.0079345703125,-0.02716064453125,0.0064849853515625,-0.008697509765625,-0.01861572265625,-0.0079345703125,4.99984741210938
31.2140859783045,36.3870544433594,198.10270690918,-990.431518554688,-31168.703125,27390.623046875,4284.724609375,-0,-0,-0,-0,-0,-0,-0.003662109375,0.00244140625,-0.0054931640625,-0.00339508056640625,-0.0188064575195312,0.0138092041015625,-0.0140380859375,4.99984741210938
31.2150823623945,36.3870544433594,197.650207519531,-1010.79382324219,-30418.251953125,27892.140625,4112.3232421875,-0,-0,-0,-0,-0,-0,0.0018310546875,0.00946044921875,-0.00885009765625,-0.0228118896484375,0.0049591064453125,-0.00278472900390625,0.001220703125,4.99984741210938
31.2160787464845,35.482063293457,199.188690185547,-1000.07684326172,-29809.7734375,27923.5,4093.16772460938,-0,-0,-0,-0,-0,-0,0.01739501953125,0.0042724609375,0.00030517578125,-0.001220703125,-0.00362396240234375,0.0197982788085938,-0.015869140625,4.99984741210938
31.2170751305745,35.8440589904785,196.111709594727,-1010.07940673828,-29586.66796875,28315.30859375,3518.49853515625,-0,-0,-0,-0,-0,-0,-0.00030517578125,-0.0054931640625,0.00244140625,-0.006103515625,-0.00720977783203125,0.0016021728515625,0.015869140625,4.99984741210938
31.2180715146645,37.4730491638184,194.482727050781,-1004.00640869141,-30012.587890625,27986.19140625,4131.47998046875,-0,-0,-0,-0,-0,-0,-0.0067138671875,0.01495361328125,0.01220703125,0.0040435791015625,0.00652313232421875,0.00766754150390625,0.00701904296875,4.99984741210938
31.2190678987545,31.8620910644531,191.224746704102,-1007.22149658203,-29728.63671875,29098.9609375,2828.89306640625,-0,-0,-0,-0,-0,-0,0.00946044921875,0.00579833984375,0.0030517578125,0.0113296508789062,0.030975341796875,0.0028228759765625,-0.0140380859375,4.99984741210938
31.2200642828445,34.2150726318359,191.134262084961,-1012.22277832031,-29951.75390625,28769.8203125,3920.76782226562,-0,-0,-0,-0,-0,-0,0.0262451171875,0.0140380859375,0.01220703125,-0.00530242919921875,0.0145721435546875,0.0106430053710938,-0.006103515625,4.99984741210938
31.2210606669345,32.5860862731934,192.310745239258,-1023.29705810547,-30357.390625,-31272.81640625,4514.595703125,-0,-0,-0,-0,-0,-0,0.01007080078125,-0.001220703125,0.023193359375,0.00911712646484375,0.0241470336914062,0.0410079956054688,-0.02166748046875,4.99984741210938
31.2220570510245,31.3190956115723,188.419281005859,-1014.72344970703,-30093.71875,31042.392578125,3690.89965820312,-0,-0,-0,-0,-0,-0,0.009765625,0.00701904296875,0.01373291015625,0.010986328125,0.005340576171875,0.0262451171875,-0.02685546875,4.99984741210938
31.2230534351145,28.6041164398193,187.152282714844,-1023.29705810547,-30114.013671875,29381.0625,4437.97314453125,-0,-0,-0,-0,-0,-0,0.0128173828125,0.0006103515625,-0.00396728515625,0.00904083251953125,0.0151443481445312,-0.0109481811523438,-0.02655029296875,4.99984741210938
31.2240498192045,28.1516189575195,184.799301147461,-1017.22406005859,-28613.095703125,29428.091796875,3844.1435546875,-0,-0,-0,-0,-0,-0,0.0244140625,-0.0079345703125,0.00396728515625,0.0146865844726562,0.0103378295898438,0.009613037109375,0.02899169921875,4.99984741210938
31.2250462032945,24.0791511535645,185.613800048828,-1023.29705810547,-30073.4453125,30039.33203125,4303.88330078125,-0,-0,-0,-0,-0,-0,-0.01495361328125,0.01129150390625,0.029296875,0.0162124633789062,0.00499725341796875,-0.0253677368164062,0.00823974609375,4.99984741210938
31.2260425873845,29.0566120147705,184.437301635742,-1024.72595214844,-29931.470703125,30086.349609375,3441.87573242188,-0,-0,-0,-0,-0,-0,0.0006103515625,0.01007080078125,-0.0079345703125,-0.0260543823242188,-0.002899169921875,-0.0144577026367188,0.02227783203125,4.99984741210938
31.2270389714745,23.9886512756348,180.183837890625,-1024.01147460938,-29302.701171875,30337.1171875,3020.45068359375,-0,-0,-0,-0,-0,-0,0.0042724609375,0.00091552734375,-0.00274658203125,0.01708984375,0.00339508056640625,-0.03662109375,0.0030517578125,4.99984741210938
31.2280353555645,24.5316467285156,177.287857055664,-1026.86938476562,-28978.193359375,30415.48046875,3518.49853515625,-0,-0,-0,-0,-0,-0,0.00762939453125,0.0030517578125,-0.0146484375,0.009307861328125,-0.0022125244140625,-0.0403594970703125,-0.0244140625,4.99984741210938
31.2290317396545,22.9931583404541,182.808319091797,-1025.08325195312,-28957.8984375,31011.03515625,2330.84619140625,-0,-0,-0,-0,-0,-0,-0.001220703125,0.0067138671875,0.0048828125,-0.00194549560546875,-0.0003814697265625,0.021820068359375,0.01373291015625,4.99984741210938
31.2300281237445,21.8166675567627,178.46435546875,-1034.728515625,-29992.30859375,30478.158203125,3556.80859375,-0,-0,-0,-0,-0,-0,-0.0103759765625,-0.01953125,-0.03448486328125,0.00949859619140625,-0.0011444091796875,-0.00392913818359375,0.01251220703125,4.99984741210938
31.2310245078345,22.8121604919434,172.12939453125,-1024.72595214844,-29140.44140625,30587.869140625,3575.96411132812,-0,-0,-0,-0,-0,-0,-0.00762939453125,-0.001220703125,-0.01861572265625,-0.00797271728515625,-0.0072479248046875,-0.0008392333984375,0.00396728515625,4.99984741210938
31.2320208919245,21.3641719818115,172.762893676758,-1020.08190917969,-28957.8984375,31105.0859375,3729.21118164062,-0,-0,-0,-0,-0,-0,-0.00213623046875,0.00244140625,-0.023193359375,-0.00743865966796875,-0.00797271728515625,-0.0107192993164062,-0.02777099609375,4.99984741210938
31.2330172760145,21.0021743774414,177.830856323242,-1033.65686035156,-28531.978515625,30650.572265625,2905.51513671875,-0,-0,-0,-0,-0,-0,-0.00885009765625,0.00640869140625,-0.0067138671875,-0.025634765625,-0.0064849853515625,-0.0016021728515625,0.0201416015625,4.99984741210938
31.2340136601045,20.1876811981201,171.94841003418,-1020.43914794922,-27558.40625,30384.134765625,3480.18725585938,-0,-0,-0,-0,-0,-0,0.00152587890625,-0.0189208984375,-0.0115966796875,-0.00823974609375,-0.008392333984375,-0.0358200073242188,0.0030517578125,4.99984741210938
31.2350100441945,18.015697479248,169.776412963867,-1030.44177246094,-29241.865234375,30133.357421875,4342.193359375,-0,-0,-0,-0,-0,-0,-0.00335693359375,-0.01556396484375,-0.03082275390625,-0.000457763671875,-0.000152587890625,0.0037384033203125,0.01556396484375,4.99984741210938
31.2360064282845,19.0111904144287,168.147430419922,-1041.87316894531,-27193.322265625,30932.671875,3614.275390625,-0,-0,-0,-0,-0,-0,0.00396728515625,-0.00762939453125,-0.001220703125,0.017547607421875,0.0060272216796875,-0.0296401977539062,0.0128173828125,4.99984741210938
31.2370028123744,20.0971813201904,164.617965698242,-1021.51086425781,-28248.01171875,31073.73828125,3135.38330078125,-0,-0,-0,-0,-0,-0,0.00335693359375,-0.0091552734375,0.00244140625,0.0302886962890625,0.00194549560546875,-0.0380325317382812,0.0079345703125,4.99984741210938
31.2379991964644,22.1786651611328,161.269485473633,-1035.44299316406,-27943.787109375,30791.625,3844.1435546875,-0,-0,-0,-0,-0,-0,0.0146484375,0.0006103515625,0.0054931640625,0.0182723999023438,0.0100326538085938,-0.0362014770507812,-0.010986328125,4.99984741210938
31.2389955805544,20.0066814422607,159.459503173828,-1013.29449462891,-26463.166015625,30446.818359375,3116.2275390625,-0,-0,-0,-0,-0,-0,0.0140380859375,0.010986328125,0.01983642578125,0.0224685668945312,0.00667572021484375,-0.02288818359375,-0.0146484375,4.99984741210938
31.2399919646444,21.8166675567627,159.369003295898,-1021.51086425781,-27274.455078125,31105.0859375,2982.13940429688,-0,-0,-0,-0,-0,-0,0.01129150390625,0,0.010986328125,-0.0040435791015625,-0.0108718872070312,-0.04425048828125,0.03082275390625,4.99984741210938
31.2409883487344,22.2691650390625,157.016021728516,-1017.93853759766,-27132.486328125,31011.03515625,4495.43701171875,-0,-0,-0,-0,-0,-0,0.0042724609375,-0.00244140625,0.0048828125,-0.00431060791015625,0.0095367431640625,0.00560760498046875,-0.018310546875,4.99984741210938
31.2419847328244,17.2012042999268,157.106521606445,-1004.36364746094,-27517.85546875,31120.7578125,2982.13940429688,-0,-0,-0,-0,-0,-0,-0.0006103515625,0.0018310546875,0.0262451171875,-0.009765625,0.03448486328125,-0.0075531005859375,-0.0091552734375,4.99984741210938
31.2429811169144,17.9251976013184,156.020523071289,-1024.01147460938,-26098.080078125,31167.765625,3020.45068359375,-0,-0,-0,-0,-0,-0,0.008544921875,0.01068115234375,0.0091552734375,-0.0041961669921875,0.01678466796875,0.0331497192382812,0.01190185546875,4.99984741210938
31.2439775010044,16.9297065734863,154.391540527344,-995.075561523438,-26686.259765625,31105.0859375,3192.85180664062,-0,-0,-0,-0,-0,-0,0.0030517578125,0.0115966796875,0.01556396484375,-0.0153732299804688,0.013275146484375,0.00438690185546875,0.00946044921875,4.99984741210938
31.2449738850944,17.9251976013184,149.323577880859,-1014.72344970703,-26706.5546875,30932.671875,3556.80859375,-0,-0,-0,-0,-0,-0,-0.00946044921875,-0.003662109375,0.020751953125,0.0245285034179688,0.0101470947265625,0.0022125244140625,-0.00213623046875,4.99984741210938
31.2459702691844,16.6582069396973,149.23307800293,-998.647888183594,-25935.8203125,31214.794921875,4437.97314453125,-0,-0,-0,-0,-0,-0,0.01251220703125,0.0067138671875,-0.01251220703125,-0.009307861328125,0.00095367431640625,0.0147628784179688,0.00396728515625,4.99984741210938
31.2469666532744,21.2736721038818,151.405059814453,-1011.15106201172,-24556.599609375,31481.232421875,3499.34301757812,-0,-0,-0,-0,-0,-0,-0.0115966796875,0.00091552734375,0.01617431640625,0.0140380859375,0.0049591064453125,0.0165176391601562,0.0054931640625,4.99984741210938
31.2479630373644,18.7396926879883,148.690078735352,-1009.00769042969,-25509.88671875,30869.9921875,4169.7900390625,-0,-0,-0,-0,-0,-0,0.0115966796875,-0.0140380859375,0.01007080078125,-0.0042724609375,-0.0103378295898438,-0.0261688232421875,-0.02593994140625,4.99984741210938
31.2489594214544,18.920690536499,148.418579101562,-1014.72344970703,-25266.486328125,31308.83203125,3729.21118164062,-0,-0,-0,-0,-0,-0,0.00335693359375,-0.0048828125,0.00396728515625,0.00019073486328125,-0.0041961669921875,0.0067901611328125,-0.02166748046875,4.99984741210938
31.2499558055444,19.1921882629395,144.708114624023,-997.933410644531,-24495.751953125,30086.349609375,3173.6962890625,-0,-0,-0,-0,-0,-0,-0.01007080078125,-0.00732421875,-0.02166748046875,-7.62939453125e-05,-0.0052642822265625,-0.0143051147460938,-0.03021240234375,4.99984741210938
31.2509521896344,16.6582069396973,146.518096923828,-1003.29193115234,-25043.390625,29772.89453125,3154.5390625,-0,-0,-0,-0,-0,-0,0.00244140625,-0.00457763671875,-0.00885009765625,-0.0119781494140625,-0.010833740234375,-0.0087738037109375,0.00885009765625,4.99984741210938
31.2519485737244,17.8346996307373,146.608596801758,-993.289367675781,-24434.916015625,30540.86328125,3499.34301757812,-0,-0,-0,-0,-0,-0,-0.0054931640625,-0.00457763671875,-0.0115966796875,-0.005035400390625,-0.00949859619140625,-0.0096893310546875,-0.01678466796875,4.99984741210938
31.2529449578144,14.7577228546143,144.798614501953,-980.428955078125,-25246.21484375,31982.763671875,2924.6708984375,-0,-0,-0,-0,-0,-0,-0.0042724609375,-0.00946044921875,-0.00396728515625,0.0040435791015625,-0.0244140625,0.0172805786132812,-0.00457763671875,4.99984741210938
31.2539413419044,17.0202045440674,142.807632446289,-982.929565429688,-24130.666015625,30478.158203125,2579.86962890625,-0,-0,-0,-0,-0,-0,-0.0152587890625,0.009765625,-0.0079345703125,-0.00499725341796875,-0.00865936279296875,-0.0265884399414062,0.045166015625,4.99984741210938
31.2549377259944,14.7577228546143,141.993133544922,-990.788757324219,-24090.11328125,30478.158203125,3441.87573242188,-0,-0,-0,-0,-0,-0,-0.01434326171875,-0.00335693359375,-0.013427734375,0.0081634521484375,-0.023345947265625,0.0199127197265625,-0.01190185546875,4.99984741210938
31.2559341100844,17.3822021484375,137.558670043945,-985.072998046875,-23461.35546875,30102.01171875,2541.55859375,-0,-0,-0,-0,-0,-0,-0.01068115234375,0,0.0140380859375,-0.0051116943359375,0.0152206420898438,0.019989013671875,0.00732421875,4.99984741210938
31.2569304941744,17.5631999969482,134.391189575195,-981.500671386719,-23217.966796875,30086.349609375,4074.01171875,-0,-0,-0,-0,-0,-0,-0.01251220703125,0.00274658203125,0.0152587890625,0.00232696533203125,0.00255584716796875,0.009918212890625,0.006103515625,4.99984741210938
31.2579268782644,18.2871952056885,136.744171142578,-981.143432617188,-22528.361328125,29976.640625,4227.26025390625,-0,-0,-0,-0,-0,-0,-0.013427734375,0.01373291015625,0.01007080078125,0.0070953369140625,0.0199508666992188,-0.0165939331054688,0.0396728515625,4.99984741210938
31.2589232623544,17.2012042999268,133.757690429688,-975.784912109375,-22183.552734375,29255.677734375,4035.70068359375,-0,-0,-0,-0,-0,-0,0.0048828125,0.01068115234375,0.009765625,-0.00637054443359375,0.015716552734375,0.0066375732421875,0.0042724609375,4.99984741210938
31.2599196464444,18.3776950836182,135.477188110352,-975.784912109375,-22792.033203125,30838.646484375,2158.443359375,-0,-0,-0,-0,-0,-0,0.00274658203125,-0.0042724609375,0.0152587890625,-0.0128555297851562,0.00194549560546875,0.0049591064453125,0.0347900390625,4.99984741210938
31.2609160305344,17.6536998748779,130.680725097656,-972.212585449219,-21757.615234375,30258.748046875,3154.5390625,-0,-0,-0,-0,-0,-0,0.009765625,-0.00091552734375,0.0262451171875,0.0143814086914062,0.0214385986328125,0.0414657592773438,0.01708984375,4.99984741210938
31.2619124146243,17.4727020263672,130.590225219727,-961.495544433594,-20905.75,29192.9921875,2982.13940429688,-0,-0,-0,-0,-0,-0,0.00732421875,-0.00457763671875,0.0335693359375,0.0081634521484375,0.0129318237304688,-0.02227783203125,-0.02471923828125,4.99984741210938
31.2629087987143,16.0247135162354,127.060745239258,-948.635131835938,-21149.140625,29725.87109375,3959.07934570312,-0,-0,-0,-0,-0,-0,0.01434326171875,-0.015869140625,0.02227783203125,0.0051116943359375,-0.0019073486328125,0.048675537109375,-0.00244140625,4.99984741210938
31.2639051828043,19.4636859893799,128.056243896484,-948.277893066406,-21088.29296875,28942.234375,2943.82641601562,-0,-0,-0,-0,-0,-0,0.00030517578125,0.00701904296875,0.01739501953125,0.012359619140625,-0.00148773193359375,0.00171661376953125,0.02105712890625,4.99984741210938
31.2649015668943,17.5631999969482,125.250762939453,-954.708068847656,-19790.2265625,28989.251953125,3422.72021484375,-0,-0,-0,-0,-0,-0,0.0054931640625,0.0042724609375,-0.00030517578125,-0.0022125244140625,-0.012054443359375,-0.0115966796875,0.03631591796875,4.99984741210938
31.2658979509843,21.0926742553711,127.965744018555,-951.1357421875,-19769.931640625,28613.091796875,3001.29516601562,-0,-0,-0,-0,-0,-0,0.00152587890625,0.006103515625,-0.00640869140625,0.0107955932617188,0.023040771484375,0.0173187255859375,-0.01678466796875,4.99984741210938
31.2668943350743,20.5496768951416,124.43627166748,-933.631286621094,-20013.3203125,28863.869140625,2943.82641601562,-0,-0,-0,-0,-0,-0,0.0048828125,0.00885009765625,-0.01068115234375,-0.0173187255859375,-0.0018310546875,0.0170135498046875,0.02685546875,4.99984741210938
31.2678907191643,21.0021743774414,127.422744750977,-944.348327636719,-18958.630859375,28863.869140625,2733.11547851562,-0,-0,-0,-0,-0,-0,0.00274658203125,0.0079345703125,-0.01190185546875,-0.0138473510742188,-0.0002288818359375,-0.0159835815429688,0.01800537109375,4.99984741210938
31.2688871032543,19.4636859893799,121.26879119873,-927.201049804688,-19485.9765625,28738.484375,2618.1796875,-0,-0,-0,-0,-0,-0,-0.0054931640625,-0.00823974609375,-0.01495361328125,-0.00446319580078125,-0.0126266479492188,-0.011444091796875,0.00732421875,4.99984741210938
31.2698834873443,26.1606349945068,119.006309509277,-923.628723144531,-17903.94140625,27484.66015625,2560.71435546875,-0,-0,-0,-0,-0,-0,-0.0067138671875,-0.01434326171875,-0.02410888671875,0.00156402587890625,0.001983642578125,0.00324249267578125,-0.00274658203125,4.99984741210938
31.2708798714343,24.4411468505859,119.820808410645,-920.056396484375,-18106.767578125,27939.16796875,2464.93432617188,-0,-0,-0,-0,-0,-0,-0.00762939453125,-0.009765625,-0.00885009765625,-0.0265884399414062,-0.0133895874023438,-0.0095367431640625,0.00030517578125,4.99984741210938
31.2718762555243,22.3596630096436,117.920318603516,-922.914245605469,-17437.45703125,27437.62890625,2924.6708984375,-0,-0,-0,-0,-0,-0,0.00274658203125,-0.0079345703125,-0.02899169921875,0.0066375732421875,-0.0266265869140625,-0.0084686279296875,-0.0054931640625,4.99984741210938
31.2728726396143,23.807653427124,113.576354980469,-906.124267578125,-17254.9140625,27108.513671875,2962.98364257812,-0,-0,-0,-0,-0,-0,0.00030517578125,-0.00335693359375,-0.018310546875,0.00423431396484375,-0.0067138671875,0.0067138671875,-0.01953125,4.99984741210938
31.2738690237043,26.7036304473877,110.680374145508,-901.837463378906,-16463.8984375,27437.62890625,2005.19799804688,-0,-0,-0,-0,-0,-0,-0.0115966796875,-0.0048828125,-0.00579833984375,0.0006866455078125,-0.0091552734375,-0.0274658203125,0.03082275390625,4.99984741210938
31.2748654077943,23.4456558227539,114.390846252441,-908.982116699219,-15774.2802734375,27124.185546875,3077.91650390625,-0,-0,-0,-0,-0,-0,-0.0164794921875,0.00640869140625,-0.00762939453125,-0.00171661376953125,-0.0116729736328125,0.0152206420898438,0.009765625,4.99984741210938
31.2758617918843,26.4321327209473,112.671356201172,-896.836181640625,-16139.3662109375,26826.388671875,3077.91650390625,-0,-0,-0,-0,-0,-0,0.0006103515625,0.01190185546875,0.01220703125,0.00347137451171875,-0.00476837158203125,-0.0038909912109375,-0.01739501953125,4.99984741210938
31.2768581759743,26.0701351165771,116.562828063965,-890.405944824219,-15875.69921875,26591.30859375,2828.89306640625,-0,-0,-0,-0,-0,-0,-0.006103515625,0.0067138671875,-0.01190185546875,-0.00148773193359375,0.0009918212890625,0.022430419921875,-0.03936767578125,4.99984741210938
31.2778545600643,29.5091094970703,108.327392578125,-885.761901855469,-15612.0263671875,26716.6796875,2100.9775390625,-0,-0,-0,-0,-0,-0,0.013427734375,0.001220703125,0.01495361328125,-0.004119873046875,0.00354766845703125,0.00110626220703125,0.0006103515625,4.99984741210938
31.2788509441543,27.4276256561279,107.784400939941,-882.546813964844,-14192.24609375,25791.994140625,2369.15576171875,-0,-0,-0,-0,-0,-0,0.0115966796875,-0.0018310546875,0.02227783203125,0.0215911865234375,0.0109481811523438,-0.008392333984375,0.00946044921875,4.99984741210938
31.2798473282443,27.3371257781982,108.146392822266,-876.116577148438,-14354.5126953125,26027.07421875,1928.57592773438,-0,-0,-0,-0,-0,-0,0.00640869140625,0.0054931640625,0.02471923828125,0.0107192993164062,0.0067901611328125,0.01068115234375,0.003662109375,4.99984741210938
31.2808437123343,28.6946144104004,105.883911132812,-872.544250488281,-13685.1904296875,25650.92578125,1622.08422851562,-0,-0,-0,-0,-0,-0,0.00274658203125,0.01983642578125,0.01312255859375,0.00091552734375,0.01556396484375,-0.0316619873046875,0.00030517578125,4.99984741210938
31.2818400964243,23.5361557006836,105.974411010742,-859.683837890625,-13766.3203125,25901.703125,2158.443359375,-0,-0,-0,-0,-0,-0,0.00762939453125,-0.00030517578125,-0.00396728515625,0.0040435791015625,0.0287246704101562,-0.0101470947265625,0.00213623046875,4.99984741210938
31.2828364805143,29.0566120147705,102.082939147949,-865.042358398438,-13604.060546875,25964.396484375,1947.73095703125,-0,-0,-0,-0,-0,-0,0.00579833984375,0.0054931640625,0.01068115234375,0.0077056884765625,0.0244522094726562,-0.00011444091796875,-0.0347900390625,4.99984741210938
31.2838328646043,27.9706211090088,100.725448608398,-862.89892578125,-12488.517578125,25650.92578125,1373.06030273438,-0,-0,-0,-0,-0,-0,0.008544921875,-0.0152587890625,0.00946044921875,0.0208282470703125,0.0110626220703125,-0.00873565673828125,0.01190185546875,4.99984741210938
31.2848292486943,25.617639541626,99.4584655761719,-863.256164550781,-12447.9521484375,25431.51953125,3192.85180664062,-0,-0,-0,-0,-0,-0,-0.00946044921875,-0.006103515625,0.01983642578125,0.0174331665039062,0.0273513793945312,0.0548171997070312,-0.01922607421875,4.99984741210938
31.2858256327843,26.9751281738281,98.1009750366211,-849.324035644531,-12285.6982421875,24867.296875,1296.43835449219,-0,-0,-0,-0,-0,-0,0.01220703125,0.00518798828125,-0.01190185546875,0.00926971435546875,0.00820159912109375,0.01190185546875,0.00579833984375,4.99984741210938
31.2868220168742,28.1516189575195,97.6484756469727,-856.111511230469,-12082.8671875,24882.95703125,2867.20361328125,-0,-0,-0,-0,-0,-0,0.0018310546875,-0.01556396484375,-0.00335693359375,0.0031280517578125,0.00919342041015625,0.0093841552734375,-0.01068115234375,4.99984741210938
31.2878184009642,28.6041164398193,100.001457214355,-835.391906738281,-11271.57421875,24067.982421875,2100.9775390625,-0,-0,-0,-0,-0,-0,0.02410888671875,-0.0006103515625,-0.00732421875,0.00362396240234375,0.00766754150390625,-0.018157958984375,0.00213623046875,4.99984741210938
31.2888147850542,27.6086235046387,101.720947265625,-852.896362304688,-11494.681640625,24679.22265625,1775.33044433594,-0,-0,-0,-0,-0,-0,0.0042724609375,0.00396728515625,-0.00152587890625,0.0083160400390625,0.0016021728515625,0.0104904174804688,-0.006103515625,4.99984741210938
31.2898111691442,30.9570980072021,93.1235122680664,-816.45849609375,-9486.71484375,24005.279296875,1660.39636230469,-0,-0,-0,-0,-0,-0,-0.00579833984375,-0.00091552734375,-0.02105712890625,0.0134658813476562,0.006103515625,-0.00213623046875,0,4.99984741210938
31.2908075532342,28.8756141662598,94.0285034179688,-818.601928710938,-10581.9697265625,24491.1484375,2158.443359375,-0,-0,-0,-0,-0,-0,0.001220703125,-0.01129150390625,-0.0079345703125,-0.00911712646484375,-0.007476806640625,-0.0351333618164062,0.015869140625,4.99984741210938
31.2918039373242,28.7851142883301,95.0239944458008,-836.463623046875,-10521.1162109375,23676.1484375,2388.3115234375,-0,-0,-0,-0,-0,-0,-0.0048828125,-0.00274658203125,-0.0115966796875,0.0008392333984375,-0.00217437744140625,-0.058746337890625,0,4.99984741210938
31.2928003214142,27.518123626709,96.7434844970703,-836.463623046875,-9365.013671875,23926.927734375,1660.39636230469,-0,-0,-0,-0,-0,-0,0.0030517578125,-0.0006103515625,-0.0408935546875,0.0113296508789062,-0.0045013427734375,-0.0739288330078125,0.0128173828125,4.99984741210938
31.2937967055042,28.8756141662598,85.1595687866211,-814.67236328125,-9648.974609375,23237.322265625,2311.6904296875,-0,-0,-0,-0,-0,-0,-0.00274658203125,0.0048828125,-0.020751953125,-0.02716064453125,-0.00274658203125,-0.0365447998046875,-0.02532958984375,4.99984741210938
31.2947930895942,27.9706211090088,87.784049987793,-814.315124511719,-8878.234375,23723.181640625,1200.65991210938,-0,-0,-0,-0,-0,-0,0.00091552734375,-0.0128173828125,-0.00091552734375,0.0043487548828125,-0.0113677978515625,-0.0540542602539062,-0.0030517578125,4.99984741210938
31.2957894736842,25.708137512207,91.4040222167969,-808.599365234375,-9932.9228515625,22876.833984375,1966.88647460938,-0,-0,-0,-0,-0,-0,-0.00030517578125,-0.00335693359375,-0.00213623046875,-0.0135421752929688,-0.003662109375,0.0099945068359375,0.00518798828125,4.99984741210938
31.2967858577742,26.9751281738281,85.1595687866211,-795.738952636719,-8837.6689453125,24428.4453125,1564.61791992188,-0,-0,-0,-0,-0,-0,0.00946044921875,0.00335693359375,-0.015869140625,-0.00499725341796875,0.0217437744140625,-0.000457763671875,-0.0042724609375,4.99984741210938
31.2977822418642,28.0611190795898,84.1640777587891,-792.881042480469,-9831.517578125,23300.0078125,1622.08422851562,-0,-0,-0,-0,-0,-0,0.013427734375,-0.00579833984375,0.00823974609375,0.00919342041015625,0.0063323974609375,-0.0177383422851562,0.01953125,4.99984741210938
31.2987786259542,26.7941303253174,83.8925857543945,-804.669799804688,-8229.1943359375,23409.7109375,1526.30651855469,-0,-0,-0,-0,-0,-0,0.00335693359375,-0.00885009765625,0.03082275390625,0.0229644775390625,0.01739501953125,-0.0109481811523438,-0.013427734375,4.99984741210938
31.2997750100442,29.9616050720215,81.3586044311523,-792.523803710938,-7519.31005859375,22438.0078125,1890.26452636719,-0,-0,-0,-0,-0,-0,0.01556396484375,0.01373291015625,0.01434326171875,0.0081634521484375,0.0182342529296875,0.0139617919921875,0.020751953125,4.99984741210938
31.3007713941342,28.2421188354492,80.7251052856445,-797.167846679688,-7559.875,22814.15625,1679.55200195312,-0,-0,-0,-0,-0,-0,0.001220703125,-0.00030517578125,0.00732421875,-0.006866455078125,0.0146102905273438,0.0298309326171875,0.01220703125,4.99984741210938
31.3017677782242,29.2376098632812,75.5666427612305,-783.235717773438,-6991.96533203125,22986.544921875,1717.86267089844,-0,-0,-0,-0,-0,-0,0.00213623046875,0.0079345703125,0.013427734375,0.008087158203125,0.0184249877929688,0.00957489013671875,0.048828125,4.99984741210938
31.3027641623142,30.3236026763916,75.3856506347656,-775.733825683594,-7154.2255859375,21638.693359375,3039.6064453125,-0,-0,-0,-0,-0,-0,0.015869140625,0.01251220703125,-0.00152587890625,-0.0064849853515625,0.0156402587890625,-0.0263595581054688,-0.0274658203125,4.99984741210938
31.3037605464042,26.9751281738281,75.2951507568359,-777.877197265625,-6606.59765625,22187.23046875,1928.57592773438,-0,-0,-0,-0,-0,-0,0.0018310546875,0.0006103515625,0.0238037109375,-0.002593994140625,-0.0196456909179688,-0.0023651123046875,-0.0537109375,4.99984741210938
31.3047569304942,29.2376098632812,77.1956329345703,-768.589111328125,-5693.88330078125,22343.958984375,1296.43835449219,-0,-0,-0,-0,-0,-0,-0.00762939453125,-0.00030517578125,0.0128173828125,0.0200271606445312,0.0226593017578125,0.0083160400390625,-0.015869140625,4.99984741210938
31.3057533145842,28.3326187133789,70.5891876220703,-766.802978515625,-5896.7109375,21748.404296875,1775.33044433594,-0,-0,-0,-0,-0,-0,-0.0030517578125,-0.00335693359375,0.01373291015625,-0.02655029296875,-0.0287628173828125,-0.03997802734375,0.00823974609375,4.99984741210938
31.3067496986742,26.8846282958984,67.6027069091797,-745.726135253906,-5531.62646484375,20761.015625,1028.25793457031,-0,-0,-0,-0,-0,-0,-0.00335693359375,-0.00396728515625,-0.00213623046875,0.0028228759765625,-0.0239944458007812,-0.001373291015625,0.013427734375,4.99984741210938
31.3077460827642,31.7715911865234,69.5031967163086,-750.012939453125,-5795.29833984375,21717.05859375,760.078796386719,-0,-0,-0,-0,-0,-0,0.00030517578125,-0.00030517578125,-0.01617431640625,0.00274658203125,0.0006103515625,-0.00370025634765625,0.0018310546875,4.99984741210938
31.3087424668542,23.6266536712646,72.0371704101562,-754.299743652344,-5775.01416015625,21293.890625,2062.66650390625,-0,-0,-0,-0,-0,-0,-0.013427734375,-0.0079345703125,-0.00640869140625,-0.00640869140625,-0.0207901000976562,-0.00469207763671875,-0.02288818359375,4.99984741210938
31.3097388509442,29.5091094970703,66.6977157592773,-754.299743652344,-5065.12890625,22030.501953125,1487.99438476562,-0,-0,-0,-0,-0,-0,0.01251220703125,0.0152587890625,0.01007080078125,0.0054168701171875,-0.0042724609375,0.00019073486328125,0.05401611328125,4.99984741210938
31.3107352350342,27.8801212310791,69.3221969604492,-746.7978515625,-4051.00146484375,20980.427734375,1928.57592773438,-0,-0,-0,-0,-0,-0,-0.0146484375,-0.015869140625,-0.0201416015625,-0.0146102905273438,-0.0104522705078125,-0.030975341796875,-0.01220703125,4.99984741210938
31.3117316191241,30.1426029205322,68.507698059082,-746.440612792969,-4091.56787109375,21137.1640625,2579.86962890625,-0,-0,-0,-0,-0,-0,-0.00762939453125,-0.00335693359375,0.0042724609375,-0.018463134765625,-0.003814697265625,-0.0156021118164062,0.003662109375,4.99984741210938
31.3127280032141,26.0701351165771,64.6162338256836,-728.936157226562,-3706.20068359375,21575.990234375,1143.19213867188,-0,-0,-0,-0,-0,-0,0.00091552734375,0.0079345703125,-0.0201416015625,0.0048828125,-0.0168991088867188,-0.00988006591796875,0.0146484375,4.99984741210938
31.3137243873041,28.5136165618896,61.4487533569336,-734.651916503906,-3036.87841796875,20949.08984375,2005.19799804688,-0,-0,-0,-0,-0,-0,-0.006103515625,0.006103515625,-0.03631591796875,-0.041656494140625,0.00812530517578125,-0.0125885009765625,-0.0146484375,4.99984741210938
31.3147207713941,26.3416328430176,62.7157440185547,-733.937438964844,-2996.3125,20808.021484375,2139.28759765625,-0,-0,-0,-0,-0,-0,0.006103515625,0.006103515625,-0.00946044921875,-0.00743865966796875,-0.0205612182617188,0.0123214721679688,-0.00244140625,4.99984741210938
31.3157171554841,28.42311668396,62.5347480773926,-726.435485839844,-2408.11987304688,21105.81640625,1219.81555175781,-0,-0,-0,-0,-0,-0,0,0.0067138671875,0.00244140625,0.01678466796875,0.00621795654296875,-0.0159835815429688,-0.02410888671875,4.99984741210938
31.3167135395741,27.1561260223389,62.7157440185547,-715.718505859375,-2367.55639648438,20745.330078125,1066.5693359375,-0,-0,-0,-0,-0,-0,0.00091552734375,0.00762939453125,0.00518798828125,-0.008697509765625,-0.00579833984375,0.0281143188476562,-0.015869140625,4.99984741210938
31.3177099236641,28.3326187133789,55.9282989501953,-716.075744628906,-1901.05834960938,20604.287109375,1009.10235595703,-0,-0,-0,-0,-0,-0,-0.003662109375,0.01190185546875,-0.01007080078125,-0.00858306884765625,0.00827789306640625,-0.0054168701171875,0.00152587890625,4.99984741210938
31.3187063077541,28.5136165618896,59.0957717895508,-707.859313964844,-1880.775390625,19851.990234375,2005.19799804688,-0,-0,-0,-0,-0,-0,-0.0018310546875,0.00457763671875,0.018310546875,-0.0251007080078125,0.0147628784179688,0.0360870361328125,-0.0042724609375,4.99984741210938
31.3197026918441,27.1561260223389,54.208812713623,-708.573791503906,-1718.51586914062,20369.181640625,1200.65991210938,-0,-0,-0,-0,-0,-0,-0.01007080078125,0.00213623046875,0.0146484375,0.0120925903320312,0.0081634521484375,0.0146865844726562,0.00579833984375,4.99984741210938
31.3206990759341,28.5136165618896,55.7472991943359,-701.786376953125,-927.498413085938,19993.04296875,1200.65991210938,-0,-0,-0,-0,-0,-0,0.01129150390625,0.00274658203125,0.01220703125,0.0086212158203125,0.0164413452148438,0.034942626953125,0.00457763671875,4.99984741210938
31.3216954600241,27.7896213531494,60.3627624511719,-701.429138183594,-1130.32287597656,19663.916015625,2139.28759765625,-0,-0,-0,-0,-0,-0,0.00518798828125,0.0018310546875,0.03326416015625,0.00881195068359375,0.0127792358398438,-0.00560760498046875,0.01007080078125,4.99984741210938
31.3226918441141,28.6041164398193,53.6658134460449,-689.997619628906,-1657.66760253906,19898.99609375,2120.13232421875,-0,-0,-0,-0,-0,-0,0.013427734375,-0.00030517578125,0.009765625,-0.0120162963867188,0.0106048583984375,-0.0096893310546875,-0.03631591796875,4.99984741210938
31.3236882282041,29.5996074676514,54.2993087768555,-701.786376953125,188.038940429688,18895.947265625,2158.443359375,-0,-0,-0,-0,-0,-0,0.00579833984375,0.00762939453125,0.0201416015625,0.005950927734375,0.0223922729492188,0.0129318237304688,-0.00762939453125,4.99984741210938
31.3246846122941,26.8846282958984,54.4803085327148,-689.640380859375,269.168914794922,19648.234375,1468.83898925781,-0,-0,-0,-0,-0,-0,-0.00335693359375,0.00457763671875,0.0152587890625,0.0227737426757812,0.0220108032226562,0.0103378295898438,-0.01708984375,4.99984741210938
31.3256809963841,29.5091094970703,52.4893226623535,-688.211486816406,208.321533203125,19413.138671875,1622.08422851562,-0,-0,-0,-0,-0,-0,0.0006103515625,0.01129150390625,0.0030517578125,-0.0120162963867188,0.00164031982421875,0.0104904174804688,-0.00457763671875,4.99984741210938
31.3266773804741,31.4095935821533,49.9553451538086,-676.779968261719,-35.0684509277344,19366.12109375,1449.68383789062,-0,-0,-0,-0,-0,-0,-0.00335693359375,-0.00030517578125,-0.00396728515625,0.0061798095703125,0.00335693359375,-0.0197601318359375,0.01129150390625,4.99984741210938
31.3276737645641,26.1606349945068,45.8828735351562,-679.280639648438,715.384094238281,18864.6015625,1181.50427246094,-0,-0,-0,-0,-0,-0,0.0067138671875,-0.006103515625,-0.00640869140625,0.0030517578125,-0.002288818359375,-0.0172805786132812,-0.01983642578125,4.99984741210938
31.3286701486541,25.2556419372559,52.2178268432617,-684.639099121094,1202.16345214844,19601.212890625,1047.41369628906,-0,-0,-0,-0,-0,-0,-0.00396728515625,0.00885009765625,-0.01556396484375,-0.00095367431640625,-0.008087158203125,-0.00988006591796875,-0.00885009765625,4.99984741210938
31.3296665327441,24.2601490020752,49.2313499450684,-676.422729492188,918.208984375,19695.26171875,1009.10235595703,-0,-0,-0,-0,-0,-0,-0.001220703125,-0.00640869140625,-0.01983642578125,-0.0135421752929688,-0.0160980224609375,0.01373291015625,-0.01739501953125,4.99984741210938
31.3306629168341,28.3326187133789,44.5253868103027,-667.491882324219,2540.8076171875,19005.65625,1526.30651855469,-0,-0,-0,-0,-0,-0,-0.01068115234375,-0.00152587890625,-0.02166748046875,-0.00225067138671875,-0.0168991088867188,-0.00957489013671875,0.001220703125,4.99984741210938
31.3316593009241,25.2556419372559,46.9688682556152,-663.205078125,2074.310546875,19131.041015625,1315.59399414062,-0,-0,-0,-0,-0,-0,-0.006103515625,0.00030517578125,-0.03326416015625,-0.000457763671875,-0.0229644775390625,-0.0325393676757812,-0.008544921875,4.99984741210938
31.3326556850141,24.6221466064453,50.6793365478516,-665.348510742188,2885.61157226562,18457.095703125,970.790893554688,-0,-0,-0,-0,-0,-0,-0.00152587890625,-0.01312255859375,-0.00946044921875,0.016021728515625,-0.0236892700195312,-0.0443267822265625,-0.01220703125,4.99984741210938
31.3336520691041,25.5271396636963,41.35791015625,-642.485473632812,1668.66149902344,19131.041015625,817.545837402344,-0,-0,-0,-0,-0,-0,0.00335693359375,-0.00732421875,-0.001220703125,-0.0026702880859375,-0.00614166259765625,0.0020599365234375,0.02716064453125,4.99984741210938
31.3346484531941,24.6221466064453,42.2629013061523,-652.130798339844,2479.9619140625,18253.361328125,1775.33044433594,-0,-0,-0,-0,-0,-0,-0.013427734375,-0.00244140625,0.0042724609375,0.0025177001953125,-0.025787353515625,-0.0175094604492188,0.0323486328125,4.99984741210938
31.3356448372841,25.0746421813965,41.9914054870605,-651.773559570312,3108.71875,19256.41015625,1660.39636230469,-0,-0,-0,-0,-0,-0,0.0079345703125,-0.00335693359375,-0.02838134765625,0.00804901123046875,0.0030517578125,0.0226593017578125,-0.0054931640625,4.99984741210938
31.336641221374,28.9661121368408,42.4439010620117,-651.773559570312,3737.474609375,18143.65234375,1468.83898925781,-0,-0,-0,-0,-0,-0,-0.00244140625,-0.01922607421875,-0.0018310546875,0.00484466552734375,-0.0108718872070312,0.0156021118164062,-0.0286865234375,4.99984741210938
31.337637605464,26.4321327209473,41.9009056091309,-635.3408203125,3636.0625,17830.1953125,1928.57592773438,-0,-0,-0,-0,-0,-0,0.00640869140625,0.01434326171875,0.00518798828125,-0.0025177001953125,0.0116729736328125,0.02166748046875,0.0347900390625,4.99984741210938
31.338633989554,30.2331027984619,39.4574241638184,-633.911865234375,4832.732421875,17845.85546875,1966.88647460938,-0,-0,-0,-0,-0,-0,0.01495361328125,0.0079345703125,0.0103759765625,-0.0093841552734375,0.0184249877929688,0.0382232666015625,0.02410888671875,4.99984741210938
31.339630373644,28.1516189575195,42.6249008178711,-645.343383789062,3696.9111328125,18504.11328125,1449.68383789062,-0,-0,-0,-0,-0,-0,0.02532958984375,0.01251220703125,0.02685546875,0.0273513793945312,0.010528564453125,-0.0144195556640625,0.050048828125,4.99984741210938
31.340626757734,25.9796352386475,40.0909194946289,-642.128295898438,4934.1416015625,17924.220703125,2081.822265625,-0,-0,-0,-0,-0,-0,0.00213623046875,0.00640869140625,0.0018310546875,0.00988006591796875,0.0128936767578125,-0.006866455078125,-0.006103515625,4.99984741210938
31.341623141824,27.4276256561279,37.8284378051758,-626.767211914062,4853.0146484375,18033.9296875,1737.01831054688,-0,-0,-0,-0,-0,-0,0.00213623046875,0.0103759765625,-0.00579833984375,0.034332275390625,0.0162887573242188,0.02838134765625,-0.0103759765625,4.99984741210938
31.342619525914,23.5361557006836,40.1814193725586,-634.269104003906,5603.46484375,17454.046875,1679.55200195312,-0,-0,-0,-0,-0,-0,-0.00579833984375,0.00152587890625,0.01312255859375,0.00152587890625,0.0238037109375,0.0156402587890625,0.03936767578125,4.99984741210938
31.343615910004,22.3596630096436,36.470947265625,-610.334411621094,5806.28857421875,17501.052734375,1277.28186035156,-0,-0,-0,-0,-0,-0,0.003662109375,0.0079345703125,0.01617431640625,-0.0016021728515625,0.0102996826171875,0.0312042236328125,0.01739501953125,4.99984741210938
31.344612294094,26.1606349945068,35.7469520568848,-616.050170898438,5116.68701171875,17030.880859375,1909.42028808594,-0,-0,-0,-0,-0,-0,0.00396728515625,0.018310546875,0.02685546875,-0.00270843505859375,0.0096893310546875,0.000457763671875,0.0079345703125,4.99984741210938
31.345608678184,24.3506488800049,35.2039566040039,-622.480407714844,6110.52587890625,18253.361328125,1890.26452636719,-0,-0,-0,-0,-0,-0,0.00091552734375,-0.0030517578125,-0.0006103515625,0.00949859619140625,0.007476806640625,0.0031280517578125,0.0115966796875,4.99984741210938
31.346605062274,25.5271396636963,34.9324607849121,-614.978454589844,6272.7890625,17359.998046875,2771.4267578125,-0,-0,-0,-0,-0,-0,0.0115966796875,0.00701904296875,-0.0103759765625,0.00522613525390625,-0.00102996826171875,-0.0104904174804688,0.018310546875,4.99984741210938
31.347601446364,25.2556419372559,31.7649841308594,-623.194885253906,6637.87060546875,17375.68359375,1756.1748046875,-0,-0,-0,-0,-0,-0,-0.006103515625,-0.00244140625,-0.00091552734375,0.0099945068359375,-0.024566650390625,0.0178146362304688,-0.00823974609375,4.99984741210938
31.348597830454,25.708137512207,33.2129745483398,-613.549560546875,6313.35107421875,17736.146484375,2599.0244140625,-0,-0,-0,-0,-0,-0,-0.00640869140625,0.00823974609375,-0.0115966796875,0.00713348388671875,-0.0008392333984375,0.0064849853515625,-0.02410888671875,4.99984741210938
31.349594214544,24.6221466064453,31.6744842529297,-606.762084960938,8625.5546875,17454.046875,2656.4912109375,-0,-0,-0,-0,-0,-0,-0.00518798828125,-0.0091552734375,-0.02410888671875,-0.00522613525390625,-0.0113296508789062,-0.00484466552734375,-0.0286865234375,4.99984741210938
31.350590598634,24.1696491241455,30.9504909515381,-600.331909179688,8179.34033203125,17046.541015625,2196.75463867188,-0,-0,-0,-0,-0,-0,-0.00244140625,0.008544921875,-0.0140380859375,0.014495849609375,-0.0133132934570312,-0.0505828857421875,-0.03173828125,4.99984741210938
31.351586982724,24.8936443328857,31.4029865264893,-598.902954101562,7510.02001953125,17422.689453125,2235.06616210938,-0,-0,-0,-0,-0,-0,0.00152587890625,-0.0030517578125,-0.0390625,0.0169754028320312,-0.0187301635742188,-0.0222015380859375,0.00762939453125,4.99984741210938
31.352583366814,23.4456558227539,36.1089515686035,-615.692932128906,8463.294921875,16936.83203125,2694.80249023438,-0,-0,-0,-0,-0,-0,-0.0079345703125,-0.00091552734375,-0.00030517578125,0.0161361694335938,-0.0197219848632812,-0.01861572265625,0.03326416015625,4.99984741210938
31.353579750904,23.2646560668945,30.3169956207275,-591.758239746094,8179.34033203125,17610.775390625,2100.9775390625,-0,-0,-0,-0,-0,-0,0.00091552734375,-0.01922607421875,-0.01190185546875,0.0231552124023438,-0.01129150390625,-0.0202560424804688,0.023193359375,4.99984741210938
31.354576134994,25.617639541626,27.7830142974854,-605.333129882812,8747.25390625,17751.83203125,2100.9775390625,-0,-0,-0,-0,-0,-0,-0.0238037109375,-0.013427734375,-0.01068115234375,0.0083160400390625,-0.00885009765625,-0.053863525390625,-0.0006103515625,4.99984741210938
31.355572519084,19.2826881408691,29.5025024414062,-587.471435546875,8828.3857421875,17673.4609375,2828.89306640625,-0,-0,-0,-0,-0,-0,0.00091552734375,-0.003662109375,-0.001220703125,-0.0189971923828125,-0.004119873046875,-0.0057220458984375,0.0006103515625,4.99984741210938
31.356568903174,22.8121604919434,28.6880073547363,-587.828674316406,10045.3349609375,16936.83203125,3020.45068359375,-0,-0,-0,-0,-0,-0,-0.00091552734375,0.00518798828125,0.00274658203125,0.01251220703125,0.0138473510742188,-0.0188827514648438,0.00579833984375,4.99984741210938
31.357565287264,18.6491928100586,29.5930004119873,-587.114196777344,11160.8681640625,16592.029296875,2158.443359375,-0,-0,-0,-0,-0,-0,-0.0006103515625,0.00579833984375,0.0030517578125,0.0140380859375,-0.003662109375,0.0303268432617188,0.02410888671875,4.99984741210938
31.358561671354,18.1061973571777,28.5070095062256,-588.543151855469,10004.7705078125,17077.88671875,2848.04809570312,-0,-0,-0,-0,-0,-0,0.008544921875,0.0079345703125,0.006103515625,0.0207901000976562,0.0153732299804688,0.0245285034179688,-0.00762939453125,4.99984741210938
31.359558055444,23.6266536712646,25.3395328521729,-577.468872070312,10836.3525390625,16450.97265625,3652.58837890625,-0,-0,-0,-0,-0,-0,0.01495361328125,0.02227783203125,0.0445556640625,0.0101852416992188,0.0106048583984375,0.0277328491210938,0.03509521484375,4.99984741210938
31.360554439534,21.5451698303223,24.9775371551514,-587.471435546875,11160.8681640625,17469.70703125,3039.6064453125,-0,-0,-0,-0,-0,-0,0.00579833984375,0.00701904296875,0.03173828125,0.00118255615234375,0.0323867797851562,-0.0093841552734375,0.0201416015625,4.99984741210938
31.3615508236239,19.0111904144287,25.8825302124023,-588.185913085938,11444.8212890625,16842.806640625,2924.6708984375,-0,-0,-0,-0,-0,-0,0.01251220703125,-0.00396728515625,0.023193359375,0.00217437744140625,0.0164794921875,0.0180435180664062,-0.001220703125,4.99984741210938
31.3625472077139,20.8211765289307,28.8690071105957,-582.827392578125,12235.84375,17062.21484375,2560.71435546875,-0,-0,-0,-0,-0,-0,0.0067138671875,0.009765625,0.0225830078125,0.0104141235351562,0.0090789794921875,-0.00423431396484375,0.01220703125,4.99984741210938
31.3635435918039,19.1921882629395,25.6110324859619,-588.185913085938,11343.408203125,17281.6328125,3116.2275390625,-0,-0,-0,-0,-0,-0,0.00091552734375,0.02044677734375,0.013427734375,-0.0104141235351562,0.0061798095703125,0.0165176391601562,-0.01953125,4.99984741210938
31.3645399758939,18.1966953277588,25.701530456543,-574.96826171875,11972.171875,17344.337890625,3135.38330078125,-0,-0,-0,-0,-0,-0,-0.0006103515625,0.00701904296875,0.0213623046875,0.0147247314453125,0.0159835815429688,0.0194931030273438,-0.00732421875,4.99984741210938
31.3655363599839,20.0066814422607,26.6065235137939,-572.467651367188,12296.69140625,17328.654296875,3154.5390625,-0,-0,-0,-0,-0,-0,0.00946044921875,0.0054931640625,-0.00152587890625,0.00118255615234375,0.0022125244140625,0.010833740234375,-0.00335693359375,4.99984741210938
31.3665327440739,16.9297065734863,25.1585350036621,-589.614868164062,12316.9677734375,16686.076171875,2560.71435546875,-0,-0,-0,-0,-0,-0,0.0103759765625,0.00091552734375,-0.00885009765625,-0.0011444091796875,0.00385284423828125,-0.00396728515625,-0.01861572265625,4.99984741210938
31.3675291281639,17.7441997528076,24.5250396728516,-584.613586425781,12742.900390625,16466.658203125,3135.38330078125,-0,-0,-0,-0,-0,-0,0.00213623046875,-0.0152587890625,0.001220703125,-7.62939453125e-05,-0.00225067138671875,-0.0142669677734375,-0.03387451171875,4.99984741210938
31.3685255122539,15.843713760376,21.3575649261475,-573.182067871094,12783.4677734375,16952.515625,3575.96411132812,-0,-0,-0,-0,-0,-0,-0.00518798828125,0.01068115234375,-0.0238037109375,-0.00438690185546875,-0.00453948974609375,-0.0124359130859375,0.018310546875,4.99984741210938
31.3695218963439,18.7396926879883,19.3665790557861,-566.037414550781,13310.8115234375,16560.68359375,3039.6064453125,-0,-0,-0,-0,-0,-0,-0.0067138671875,-0.001220703125,-0.01495361328125,-0.0254058837890625,-0.0164413452148438,-0.057830810546875,-0.0006103515625,4.99984741210938
31.3705182804339,16.0247135162354,19.7285766601562,-571.038696289062,13919.291015625,17297.318359375,3231.16333007812,-0,-0,-0,-0,-0,-0,-0.00823974609375,0.0177001953125,-0.0115966796875,-0.0183868408203125,-0.0048065185546875,-0.0156021118164062,-0.02197265625,4.99984741210938
31.3715146645239,18.1966953277588,19.0950813293457,-581.755737304688,14061.26171875,16827.12109375,3307.78515625,-0,-0,-0,-0,-0,-0,0.0048828125,-0.00335693359375,-0.01190185546875,-0.0079345703125,-0.0130081176757812,0.00942230224609375,0.01922607421875,4.99984741210938
31.3725110486139,14.938720703125,22.2625579833984,-588.543151855469,15055.1103515625,16153.1904296875,3039.6064453125,-0,-0,-0,-0,-0,-0,-0.01068115234375,0.00274658203125,-0.00152587890625,-0.0099945068359375,-0.0275421142578125,0.01312255859375,-0.0103759765625,4.99984741210938
31.3735074327039,10.9567518234253,24.5250396728516,-573.539306640625,14487.2001953125,16435.30078125,3633.4326171875,-0,-0,-0,-0,-0,-0,-0.01739501953125,-0.0067138671875,0.0042724609375,0.0150680541992188,-0.0212860107421875,-0.00667572021484375,-0.042724609375,4.99984741210938
31.3745038167939,12.8572368621826,18.6425857543945,-572.824829101562,14365.4990234375,16623.375,3288.63012695312,-0,-0,-0,-0,-0,-0,-0.00030517578125,-0.00091552734375,-0.0286865234375,-0.00057220458984375,-0.00919342041015625,-0.0178146362304688,0.00274658203125,4.99984741210938
31.3755002008839,15.843713760376,18.5520858764648,-571.753173828125,14588.6064453125,17485.392578125,3326.94018554688,-0,-0,-0,-0,-0,-0,0.00518798828125,-0.00335693359375,-0.00335693359375,0.0268936157226562,-0.00255584716796875,0.00705718994140625,0.0201416015625,4.99984741210938
31.3764965849739,13.4907321929932,19.1855812072754,-585.685302734375,15318.783203125,17407.0234375,3154.5390625,-0,-0,-0,-0,-0,-0,0.008544921875,-0.00030517578125,-0.0042724609375,0.0002288818359375,0.0101852416992188,0.0070953369140625,0.00518798828125,4.99984741210938
31.3774929690639,15.0292205810547,16.8325996398926,-573.896545410156,15704.1494140625,17407.0234375,2982.13940429688,-0,-0,-0,-0,-0,-0,-0.009765625,-0.00030517578125,0.01007080078125,0.00110626220703125,0.009918212890625,-0.0354385375976562,-0.02716064453125,4.99984741210938
31.3784893531539,15.1197195053101,18.4615859985352,-566.394653320312,16190.923828125,16341.2646484375,2579.86962890625,-0,-0,-0,-0,-0,-0,0.009765625,0.0067138671875,0.01495361328125,0.0119400024414062,0.0165939331054688,0.037078857421875,-0.00244140625,4.99984741210938
31.3794857372439,10.7757530212402,19.6380767822266,-573.182067871094,16495.16015625,17046.541015625,3403.564453125,-0,-0,-0,-0,-0,-0,0.00457763671875,0.00518798828125,0.008544921875,-0.00751495361328125,0.00110626220703125,0.0235366821289062,-0.0164794921875,4.99984741210938
31.3804821213339,12.2237424850464,18.3710880279541,-564.251220703125,16799.3984375,16780.103515625,3499.34301757812,-0,-0,-0,-0,-0,-0,0.00518798828125,0.01312255859375,0.0177001953125,-0.00766754150390625,0.0244522094726562,-0.005950927734375,0.0360107421875,4.99984741210938
31.3814785054239,13.2192344665527,16.8325996398926,-557.106567382812,16272.052734375,17375.68359375,2752.27124023438,-0,-0,-0,-0,-0,-0,0.00762939453125,0.0006103515625,0.01800537109375,0.000762939453125,0.0312423706054688,0.0222015380859375,0.02197265625,4.99984741210938
31.3824748895139,16.9297065734863,16.1086044311523,-562.107849121094,16860.24609375,16247.2265625,4342.193359375,-0,-0,-0,-0,-0,-0,-0.0006103515625,-0.00732421875,0.0189208984375,0.0029754638671875,0.0045013427734375,-0.024871826171875,0.00640869140625,4.99984741210938
31.3834712736039,11.0472507476807,17.1945972442627,-563.179565429688,16961.658203125,17814.509765625,3307.78515625,-0,-0,-0,-0,-0,-0,0.00732421875,0.01617431640625,0.01312255859375,-0.0148391723632812,0.0116729736328125,0.0055694580078125,0.0201416015625,4.99984741210938
31.3844676576939,16.2962112426758,18.009090423584,-561.393371582031,17103.63671875,16936.83203125,3058.76171875,-0,-0,-0,-0,-0,-0,-0.00946044921875,-0.0146484375,-0.0177001953125,0.0125885009765625,0.0262832641601562,0.00934600830078125,-0.05889892578125,4.99984741210938
31.3854640417839,13.4002332687378,17.8280925750732,-556.749328613281,17387.58984375,16623.375,3307.78515625,-0,-0,-0,-0,-0,-0,0.01708984375,0.00030517578125,0.0128173828125,-0.00919342041015625,-0.00091552734375,0.041351318359375,-0.00396728515625,4.99984741210938
31.3864604258738,12.6762390136719,16.1086044311523,-559.964416503906,18239.4609375,17124.90625,4648.685546875,-0,-0,-0,-0,-0,-0,-0.00030517578125,-0.00152587890625,-0.00244140625,-0.0138473510742188,0.0003814697265625,-0.00576019287109375,-0.00457763671875,4.99984741210938
31.3874568099638,15.1197195053101,19.0045833587646,-568.895263671875,19131.884765625,16936.83203125,3135.38330078125,-0,-0,-0,-0,-0,-0,0.01251220703125,0.00244140625,-0.0067138671875,0.0079345703125,-0.0084686279296875,0.0264358520507812,-0.03204345703125,4.99984741210938
31.3884531940538,11.2282495498657,14.8416147232056,-545.675048828125,18949.341796875,17030.880859375,3384.4072265625,-0,-0,-0,-0,-0,-0,-0.0048828125,0.0042724609375,-0.01129150390625,-0.0257110595703125,0.00415802001953125,-0.02197265625,0.0408935546875,4.99984741210938
31.3894495781438,11.0472507476807,17.9185905456543,-566.751892089844,18523.41015625,16968.177734375,3097.07177734375,-0,-0,-0,-0,-0,-0,0.00396728515625,0.01678466796875,0.00213623046875,7.62939453125e-05,-0.0150299072265625,-0.039215087890625,-0.00244140625,4.99984741210938
31.3904459622338,10.0517587661743,13.9366216659546,-552.819763183594,19111.61328125,16827.12109375,3997.390625,-0,-0,-0,-0,-0,-0,-0.01129150390625,-0.003662109375,-0.01190185546875,-0.0309371948242188,-0.0117874145507812,-0.0230789184570312,0.015869140625,4.99984741210938
31.3914423463238,9.96125984191895,15.8371067047119,-551.748046875,20206.857421875,16780.103515625,4074.01171875,-0,-0,-0,-0,-0,-0,0.0006103515625,-0.01068115234375,-0.0054931640625,-0.0002288818359375,-0.0124359130859375,-0.023651123046875,-0.00396728515625,4.99984741210938
31.3924387304138,14.6672229766846,14.6606159210205,-564.608459472656,19943.18359375,16419.63671875,4763.61962890625,-0,-0,-0,-0,-0,-0,0.0048828125,0.00579833984375,-0.0115966796875,-0.00141143798828125,0.00202178955078125,-0.0269317626953125,0.0079345703125,4.99984741210938
31.3934351145038,10.0517587661743,18.3710880279541,-563.179565429688,21646.92578125,16498.00390625,4840.240234375,-0,-0,-0,-0,-0,-0,-0.00152587890625,-0.0048828125,-0.01922607421875,0.0048828125,-0.004425048828125,-0.0251388549804688,-0.0048828125,4.99984741210938
31.3944314985938,13.7622299194336,14.3891181945801,-559.249938964844,21058.720703125,17281.6328125,3039.6064453125,-0,-0,-0,-0,-0,-0,-0.00213623046875,0.00762939453125,-0.00579833984375,-0.0070953369140625,-0.0241470336914062,0.0254440307617188,-0.0244140625,4.99984741210938
31.3954278826838,14.4862241744995,18.3710880279541,-549.961853027344,20997.873046875,16733.09765625,3326.94018554688,-0,-0,-0,-0,-0,-0,-0.00091552734375,0.00518798828125,0.0091552734375,-0.0025177001953125,0.005645751953125,0.02044677734375,-0.01678466796875,4.99984741210938
31.3964242667738,12.7667379379272,13.3936262130737,-555.320373535156,21038.451171875,17124.90625,4380.50341796875,-0,-0,-0,-0,-0,-0,0.00244140625,0.0006103515625,0.00946044921875,0.00049591064453125,0.0046539306640625,-0.0225448608398438,0.01861572265625,4.99984741210938
31.3974206508638,17.2917022705078,13.2126274108887,-570.32421875,21910.59765625,17156.251953125,4418.81396484375,-0,-0,-0,-0,-0,-0,-0.003662109375,-0.0067138671875,0.0042724609375,0.0017547607421875,-0.0137710571289062,-0.022125244140625,-0.0244140625,4.99984741210938
31.3984170349538,11.4092483520508,13.303126335144,-558.535522460938,22153.98828125,17124.90625,4974.33203125,-0,-0,-0,-0,-0,-0,0.009765625,0.01068115234375,0.0048828125,-0.0025177001953125,0.0134658813476562,-0.00232696533203125,0.02288818359375,4.99984741210938
31.3994134190438,12.9477367401123,11.2216424942017,-551.390808105469,22640.75390625,16686.076171875,4495.43701171875,-0,-0,-0,-0,-0,-0,0.0030517578125,-0.00885009765625,0.001220703125,-0.010833740234375,0.0163650512695312,0.00301361083984375,0,4.99984741210938
31.4004098031338,11.7712459564209,12.8506298065186,-563.536743164062,23999.6953125,17124.90625,4476.2841796875,-0,-0,-0,-0,-0,-0,0.0091552734375,-0.00335693359375,0.01007080078125,0.00286102294921875,0.00514984130859375,-0.034027099609375,-0.00152587890625,4.99984741210938
31.4014061872238,14.8482217788696,12.8506298065186,-549.247436523438,23066.69140625,16780.103515625,3748.36694335938,-0,-0,-0,-0,-0,-0,0.00457763671875,0.018310546875,-0.0146484375,0.0209808349609375,0.0190353393554688,0.00396728515625,0.00823974609375,4.99984741210938
31.4024025713138,16.2057113647461,12.9411296844482,-554.963134765625,24263.3671875,16043.4794921875,3824.98803710938,-0,-0,-0,-0,-0,-0,0.0006103515625,0.00885009765625,0.01556396484375,0.00049591064453125,0.0154495239257812,-0.0217819213867188,0.0286865234375,4.99984741210938
31.4033989554038,13.2192344665527,11.1311435699463,-547.461242675781,24303.919921875,16983.849609375,4265.57177734375,-0,-0,-0,-0,-0,-0,0.00946044921875,-0.0006103515625,0.001220703125,0.00324249267578125,0.0130844116210938,-0.00667572021484375,-0.0213623046875,4.99984741210938
31.4043953394938,14.033727645874,6.15368175506592,-558.535522460938,24790.7109375,16341.2646484375,4303.88330078125,-0,-0,-0,-0,-0,-0,-0.0042724609375,0.001220703125,0.01708984375,0.00019073486328125,0.0257492065429688,0.022735595703125,-0.01434326171875,4.99984741210938
31.4053917235838,16.3867092132568,10.9501447677612,-552.462524414062,24912.39453125,16795.77734375,4150.634765625,-0,-0,-0,-0,-0,-0,0.0030517578125,0.00335693359375,0.0018310546875,-0.00080108642578125,0.0017547607421875,-0.002288818359375,0.0006103515625,4.99984741210938
31.4063881076738,13.3097333908081,9.50215625762939,-554.963134765625,24831.263671875,16936.83203125,4418.81396484375,-0,-0,-0,-0,-0,-0,-0.0189208984375,0.0048828125,0.001220703125,0.006103515625,0.00698089599609375,0.0128555297851562,0.0054931640625,4.99984741210938
31.4073844917638,12.4047403335571,11.8551378250122,-549.247436523438,24689.298828125,16811.4609375,4380.50341796875,-0,-0,-0,-0,-0,-0,-0.01190185546875,-0.00091552734375,-0.0115966796875,-0.0189208984375,-0.00240325927734375,-0.0131988525390625,0.01708984375,4.99984741210938
31.4083808758538,10.0517587661743,11.0406436920166,-552.105285644531,26210.486328125,17015.1953125,3901.6123046875,-0,-0,-0,-0,-0,-0,0.00640869140625,-0.0067138671875,-0.01708984375,0.013427734375,-0.0170135498046875,-0.00095367431640625,0.01556396484375,4.99984741210938
31.4093772599438,17.7441997528076,7.51117134094238,-546.032287597656,27326.0234375,16137.517578125,4821.08349609375,-0,-0,-0,-0,-0,-0,-0.00091552734375,0.00518798828125,-0.01251220703125,-0.00598907470703125,-0.0137710571289062,0.0168228149414062,0.01129150390625,4.99984741210938
31.4103736440338,14.8482217788696,9.77365398406982,-537.458679199219,26920.369140625,16623.375,5108.421875,-0,-0,-0,-0,-0,-0,-0.01922607421875,0.00244140625,-0.0091552734375,-0.0143051147460938,0.0031280517578125,-0.0609207153320312,0.02410888671875,4.99984741210938
31.4113700281237,12.4952402114868,10.4976482391357,-556.39208984375,27772.23828125,16262.8994140625,4974.33203125,-0,-0,-0,-0,-0,-0,-0.00457763671875,-0.00335693359375,-0.00885009765625,-0.024566650390625,0.0060272216796875,-0.0233840942382812,0.02288818359375,4.99984741210938
31.4123664122137,15.3912172317505,6.78717660903931,-554.248657226562,26920.369140625,16403.955078125,5280.81982421875,-0,-0,-0,-0,-0,-0,-0.0067138671875,0.0079345703125,-0.0140380859375,0.00232696533203125,-0.0042724609375,0.013427734375,-0.0030517578125,4.99984741210938
31.4133627963037,17.1107044219971,9.77365398406982,-556.39208984375,28218.453125,16184.5361328125,5778.86767578125,-0,-0,-0,-0,-0,-0,0.00518798828125,-0.001220703125,-0.01678466796875,0.00926971435546875,-0.00415802001953125,-0.0238800048828125,0.00244140625,4.99984741210938
31.4143591803937,14.6672229766846,6.78717660903931,-556.034851074219,29333.98828125,17093.55859375,5223.35595703125,-0,-0,-0,-0,-0,-0,-0.00823974609375,-0.00457763671875,-0.0067138671875,-0.0090789794921875,-0.00152587890625,-0.0164031982421875,0.00579833984375,4.99984741210938
31.4153555644837,15.3912172317505,6.24418115615845,-557.106567382812,29455.685546875,16717.412109375,5127.57421875,-0,-0,-0,-0,-0,-0,0.00518798828125,-0.01251220703125,0.00823974609375,0.0192642211914062,-0.00457763671875,0.0213241577148438,0.0152587890625,4.99984741210938
31.4163519485737,15.843713760376,8.86866092681885,-552.819763183594,28847.208984375,17156.251953125,4897.70947265625,-0,-0,-0,-0,-0,-0,0.01617431640625,0.0048828125,-0.01312255859375,-0.0213623046875,0,0.00244140625,0.01922607421875,4.99984741210938
31.4173483326637,15.6627159118652,6.96817541122437,-557.821044921875,30550.9375,16874.14453125,5031.7958984375,-0,-0,-0,-0,-0,-0,-0.00335693359375,0.00274658203125,0.0067138671875,-0.0111007690429688,0.0177001953125,0.00339508056640625,0.0152587890625,4.99984741210938
31.4183447167537,17.8346996307373,1.90021455287933,-559.249938964844,29617.943359375,17015.1953125,5165.8857421875,-0,-0,-0,-0,-0,-0,-0.01312255859375,0.0006103515625,0.0201416015625,-0.0131988525390625,0.0084686279296875,0.0201416015625,-0.0299072265625,4.99984741210938
31.4193411008437,16.2962112426758,3.52920198440552,-562.822326660156,31727.32421875,16059.15234375,5299.9775390625,-0,-0,-0,-0,-0,-0,0.00946044921875,0.00762939453125,0.0140380859375,0.0286102294921875,0.021820068359375,0.0030517578125,-0.006103515625,4.99984741210938
31.4203374849337,13.1287355422974,4.70569276809692,-559.964416503906,31686.7578125,16811.4609375,4514.595703125,-0,-0,-0,-0,-0,-0,0.010986328125,-0.003662109375,0.01190185546875,-0.0011444091796875,0.00743865966796875,0.0353240966796875,-0.02044677734375,4.99984741210938
31.4213338690237,15.9342136383057,6.33468055725098,-561.750610351562,31463.650390625,17124.90625,5299.9775390625,-0,-0,-0,-0,-0,-0,0.0042724609375,0.00091552734375,0.01556396484375,0.00446319580078125,0.0131988525390625,0.033111572265625,-0.00701904296875,4.99984741210938
31.4223302531137,13.4002332687378,8.32566452026367,-568.180786132812,33147.0859375,17375.68359375,4457.12548828125,-0,-0,-0,-0,-0,-0,0.01220703125,0.00732421875,-0.00732421875,0.0143814086914062,0.0028228759765625,0.016326904296875,-0.00823974609375,4.99984741210938
31.4233266372037,13.4002332687378,7.33017253875732,-559.607177734375,31869.30078125,16905.484375,5606.4697265625,-0,-0,-0,-0,-0,-0,0.015869140625,0.0146484375,0.01129150390625,-0.00339508056640625,0.0162506103515625,0.0273895263671875,0.0048828125,4.99984741210938
31.4243230212937,14.4862241744995,6.42517948150635,-566.037414550781,32883.41015625,16184.5361328125,4993.48486328125,-0,-0,-0,-0,-0,-0,0.00885009765625,0.0054931640625,-0.0250244140625,-0.0169754028320312,-0.00659942626953125,0.0037384033203125,-0.0079345703125,4.99984741210938
31.4253194053837,17.1107044219971,10.4071493148804,-559.607177734375,33410.7578125,17062.21484375,5338.287109375,-0,-0,-0,-0,-0,-0,-0.001220703125,-0.00274658203125,0.00152587890625,-0.00041961669921875,0.0107192993164062,3.814697265625e-05,-0.02349853515625,4.99984741210938
31.4263157894737,14.938720703125,5.79168462753296,-564.251220703125,33714.99609375,17767.4921875,5683.0927734375,-0,-0,-0,-0,-0,-0,-0.01373291015625,-0.00457763671875,0.00885009765625,0.00278472900390625,0.00720977783203125,0.0327301025390625,-0.0225830078125,4.99984741210938
31.4273121735637,15.3007183074951,5.88218402862549,-568.895263671875,34161.21484375,17532.412109375,5778.86767578125,-0,-0,-0,-0,-0,-0,-0.0054931640625,0.0006103515625,-0.01251220703125,0.000457763671875,-0.0009918212890625,-0.00850677490234375,0.02349853515625,4.99984741210938
31.4283085576537,16.2962112426758,5.06768989562988,-567.823608398438,35337.6171875,16936.83203125,5185.044921875,-0,-0,-0,-0,-0,-0,-0.003662109375,-0.0140380859375,-0.01190185546875,-0.0130462646484375,0.00186920166015625,-0.02532958984375,0.01434326171875,4.99984741210938
31.4293049417437,15.4817171096802,4.97719097137451,-567.823608398438,35743.24609375,16623.375,6066.2060546875,-0,-0,-0,-0,-0,-0,0.0006103515625,0.0091552734375,0.0030517578125,-0.00255584716796875,-0.00743865966796875,0.002899169921875,0.02532958984375,4.99984741210938
31.4303013258337,15.9342136383057,3.25770401954651,-564.608459472656,35195.6171875,17218.953125,5050.9541015625,-0,-0,-0,-0,-0,-0,-0.01068115234375,-0.003662109375,-0.0048828125,-0.000457763671875,-0.012359619140625,0.0193023681640625,0.0225830078125,4.99984741210938
31.4312977099237,17.2917022705078,3.61970138549805,-577.111694335938,36290.89453125,17030.880859375,5108.421875,-0,-0,-0,-0,-0,-0,-0.00030517578125,-0.00396728515625,-0.010986328125,-0.00255584716796875,-0.018310546875,-0.0342941284179688,0.01495361328125,4.99984741210938
31.4322940940137,14.7577228546143,2.17171239852905,-571.038696289062,36351.71875,17767.4921875,5740.556640625,-0,-0,-0,-0,-0,-0,-0.0030517578125,0.009765625,-0.00762939453125,0.00026702880859375,0.00080108642578125,-0.0215530395507812,0.018310546875,4.99984741210938
31.4332904781037,15.4817171096802,2.9862060546875,-564.251220703125,36128.63671875,17720.486328125,6966.5224609375,-0,-0,-0,-0,-0,-0,0.00152587890625,-0.00030517578125,-0.01556396484375,-0.0121688842773438,-0.0228500366210938,-0.000762939453125,0.00640869140625,4.99984741210938
31.4342868621937,15.3912172317505,2.89570689201355,-563.893981933594,36818.23828125,17344.337890625,5299.9775390625,-0,-0,-0,-0,-0,-0,-0.00946044921875,-0.00213623046875,-0.01861572265625,0.00377655029296875,-0.0164031982421875,0.00431060791015625,0.0164794921875,4.99984741210938
31.4352832462836,16.5677089691162,6.15368175506592,-582.112915039062,37507.84375,16858.466796875,5817.18212890625,-0,-0,-0,-0,-0,-0,0.00701904296875,0.0030517578125,-0.0250244140625,0.008544921875,0.0019073486328125,-0.036163330078125,-0.0042724609375,4.99984741210938
31.4362796303736,16.4772090911865,-2.26275324821472,-579.255065917969,37588.94921875,18127.970703125,6736.6552734375,-0,-0,-0,-0,-0,-0,0.00244140625,-0.00030517578125,0.0018310546875,0.00644683837890625,0.0131988525390625,-0.0236129760742188,0.01434326171875,4.99984741210938
31.4372760144636,16.748706817627,1.17622017860413,-570.32421875,37893.1875,17469.70703125,6123.669921875,-0,-0,-0,-0,-0,-0,-0.00152587890625,-0.00579833984375,0.01373291015625,-0.00026702880859375,-0.00072479248046875,0.0119400024414062,-0.037841796875,4.99984741210938
31.4382723985536,18.015697479248,-1.62925827503204,-573.896545410156,38501.6875,18410.078125,5280.81982421875,-0,-0,-0,-0,-0,-0,-0.00579833984375,0.0091552734375,0.01800537109375,0.0363922119140625,0.01708984375,0.00453948974609375,-0.0030517578125,4.99984741210938
31.4392687826436,16.9297065734863,-1.62925827503204,-579.6123046875,39089.87890625,17720.486328125,5146.7333984375,-0,-0,-0,-0,-0,-0,0.003662109375,0.00518798828125,0.015869140625,0.016937255859375,0.0187301635742188,0.0517654418945312,-0.02899169921875,4.99984741210938
31.4402651667336,17.1107044219971,-1.53875887393951,-582.827392578125,40164.82421875,18002.583984375,5759.71484375,-0,-0,-0,-0,-0,-0,0.0054931640625,-0.0054931640625,0.0225830078125,-0.0046539306640625,0.0202178955078125,0.0346755981445312,0.02532958984375,4.99984741210938
31.4412615508236,21.0926742553711,-2.53425121307373,-598.545715332031,40428.5,18174.998046875,6276.91845703125,-0,-0,-0,-0,-0,-0,0.00701904296875,0.0054931640625,0.0079345703125,-0.0206375122070312,0.0357818603515625,-0.0262832641601562,0.01251220703125,4.99984741210938
31.4422579349136,21.2736721038818,-0.0907700955867767,-595.330627441406,41807.70703125,17563.7578125,5855.49365234375,-0,-0,-0,-0,-0,-0,0.013427734375,0.00396728515625,-0.00244140625,0.0084686279296875,0.00568389892578125,-0.0311660766601562,0.0299072265625,4.99984741210938
31.4432543190036,17.4727020263672,-0.905263841152191,-598.545715332031,40793.58203125,18049.6015625,5606.4697265625,-0,-0,-0,-0,-0,-0,0.00152587890625,0.00396728515625,0.00701904296875,0.0052642822265625,0.0146865844726562,0.00392913818359375,0.00396728515625,4.99984741210938
31.4442507030936,14.1242275238037,-4.8872332572937,-594.258911132812,41523.75390625,18127.970703125,7177.23583984375,-0,-0,-0,-0,-0,-0,-0.0042724609375,-0.001220703125,0.028076171875,0.0230789184570312,0.0262069702148438,0.0156784057617188,0.0250244140625,4.99984741210938
31.4452470871836,18.1061973571777,-4.61573505401611,-609.262756347656,41787.42578125,18394.41015625,6238.607421875,-0,-0,-0,-0,-0,-0,0.0079345703125,0.01129150390625,-0.0054931640625,-0.00865936279296875,0.00835418701171875,0.00820159912109375,0.0018310546875,4.99984741210938
31.4462434712736,16.4772090911865,-5.88272523880005,-600.331909179688,42233.640625,17595.09375,5836.3349609375,-0,-0,-0,-0,-0,-0,0.01220703125,0.00457763671875,0.0018310546875,0.00461578369140625,-0.0042724609375,-0.00728607177734375,-0.0091552734375,4.99984741210938
31.4472398553636,16.2962112426758,-9.59319686889648,-603.904235839844,42619.03125,18347.38671875,6142.8291015625,-0,-0,-0,-0,-0,-0,-0.00335693359375,-0.001220703125,-0.01129150390625,-0.0270843505859375,0.0020599365234375,-0.0233840942382812,-0.00701904296875,4.99984741210938
31.4482362394536,22.4501628875732,-8.23570728302002,-605.333129882812,43937.39453125,17986.923828125,5836.3349609375,-0,-0,-0,-0,-0,-0,-0.006103515625,0.001220703125,-0.0286865234375,-0.00591278076171875,0.00217437744140625,-0.011444091796875,-0.01373291015625,4.99984741210938
31.4492326235436,15.4817171096802,-2.08175468444824,-621.765930175781,43308.63671875,18049.6015625,6525.9423828125,-0,-0,-0,-0,-0,-0,-0.010986328125,0.0018310546875,-0.015869140625,-0.0208282470703125,-0.006561279296875,0.0077056884765625,0.01251220703125,4.99984741210938
31.4502290076336,20.3686790466309,-7.42121362686157,-617.121887207031,44525.5859375,18848.91796875,6621.7177734375,-0,-0,-0,-0,-0,-0,-0.0048828125,-0.00823974609375,-0.00457763671875,0.01220703125,-0.0139236450195312,-0.00225067138671875,0.00030517578125,4.99984741210938
31.4512253917236,19.5541858673096,-7.05921649932861,-604.618713378906,44363.328125,18065.287109375,6315.22998046875,-0,-0,-0,-0,-0,-0,-0.0128173828125,-0.00152587890625,-0.0189208984375,0.00209808349609375,-0.0139617919921875,-0.0101852416992188,0.0018310546875,4.99984741210938
31.4522217758136,17.2012042999268,-9.50269794464111,-606.762084960938,45215.19140625,19695.26171875,5472.3798828125,-0,-0,-0,-0,-0,-0,0.00274658203125,-0.00701904296875,-0.02044677734375,0.0112152099609375,-0.0289154052734375,-0.0080108642578125,-0.01007080078125,4.99984741210938
31.4532181599036,20.5496768951416,-10.4076900482178,-627.124450683594,45519.4296875,19350.4609375,6219.45166015625,-0,-0,-0,-0,-0,-0,-0.0030517578125,-0.00762939453125,-0.0201416015625,-0.00640869140625,-0.0243377685546875,-0.0074005126953125,-0.023193359375,4.99984741210938
31.4542145439936,17.5631999969482,-10.226692199707,-618.908081054688,46046.7734375,19507.1875,7177.23583984375,-0,-0,-0,-0,-0,-0,-0.0048828125,0.00457763671875,-0.01312255859375,-0.0096893310546875,-0.0271987915039062,-0.0437164306640625,-0.00823974609375,4.99984741210938
31.4552109280836,18.3776950836182,-10.045693397522,-617.836364746094,46959.484375,18535.4609375,6449.31689453125,-0,-0,-0,-0,-0,-0,0.010986328125,-0.00732421875,0.00640869140625,0.0144195556640625,0.0025177001953125,0.0031280517578125,0.00244140625,4.99984741210938
31.4562073121736,17.7441997528076,-11.6746807098389,-629.267822265625,46675.53125,19099.681640625,6238.607421875,-0,-0,-0,-0,-0,-0,-0.00335693359375,0.00152587890625,-0.00885009765625,-0.00640869140625,-0.00446319580078125,0.0303268432617188,-0.02349853515625,4.99984741210938
31.4572036962636,21.2736721038818,-13.3036680221558,-628.910583496094,48419.82421875,19961.701171875,5951.26904296875,-0,-0,-0,-0,-0,-0,0.0006103515625,0.00640869140625,-0.0048828125,-0.0102615356445312,-0.0115966796875,0.02593994140625,0.0054931640625,4.99984741210938
31.4582000803536,18.920690536499,-10.4981899261475,-634.269104003906,48115.5859375,19710.921875,6736.6552734375,-0,-0,-0,-0,-0,-0,0.01312255859375,-0.01007080078125,-0.0091552734375,0.0054931640625,0.0334548950195312,0.0200653076171875,0.01068115234375,4.99984741210938
31.4591964644436,21.9976673126221,-16.1996459960938,-627.481689453125,49778.7265625,18159.3125,7694.439453125,-0,-0,-0,-0,-0,-0,0.00213623046875,-0.00396728515625,0.001220703125,-0.0101089477539062,-0.00362396240234375,-0.04669189453125,0.00457763671875,4.99984741210938
31.4601928485335,23.4456558227539,-17.1046390533447,-638.198669433594,49981.55078125,19914.671875,6794.119140625,-0,-0,-0,-0,-0,-0,0.00152587890625,0.00701904296875,0.02105712890625,0.007476806640625,0.0195693969726562,0.00797271728515625,-0.003662109375,4.99984741210938
31.4611892326235,20.3686790466309,-13.1226692199707,-641.413818359375,49413.65625,19585.552734375,6736.6552734375,-0,-0,-0,-0,-0,-0,0.00640869140625,0.00457763671875,0.0335693359375,-0.0300216674804688,0.0438690185546875,-0.0136184692382812,-0.00762939453125,4.99984741210938
31.4621856167135,23.4456558227539,-17.7381343841553,-637.484252929688,49900.4453125,19616.8984375,7483.72705078125,-0,-0,-0,-0,-0,-0,0.00885009765625,0.0201416015625,0.00946044921875,-0.0127792358398438,0.0211334228515625,0.0261306762695312,-0.00579833984375,4.99984741210938
31.4631820008035,21.5451698303223,-15.0231552124023,-637.841430664062,51827.2578125,19710.921875,6832.4306640625,-0,-0,-0,-0,-0,-0,0.00762939453125,0.00518798828125,0.0311279296875,0.0130081176757812,-0.0079345703125,0.0092315673828125,0.0146484375,4.99984741210938
31.4641783848935,19.1016883850098,-17.2856369018555,-651.416381835938,51015.984375,19789.287109375,7215.5458984375,-0,-0,-0,-0,-0,-0,0.01373291015625,0.00457763671875,0.00946044921875,-0.0281906127929688,0.0005340576171875,0.023345947265625,0.0048828125,4.99984741210938
31.4651747689835,21.4546699523926,-18.2811298370361,-664.991271972656,51502.73828125,20494.576171875,7138.9248046875,-0,-0,-0,-0,-0,-0,0.00457763671875,0.0103759765625,0.02227783203125,0.0143814086914062,-0.00499725341796875,0.018768310546875,0.00152587890625,4.99984741210938
31.4661711530735,21.0926742553711,-17.4666366577148,-647.129516601562,51948.9765625,20259.48046875,6602.5654296875,-0,-0,-0,-0,-0,-0,0.0042724609375,-0.0030517578125,0,-0.0141143798828125,0.0100326538085938,-0.0034332275390625,-0.0079345703125,4.99984741210938
31.4671675371635,22.6311626434326,-19.9101181030273,-669.278076171875,53165.9296875,19883.3359375,6200.29296875,-0,-0,-0,-0,-0,-0,-0.0006103515625,-0.00457763671875,0.001220703125,0.001373291015625,-0.0171279907226562,0.023193359375,0.01312255859375,4.99984741210938
31.4681639212535,21.9976673126221,-14.4801588058472,-661.776123046875,53855.53125,20353.509765625,6736.6552734375,-0,-0,-0,-0,-0,-0,-0.0018310546875,-0.0018310546875,-0.0225830078125,0.00911712646484375,-0.0317001342773438,-0.0109481811523438,-0.01495361328125,4.99984741210938
31.4691603053435,24.8936443328857,-21.3581066131592,-663.205078125,53612.140625,20651.3046875,6008.73828125,-0,-0,-0,-0,-0,-0,0.0048828125,-0.00091552734375,0.00152587890625,0.0275421142578125,-0.0074005126953125,-0.0038909912109375,-0.01312255859375,4.99984741210938
31.4701566894335,21.8166675567627,-18.824125289917,-663.205078125,55295.58984375,20322.1640625,6832.4306640625,-0,-0,-0,-0,-0,-0,0.0152587890625,-0.00030517578125,-0.02166748046875,-0.00377655029296875,-0.00457763671875,-0.0159454345703125,0.01190185546875,4.99984741210938
31.4711530735235,26.7941303253174,-19.5481204986572,-682.138488769531,55721.51953125,20290.81640625,6583.40673828125,-0,-0,-0,-0,-0,-0,0.00640869140625,-0.009765625,-0.013427734375,-0.00736236572265625,-0.00881195068359375,-0.0585174560546875,0.02288818359375,4.99984741210938
31.4721494576135,24.9841442108154,-26.6070652008057,-671.778686523438,54707.39453125,20478.890625,7560.349609375,-0,-0,-0,-0,-0,-0,-0.02471923828125,0.0048828125,-0.00640869140625,-0.0109481811523438,-0.0164031982421875,-0.0104522705078125,-0.01190185546875,4.99984741210938
31.4731458417035,24.3506488800049,-20.9056091308594,-698.928466796875,56248.86328125,20322.1640625,8613.912109375,-0,-0,-0,-0,-0,-0,-0.006103515625,-0.00396728515625,0.003662109375,-0.0147628784179688,-0.0347900390625,-0.0240325927734375,-0.0250244140625,4.99984741210938
31.4741422257935,23.4456558227539,-21.4486045837402,-686.42529296875,57100.70703125,20604.287109375,7407.10400390625,-0,-0,-0,-0,-0,-0,0.0091552734375,0.0042724609375,-0.0164794921875,-0.0164794921875,-0.0183868408203125,-0.0114059448242188,0.01434326171875,4.99984741210938
31.4751386098835,25.0746421813965,-20.1816158294678,-689.997619628906,57080.44921875,21387.916015625,7981.77490234375,-0,-0,-0,-0,-0,-0,0.0006103515625,-0.0103759765625,0.003662109375,-0.0118637084960938,0.002288818359375,0.0075531005859375,-0.03265380859375,4.99984741210938
31.4761349939735,26.1606349945068,-19.3671207427979,-694.284423828125,57465.8125,21967.814453125,7253.85546875,-0,-0,-0,-0,-0,-0,0.0042724609375,-0.0042724609375,-0.00335693359375,0.0109481811523438,-0.00091552734375,-0.0142288208007812,-0.047607421875,4.99984741210938
31.4771313780635,28.0611190795898,-23.2585906982422,-677.494445800781,58236.55078125,21779.744140625,7158.080078125,-0,-0,-0,-0,-0,-0,0.00518798828125,-0.00823974609375,0.029296875,-0.00244140625,0.00579833984375,-0.0115203857421875,0.02593994140625,4.99984741210938
31.4781277621535,25.9796352386475,-26.4260673522949,-693.212768554688,59838.8671875,21293.890625,6947.36767578125,-0,-0,-0,-0,-0,-0,-0.00335693359375,0.00579833984375,0.020751953125,-0.00095367431640625,0.0009918212890625,0.0107192993164062,0.01678466796875,4.99984741210938
31.4791241462435,24.712646484375,-24.7065811157227,-702.143615722656,59717.171875,21387.916015625,7751.9033203125,-0,-0,-0,-0,-0,-0,0.0006103515625,0.00885009765625,0.0244140625,-0.00091552734375,0.0104141235351562,0.0181198120117188,-0.01220703125,4.99984741210938
31.4801205303335,26.7941303253174,-24.5255813598633,-715.361267089844,60163.359375,22061.859375,7732.7509765625,-0,-0,-0,-0,-0,-0,0.010986328125,0.0067138671875,0.02532958984375,0.01220703125,0.0145339965820312,0.0310897827148438,0.0152587890625,4.99984741210938
31.4811169144235,31.2285957336426,-28.4170513153076,-707.859313964844,61015.2265625,21450.619140625,7330.478515625,-0,-0,-0,-0,-0,-0,0.0018310546875,0.001220703125,0.01861572265625,0.0200653076171875,0.00972747802734375,0.0257110595703125,-0.0115966796875,4.99984741210938
31.4821132985135,27.3371257781982,-27.7835559844971,-716.790222167969,60487.87890625,21670.0390625,7905.15185546875,-0,-0,-0,-0,-0,-0,0.00946044921875,-0.00030517578125,0.01129150390625,0.028228759765625,0.00728607177734375,-0.0204086303710938,-0.040283203125,4.99984741210938
31.4831096826035,28.8756141662598,-30.6795349121094,-711.431701660156,61725.13671875,22673.087890625,6736.6552734375,-0,-0,-0,-0,-0,-0,0.01617431640625,0.00213623046875,-0.0140380859375,-0.003509521484375,0.0246429443359375,0.009918212890625,-0.0048828125,4.99984741210938
31.4841060666935,28.0611190795898,-27.421558380127,-721.077026367188,61583.16015625,21873.7734375,7119.765625,-0,-0,-0,-0,-0,-0,0.01220703125,0.00457763671875,0.00335693359375,-0.0196456909179688,0.0115966796875,0.0199127197265625,0.0103759765625,4.99984741210938
31.4851024507835,28.9661121368408,-30.1365375518799,-730.007873535156,63327.453125,22547.71875,7023.990234375,-0,-0,-0,-0,-0,-0,0.00335693359375,0.0006103515625,-0.01220703125,0.0089263916015625,0.0107574462890625,0.00812530517578125,0.00579833984375,4.99984741210938
31.4860988348734,29.5996074676514,-30.4080352783203,-713.575073242188,63266.60546875,22390.990234375,7464.5693359375,-0,-0,-0,-0,-0,-0,-0.00579833984375,0.00274658203125,0.009765625,0.0023651123046875,-0.0191879272460938,0.01739501953125,0.02105712890625,4.99984741210938
31.4870952189634,28.9661121368408,-35.2044982910156,-738.581481933594,64098.16796875,22767.130859375,7158.080078125,-0,-0,-0,-0,-0,-0,0.00885009765625,-0.01434326171875,0.01434326171875,-0.00247955322265625,0.0055694580078125,-0.0011444091796875,-0.03021240234375,4.99984741210938
31.4880916030534,28.5136165618896,-33.1230163574219,-733.222961425781,63915.62109375,23221.638671875,7541.19091796875,-0,-0,-0,-0,-0,-0,-0.00762939453125,-0.00152587890625,-0.010986328125,0.00118255615234375,-0.0066375732421875,0.015869140625,-0.00823974609375,4.99984741210938
31.4890879871434,29.6901073455811,-28.5075511932373,-757.514892578125,63793.953125,24083.642578125,6928.2119140625,-0,-0,-0,-0,-0,-0,0.00244140625,0.00701904296875,-0.0054931640625,-0.0167465209960938,-0.0136566162109375,-0.00537872314453125,0.04486083984375,4.99984741210938
31.4900843712334,31.0475959777832,-34.7520027160645,-751.084655761719,65457.11328125,22970.884765625,7426.25927734375,-0,-0,-0,-0,-0,-0,-0.00457763671875,-0.00213623046875,-0.02532958984375,-0.0119781494140625,-0.005950927734375,-0.0204086303710938,0.0006103515625,4.99984741210938
31.4910807553234,32.1335868835449,-35.2949981689453,-742.511047363281,65639.6328125,23409.7109375,8249.951171875,-0,-0,-0,-0,-0,-0,0.00396728515625,-0.0042724609375,-0.008544921875,-0.0152587890625,-0.00553131103515625,-0.00640869140625,-0.0042724609375,4.99984741210938
31.4920771394134,34.2150726318359,-39.1864700317383,-742.868286132812,66085.84375,23519.421875,8269.1064453125,-0,-0,-0,-0,-0,-0,0.0006103515625,0.0079345703125,-0.028076171875,-0.0413131713867188,-0.00217437744140625,-0.00408172607421875,-0.0042724609375,4.99984741210938
31.4930735235034,27.9706211090088,-38.5529747009277,-757.514892578125,67830.1953125,23268.66796875,7004.83203125,-0,-0,-0,-0,-0,-0,-0.0018310546875,0.01220703125,-0.009765625,-0.0172042846679688,-0.0019073486328125,0.0240707397460938,0.0164794921875,4.99984741210938
31.4940699075934,30.5046005249023,-36.2904891967773,-761.444458007812,67708.5,24130.662109375,7732.7509765625,-0,-0,-0,-0,-0,-0,-0.00274658203125,-0.0030517578125,-0.00274658203125,0.0272369384765625,-0.002899169921875,-0.0139236450195312,-0.0103759765625,4.99984741210938
31.4950662916834,29.3281097412109,-39.7294654846191,-772.875915527344,68296.6875,23378.376953125,7885.99658203125,-0,-0,-0,-0,-0,-0,0.00396728515625,0.00213623046875,-0.01007080078125,0.0199127197265625,-0.0032806396484375,0.0107574462890625,-0.0042724609375,4.99984741210938
31.4960626757734,31.0475959777832,-41.1774520874023,-775.019348144531,69898.953125,24553.83203125,7062.3017578125,-0,-0,-0,-0,-0,-0,-0.006103515625,-0.0006103515625,-0.01129150390625,0.0114822387695312,0.0031280517578125,-0.0127410888671875,-0.01708984375,4.99984741210938
31.4970590598634,31.8620910644531,-43.1684379577637,-770.375305175781,69412.2265625,24506.810546875,7483.72705078125,-0,-0,-0,-0,-0,-0,0.0103759765625,0.0030517578125,-0.0115966796875,-0.00621795654296875,0.0006866455078125,0.0223541259765625,-0.03631591796875,4.99984741210938
31.4980554439534,30.2331027984619,-44.9784240722656,-781.806823730469,70507.4296875,24036.63671875,7962.6162109375,-0,-0,-0,-0,-0,-0,0.00457763671875,0.0115966796875,-0.0140380859375,-0.00453948974609375,0.000762939453125,0.0140762329101562,-0.01068115234375,4.99984741210938
31.4990518280434,29.7806072235107,-45.9739151000977,-786.093627929688,70203.2421875,24694.8828125,6774.96630859375,-0,-0,-0,-0,-0,-0,0.00244140625,0.0018310546875,0.01983642578125,0.0338363647460938,0.0255203247070312,0.0255966186523438,-0.03692626953125,4.99984741210938
31.5000482121334,29.0566120147705,-41.5394515991211,-793.23828125,71156.46875,24616.51953125,7100.61328125,-0,-0,-0,-0,-0,-0,0.003662109375,0.0225830078125,0.01312255859375,0.0105667114257812,0.014495849609375,0.00385284423828125,-0.0042724609375,4.99984741210938
31.5010445962234,29.8711051940918,-48.0554008483887,-790.737670898438,71967.7734375,25212.099609375,7751.9033203125,-0,-0,-0,-0,-0,-0,0.0048828125,-0.00152587890625,0.02716064453125,0.00782012939453125,0.00827789306640625,0.0125503540039062,-0.00579833984375,4.99984741210938
31.5020409803134,32.9480819702148,-44.5259284973145,-811.099975585938,71663.578125,25086.7109375,7158.080078125,-0,-0,-0,-0,-0,-0,0.0103759765625,-0.010986328125,0.0201416015625,0.00438690185546875,-0.005340576171875,0.0132369995117188,0.006103515625,4.99984741210938
31.5030373644034,34.8485679626465,-50.5893821716309,-804.312561035156,71562.1171875,25666.611328125,7617.81640625,-0,-0,-0,-0,-0,-0,0.0054931640625,-0.0030517578125,0.00152587890625,0.0156784057617188,0.0237655639648438,0.0144195556640625,-0.01953125,4.99984741210938
31.5040337484934,29.5996074676514,-53.1233596801758,-797.525085449219,72981.9375,25165.080078125,7311.32568359375,-0,-0,-0,-0,-0,-0,0.0115966796875,-0.00091552734375,0.0164794921875,-0.0108718872070312,-0.0215530395507812,-0.0040435791015625,0.0164794921875,4.99984741210938
31.5050301325834,29.1471118927002,-54.9333457946777,-837.535339355469,73306.46875,25118.05078125,7809.37353515625,-0,-0,-0,-0,-0,-0,-0.00274658203125,0.00335693359375,-0.00152587890625,0.0002288818359375,0.0191497802734375,0.00095367431640625,-0.02960205078125,4.99984741210938
31.5060265166734,33.7625770568848,-54.0283546447754,-818.959167480469,73975.75,25650.92578125,7292.1669921875,-0,-0,-0,-0,-0,-0,0.00732421875,0.00244140625,-0.0225830078125,0.000762939453125,-0.0054931640625,-0.0126266479492188,0.0250244140625,4.99984741210938
31.5070229007634,31.8620910644531,-53.9378547668457,-822.174255371094,73671.5,26481.5859375,7636.97265625,-0,-0,-0,-0,-0,-0,-0.02410888671875,0.0048828125,-0.0067138671875,-0.00148773193359375,-0.00049591064453125,-0.0254058837890625,-0.0018310546875,4.99984741210938
31.5080192848534,31.2285957336426,-53.3043594360352,-837.535339355469,75152.171875,26152.46484375,8000.9267578125,-0,-0,-0,-0,-0,-0,0.01220703125,-0.0054931640625,0.00335693359375,0.0147247314453125,-0.00278472900390625,-0.00518798828125,-0.029296875,4.99984741210938
31.5090156689434,33.5815773010254,-56.65283203125,-840.393188476562,76429.9140625,26403.22265625,7809.37353515625,-0,-0,-0,-0,-0,-0,0,0.01129150390625,0.02105712890625,0.00762939453125,-0.0086212158203125,-0.0191116333007812,0.0042724609375,4.99984741210938
31.5100120530333,31.2285957336426,-60.6348037719727,-843.251037597656,76551.609375,26434.580078125,8192.484375,-0,-0,-0,-0,-0,-0,-0.00274658203125,0.0067138671875,-0.01922607421875,0.013427734375,-0.0158309936523438,-0.0128555297851562,0.010986328125,4.99984741210938
31.5110084371233,31.9525890350342,-58.5533180236816,-842.179382324219,77139.8125,26951.78125,8249.951171875,-0,-0,-0,-0,-0,-0,-0.00885009765625,0.001220703125,-0.01953125,-0.00701904296875,-0.0110626220703125,-0.0333786010742188,-0.008544921875,4.99984741210938
31.5120048212133,32.0430908203125,-58.9153175354004,-857.540405273438,78762.453125,26810.728515625,8135.02001953125,-0,-0,-0,-0,-0,-0,-0.00762939453125,-0.00091552734375,-0.0054931640625,0.00789642333984375,-0.0211334228515625,0.0168991088867188,-0.0164794921875,4.99984741210938
31.5130012053033,36.2965545654297,-61.8112945556641,-855.397033691406,77160.0859375,27124.185546875,7407.10400390625,-0,-0,-0,-0,-0,-0,0.0201416015625,-0.00335693359375,-0.01190185546875,-0.00545501708984375,-0.01617431640625,0.0134658813476562,0.01434326171875,4.99984741210938
31.5139975893933,34.6675682067871,-64.4357757568359,-856.111511230469,79026.125,27296.5859375,7885.99658203125,-0,-0,-0,-0,-0,-0,-0.00762939453125,-0.0018310546875,-0.0079345703125,-0.00186920166015625,-0.0119781494140625,-0.004425048828125,-0.0347900390625,4.99984741210938
31.5149939734833,32.2240867614746,-64.5262756347656,-862.541687011719,79005.796875,27280.900390625,7885.99658203125,-0,-0,-0,-0,-0,-0,-0.001220703125,-0.00579833984375,0,0.00011444091796875,-0.00888824462890625,0.00835418701171875,-0.03082275390625,4.99984741210938
31.5159903575733,34.2150726318359,-68.0557479858398,-868.257446289062,80425.6171875,28283.974609375,8345.7294921875,-0,-0,-0,-0,-0,-0,0.0079345703125,0.008544921875,-0.0006103515625,-0.00579833984375,0.0124740600585938,-0.0271987915039062,0.020751953125,4.99984741210938
31.5169867416633,38.3780403137207,-69.7752304077148,-875.759338378906,80283.640625,27531.6796875,7387.94873046875,-0,-0,-0,-0,-0,-0,0.0079345703125,-0.0006103515625,-0.0103759765625,0.00400543212890625,-0.0177001953125,0.0342559814453125,-0.01220703125,4.99984741210938
31.5179831257533,31.500093460083,-65.431266784668,-874.687683105469,80831.21875,28048.869140625,7119.765625,-0,-0,-0,-0,-0,-0,0.0146484375,0.00579833984375,0.0140380859375,0.0028228759765625,0.0107192993164062,0.0198745727539062,0.01983642578125,4.99984741210938
31.5189795098433,35.5725631713867,-68.6892395019531,-887.548095703125,80689.2890625,28393.67578125,7828.52587890625,-0,-0,-0,-0,-0,-0,0.00457763671875,0.0042724609375,0.02593994140625,0.022430419921875,0.01739501953125,0.0119781494140625,0.0238037109375,4.99984741210938
31.5199758939333,35.3915634155273,-70.589729309082,-877.902770996094,82149.578125,28158.580078125,7579.501953125,-0,-0,-0,-0,-0,-0,-0.00152587890625,0.0048828125,0.00823974609375,0.0167083740234375,0.0110626220703125,0.0099945068359375,-0.01800537109375,4.99984741210938
31.5209722780233,36.5680541992188,-69.3227386474609,-874.687683105469,83021.7265625,28566.0859375,7445.41552734375,-0,-0,-0,-0,-0,-0,-0.00091552734375,0.0054931640625,0.0213623046875,0.0212478637695312,0.0003814697265625,0.056304931640625,0.03753662109375,4.99984741210938
31.5219686621133,37.292049407959,-75.7481842041016,-884.690185546875,81804.828125,28330.994140625,8403.1962890625,-0,-0,-0,-0,-0,-0,-0.0048828125,0.0067138671875,0.00396728515625,-0.0211334228515625,0.001068115234375,0.0134658813476562,-0.0048828125,4.99984741210938
31.5229650462033,35.0295677185059,-76.3816833496094,-889.334228515625,83630.25,28754.16015625,8154.1728515625,-0,-0,-0,-0,-0,-0,0.0006103515625,0.00457763671875,0.0201416015625,0.005950927734375,-0.009765625,-0.005035400390625,-0.01800537109375,4.99984741210938
31.5239614302933,37.0205497741699,-80.1826553344727,-885.761901855469,83528.8125,29396.74609375,8173.330078125,-0,-0,-0,-0,-0,-0,0.0042724609375,0.0006103515625,0.0054931640625,0.0157928466796875,0.0112152099609375,-0.00133514404296875,0.02349853515625,4.99984741210938
31.5249578143833,35.210563659668,-78.7346649169922,-903.980834960938,84482.0703125,28691.455078125,7809.37353515625,-0,-0,-0,-0,-0,-0,0.0067138671875,0.00732421875,0.003662109375,0.00896453857421875,0.00461578369140625,-0.00972747802734375,-0.001220703125,4.99984741210938
31.5259541984733,38.3780403137207,-81.6306381225586,-913.268920898438,83447.7109375,29114.625,7119.765625,-0,-0,-0,-0,-0,-0,-0.0006103515625,-0.0030517578125,-0.00091552734375,-0.0167465209960938,-0.006866455078125,0.001678466796875,-0.01434326171875,4.99984741210938
31.5269505825633,39.0115356445312,-78.1011657714844,-904.338073730469,84847.171875,29976.640625,7464.5693359375,-0,-0,-0,-0,-0,-0,-0.0054931640625,0.006103515625,-0.01434326171875,-0.016632080078125,0.00934600830078125,-0.0152206420898438,-0.02166748046875,4.99984741210938
31.5279469666533,37.1110496520996,-81.3591461181641,-911.125549316406,86632.0078125,29381.0625,7617.81640625,-0,-0,-0,-0,-0,-0,0.01007080078125,-0.0146484375,-0.0103759765625,0.0093841552734375,-0.003814697265625,-0.0126266479492188,-0.0177001953125,4.99984741210938
31.5289433507433,39.8260307312012,-85.5221099853516,-926.486572265625,85475.9609375,30446.818359375,7675.28271484375,-0,-0,-0,-0,-0,-0,-0.00885009765625,-0.009765625,-0.02410888671875,0.00064849853515625,0.00141143798828125,-0.00377655029296875,0.0347900390625,4.99984741210938
31.5299397348333,40.2785263061523,-83.8931198120117,-919.341918945312,85922.125,29945.283203125,7790.21484375,-0,-0,-0,-0,-0,-0,-0.02532958984375,0.00640869140625,-0.01983642578125,-0.00164031982421875,0.00087738037109375,-0.0473785400390625,0.037841796875,4.99984741210938
31.5309361189233,41.2740173339844,-88.689582824707,-922.199768066406,87057.9921875,29976.640625,7253.85546875,-0,-0,-0,-0,-0,-0,-0.01312255859375,0.0030517578125,-0.03265380859375,0.0238800048828125,-0.02960205078125,0.0083160400390625,0.0054931640625,4.99984741210938
31.5319325030133,41.3645172119141,-90.0470733642578,-934.345764160156,87301.3359375,29945.283203125,7751.9033203125,-0,-0,-0,-0,-0,-0,-0.0030517578125,-0.01007080078125,0.00152587890625,0.020294189453125,-0.0420761108398438,-0.0359725952148438,0.00244140625,4.99984741210938
31.5329288871033,41.7265129089355,-92.4905548095703,-922.199768066406,87686.6953125,30446.818359375,8269.1064453125,-0,-0,-0,-0,-0,-0,0.00091552734375,0.0048828125,-0.0262451171875,-0.0341796875,-0.00667572021484375,0.00675201416015625,-0.00396728515625,4.99984741210938
31.5339252711933,42.0885124206543,-92.8525543212891,-931.487854003906,88193.8125,30838.646484375,7694.439453125,-0,-0,-0,-0,-0,-0,-0.01556396484375,-0.009765625,-0.0213623046875,0.00732421875,-0.0109100341796875,0.0102615356445312,0.01129150390625,4.99984741210938
31.5349216552832,44.6224937438965,-93.6670455932617,-945.419982910156,89025.34375,31481.232421875,7253.85546875,-0,-0,-0,-0,-0,-0,0.00213623046875,0.01007080078125,-0.02532958984375,0.001373291015625,-0.0130462646484375,0.0008392333984375,0.01129150390625,4.99984741210938
31.5359180393732,40.097526550293,-96.1105270385742,-933.631286621094,89370.1953125,31152.103515625,8096.7099609375,-0,-0,-0,-0,-0,-0,-0.0164794921875,0.00091552734375,0.00518798828125,0.00034332275390625,0.0020599365234375,0.0458145141601562,0.001220703125,4.99984741210938
31.5369144234632,43.2650032043457,-96.8345260620117,-945.777221679688,89978.671875,30368.44921875,8211.646484375,-0,-0,-0,-0,-0,-0,0.010986328125,-0.0115966796875,0.02655029296875,0.025177001953125,0.00270843505859375,-0.0197982788085938,0.0201416015625,4.99984741210938
31.5379108075532,44.8939895629883,-99.2780075073242,-947.206176757812,90526.25,31214.794921875,7273.01416015625,-0,-0,-0,-0,-0,-0,-0.00152587890625,0.009765625,0.02655029296875,0.022430419921875,0.004119873046875,0.0339889526367188,0.00213623046875,4.99984741210938
31.5389071916432,40.097526550293,-99.5494995117188,-950.064025878906,91256.4140625,31167.765625,7905.15185546875,-0,-0,-0,-0,-0,-0,-0.001220703125,0.0048828125,-0.013427734375,0.00347137451171875,0.0149917602539062,0.0558853149414062,-0.00732421875,4.99984741210938
31.5399035757332,47.0659713745117,-103.89347076416,-958.280456542969,91580.9375,32139.48046875,7771.06201171875,-0,-0,-0,-0,-0,-0,-0.0030517578125,0.013427734375,0.0164794921875,-0.00579833984375,0.0139999389648438,-0.00698089599609375,0.003662109375,4.99984741210938
31.5408999598232,42.5410079956055,-102.35498046875,-952.921936035156,91134.7265625,30807.30078125,7330.478515625,-0,-0,-0,-0,-0,-0,0.0006103515625,0.0067138671875,0.0115966796875,0.01373291015625,0.0208663940429688,0.0117111206054688,0.028076171875,4.99984741210938
31.5418963439132,45.8894805908203,-108.237434387207,-955.77978515625,91722.9140625,31888.712890625,8537.29296875,-0,-0,-0,-0,-0,-0,0.0030517578125,-0.00579833984375,0.01495361328125,-0.00148773193359375,0.02044677734375,0.0279617309570312,-0.00732421875,4.99984741210938
31.5428927280032,44.8034896850586,-103.078971862793,-960.066589355469,92412.5703125,31575.26953125,7215.5458984375,-0,-0,-0,-0,-0,-0,0.00274658203125,0.00457763671875,0.01220703125,0.00400543212890625,0.0154876708984375,0.0239944458007812,0.01800537109375,4.99984741210938
31.5438891120932,43.0840034484863,-108.418434143066,-967.211303710938,92960.1484375,31481.232421875,7522.0380859375,-0,-0,-0,-0,-0,-0,0.00274658203125,0.00457763671875,0.006103515625,0.0072479248046875,0.00835418701171875,0.00232696533203125,0.01220703125,4.99984741210938
31.5448854961832,44.984489440918,-112.671897888184,-961.495544433594,93588.953125,31449.88671875,6506.78515625,-0,-0,-0,-0,-0,-0,0.00335693359375,0.00579833984375,-0.00396728515625,0.00377655029296875,0.00667572021484375,-0.01617431640625,0.0103759765625,4.99984741210938
31.5458818802732,45.4369850158691,-115.748878479004,-968.640197753906,93426.640625,31763.34375,8288.2685546875,-0,-0,-0,-0,-0,-0,-0.00823974609375,-0.00091552734375,0.01068115234375,-0.0146102905273438,0.00423431396484375,0.041046142578125,0.0177001953125,4.99984741210938
31.5468782643632,46.7944755554199,-114.481887817383,-971.140869140625,94866.703125,31653.62109375,7598.6611328125,-0,-0,-0,-0,-0,-0,-0.006103515625,0.00274658203125,-0.01983642578125,0.00904083251953125,-0.0057220458984375,0.0055694580078125,-0.0030517578125,4.99984741210938
31.5478746484532,44.8939895629883,-114.934387207031,-984.001281738281,95170.9921875,32202.189453125,7273.01416015625,-0,-0,-0,-0,-0,-0,0.00244140625,-0.0115966796875,-0.00946044921875,-0.0037384033203125,-0.0242996215820312,-0.0220108032226562,-0.0146484375,4.99984741210938
31.5488710325432,45.5274848937988,-115.929878234863,-968.997436523438,94785.625,32609.6640625,6679.18798828125,-0,-0,-0,-0,-0,-0,-0.001220703125,0.00244140625,-0.0030517578125,-0.017242431640625,-0.0180435180664062,-0.0274276733398438,-0.028076171875,4.99984741210938
31.5498674166332,45.5274848937988,-116.653869628906,-976.499389648438,95698.3359375,32311.892578125,6698.34375,-0,-0,-0,-0,-0,-0,-0.00823974609375,-0.0054931640625,-0.01251220703125,-0.0203704833984375,-0.0214767456054688,-0.0057220458984375,-0.010986328125,4.99984741210938
31.5508638007232,45.5274848937988,-118.463859558105,-985.430236816406,95840.3125,32108.134765625,6755.80859375,-0,-0,-0,-0,-0,-0,-0.006103515625,-0.00579833984375,-0.01190185546875,-0.00141143798828125,-0.014190673828125,-0.0246429443359375,-0.009765625,4.99984741210938
31.5518601848132,41.093017578125,-121.088333129883,-972.56982421875,95779.4609375,33377.65625,7196.3916015625,-0,-0,-0,-0,-0,-0,-0.00732421875,0.00213623046875,-0.02593994140625,-0.00537872314453125,-0.00423431396484375,-0.0269317626953125,0.01220703125,4.99984741210938
31.5528565689032,49.4189567565918,-125.613304138184,-970.783630371094,96611.046875,33879.1640625,6142.8291015625,-0,-0,-0,-0,-0,-0,-0.00946044921875,0.006103515625,-0.01800537109375,-0.00293731689453125,-0.01434326171875,0.00186920166015625,0.018310546875,4.99984741210938
31.5538529529932,47.1564712524414,-123.441314697266,-985.787475585938,97036.9453125,33361.9609375,6813.27783203125,-0,-0,-0,-0,-0,-0,0.0054931640625,0.00030517578125,-0.01708984375,0.00705718994140625,-0.00583648681640625,-0.0318145751953125,-0.0213623046875,4.99984741210938
31.5548493370832,44.0794944763184,-128.41877746582,-990.074279785156,97158.671875,33800.82421875,6832.4306640625,-0,-0,-0,-0,-0,-0,0.0079345703125,0.0030517578125,0.01007080078125,0.009307861328125,0.003662109375,0.04425048828125,0.0048828125,4.99984741210938
31.5558457211732,46.3419799804688,-125.522804260254,-1000.79132080078,98902.9140625,33314.94140625,6123.669921875,-0,-0,-0,-0,-0,-0,-0.008544921875,-0.01220703125,-0.0042724609375,0.00118255615234375,-0.006103515625,-0.0035858154296875,-0.020751953125,4.99984741210938
31.5568421052632,47.1564712524414,-123.531814575195,-1004.72088623047,98639.2421875,33487.3671875,6257.76171875,-0,-0,-0,-0,-0,-0,0.0030517578125,0.009765625,-0.0115966796875,0.0232696533203125,0.0146865844726562,0.00110626220703125,-0.003662109375,4.99984741210938
31.5578384893532,43.8079986572266,-130.952758789062,-988.2880859375,98477.0390625,33534.38671875,6832.4306640625,-0,-0,-0,-0,-0,-0,0.0067138671875,-0.0006103515625,0.00762939453125,0.00759124755859375,0.01983642578125,0.01220703125,0.013427734375,4.99984741210938
31.5588348734432,44.8034896850586,-131.948257446289,-1002.57745361328,99126.078125,33816.48828125,6296.0712890625,-0,-0,-0,-0,-0,-0,0.0189208984375,0.0067138671875,0.02288818359375,0.00263214111328125,0.0159454345703125,0.0390243530273438,0.02227783203125,4.99984741210938
31.5598312575331,44.8939895629883,-131.224258422852,-1007.93597412109,98821.7890625,34129.953125,6123.669921875,-0,-0,-0,-0,-0,-0,0.0115966796875,0.00518798828125,-0.00518798828125,0.0262832641601562,0.0174331665039062,-0.0244903564453125,0.032958984375,4.99984741210938
31.5608276416231,47.6089706420898,-132.129257202148,-1004.00640869141,100302.4609375,34082.92578125,5319.13134765625,-0,-0,-0,-0,-0,-0,0.00152587890625,0.009765625,0.00762939453125,0.000762939453125,0.0239944458007812,-0.0045013427734375,0.01251220703125,4.99984741210938
31.5618240257131,45.8894805908203,-135.11572265625,-1012.58001708984,101336.8125,33534.38671875,6449.31689453125,-0,-0,-0,-0,-0,-0,0.00823974609375,0.008544921875,0.00030517578125,-0.0122451782226562,0.0242996215820312,-0.005645751953125,0.05340576171875,4.99984741210938
31.5628204098031,44.8939895629883,-130.771759033203,-1016.15234375,100667.4921875,34176.97265625,6296.0712890625,-0,-0,-0,-0,-0,-0,0.00213623046875,-0.01068115234375,0.01220703125,0.0159454345703125,0.02166748046875,0.0151824951171875,-0.0213623046875,4.99984741210938
31.5638167938931,44.3509941101074,-139.731185913086,-1022.58258056641,101154.3203125,34553.12109375,5491.53271484375,-0,-0,-0,-0,-0,-0,0.0152587890625,0.00762939453125,0.01708984375,0.0125885009765625,0.0249099731445312,0.009918212890625,0.00091552734375,4.99984741210938
31.5648131779831,45.4369850158691,-137.378204345703,-1019.01025390625,102269.859375,34600.140625,5395.75732421875,-0,-0,-0,-0,-0,-0,-0.01495361328125,-0.00091552734375,-0.00457763671875,0.0078582763671875,0.00400543212890625,-0.0070953369140625,0.01007080078125,4.99984741210938
31.5658095620731,46.3419799804688,-140.364685058594,-1010.43658447266,101499.125,34866.578125,5893.80517578125,-0,-0,-0,-0,-0,-0,-0.0018310546875,-0.0030517578125,0.00274658203125,0.015106201171875,0.00476837158203125,-0.009307861328125,0.0079345703125,4.99984741210938
31.5668059461631,45.8894805908203,-141.36018371582,-1022.58258056641,101661.3359375,35744.23046875,4763.61962890625,-0,-0,-0,-0,-0,-0,0.0103759765625,-0.009765625,-0.0048828125,0.001678466796875,-0.00560760498046875,-0.0006103515625,-0.01434326171875,4.99984741210938
31.5678023302531,48.5139617919922,-144.075164794922,-1010.07940673828,102817.484375,34741.16796875,5012.6435546875,-0,-0,-0,-0,-0,-0,0.00701904296875,0.001220703125,-0.01678466796875,0.0128936767578125,-0.00446319580078125,-0.0426483154296875,-0.01800537109375,4.99984741210938
31.5687987143431,41.9980125427246,-142.265167236328,-1019.01025390625,103000.03125,34929.26953125,5989.58056640625,-0,-0,-0,-0,-0,-0,-0.0091552734375,-0.00244140625,-0.02227783203125,-0.0182342529296875,-0.0240325927734375,-0.018768310546875,-0.03204345703125,4.99984741210938
31.5697950984331,46.5229759216309,-144.708648681641,-1008.65045166016,102716.0234375,35587.5,4591.216796875,-0,-0,-0,-0,-0,-0,0.00213623046875,-0.00152587890625,-0.02410888671875,-0.0046539306640625,-0.0008392333984375,-0.00732421875,-0.0360107421875,4.99984741210938
31.5707914825231,43.8984985351562,-143.713165283203,-1008.65045166016,102959.46875,36386.81640625,4591.216796875,-0,-0,-0,-0,-0,-0,-0.01068115234375,0.00701904296875,-0.0250244140625,-0.0168609619140625,0.001220703125,-0.0272369384765625,0.01251220703125,4.99984741210938
31.5717878666131,41.8170127868652,-142.627166748047,-1015.43786621094,103405.6796875,35211.35546875,4342.193359375,-0,-0,-0,-0,-0,-0,0.00213623046875,0.00946044921875,-0.02288818359375,-0.00278472900390625,-0.0093841552734375,0.00499725341796875,0.0164794921875,4.99984741210938
31.5727842507031,45.7989845275879,-152.220092773438,-1026.15490722656,103628.7421875,35399.453125,5491.53271484375,-0,-0,-0,-0,-0,-0,-0.0030517578125,-0.0067138671875,-0.02410888671875,-0.009307861328125,-0.00457763671875,-0.0063323974609375,-0.0335693359375,4.99984741210938
31.5737806347931,46.9754753112793,-150.138610839844,-1014.72344970703,103872.1796875,35399.453125,4533.74853515625,-0,-0,-0,-0,-0,-0,-0.01007080078125,-0.0054931640625,-0.0189208984375,-0.00507354736328125,0.0005340576171875,0.008087158203125,-0.0408935546875,4.99984741210938
31.5747770188831,45.255989074707,-155.478073120117,-1022.93981933594,104196.6953125,35712.88671875,4648.685546875,-0,-0,-0,-0,-0,-0,-0.00244140625,-0.009765625,0.0006103515625,-0.00011444091796875,0.0091552734375,-0.0227737426757812,-0.01556396484375,4.99984741210938
31.5757734029731,45.7989845275879,-155.568572998047,-1014.3662109375,104277.828125,35603.17578125,5146.7333984375,-0,-0,-0,-0,-0,-0,0.0018310546875,0.0201416015625,0.0030517578125,-0.0313949584960938,-0.00213623046875,-0.0026702880859375,0.0347900390625,4.99984741210938
31.5767697870631,48.8759574890137,-156.383071899414,-1015.08062744141,103953.2890625,35493.46484375,4361.34716796875,-0,-0,-0,-0,-0,-0,-0.01312255859375,0.02105712890625,0.00244140625,0.0018310546875,0.0074005126953125,-0.015106201171875,-0.00732421875,4.99984741210938
31.5777661711531,45.5274848937988,-157.197555541992,-1022.22534179688,103689.6171875,36261.4609375,4476.2841796875,-0,-0,-0,-0,-0,-0,0.003662109375,0.00579833984375,0.01861572265625,0.0070953369140625,0.00385284423828125,0.0283432006835938,-0.02532958984375,4.99984741210938
31.5787625552431,45.1654891967773,-154.935073852539,-1021.86810302734,105190.5390625,35054.625,4878.55029296875,-0,-0,-0,-0,-0,-0,0.02044677734375,0.015869140625,0.02838134765625,0.0040435791015625,0.0196075439453125,0.0144577026367188,-0.01434326171875,4.99984741210938
31.5797589393331,44.6224937438965,-162.537017822266,-1012.58001708984,106326.3359375,35948,4227.26025390625,-0,-0,-0,-0,-0,-0,0.003662109375,0.0115966796875,0.00946044921875,0.00034332275390625,0.028228759765625,-0.00457763671875,0.02197265625,4.99984741210938
31.5807553234231,45.6179847717285,-163.442016601562,-1022.93981933594,104460.3671875,35979.32421875,4035.70068359375,-0,-0,-0,-0,-0,-0,0.00244140625,0.0128173828125,-0.0006103515625,0.032501220703125,0.0148391723632812,0.0203323364257812,-0.00518798828125,4.99984741210938
31.5817517075131,44.0794944763184,-161.903518676758,-1025.79772949219,104216.9609375,36825.65625,3441.87573242188,-0,-0,-0,-0,-0,-0,0.01251220703125,0.013427734375,0.0164794921875,0.00049591064453125,-0.014495849609375,0.04669189453125,-0.03021240234375,4.99984741210938
31.5827480916031,45.7989845275879,-164.52799987793,-1013.29449462891,104805.171875,36637.609375,4035.70068359375,-0,-0,-0,-0,-0,-0,0.01861572265625,-0.001220703125,0.01068115234375,0.0016021728515625,0.0184249877929688,0.0197601318359375,0.02410888671875,4.99984741210938
31.5837444756931,47.3374710083008,-166.518981933594,-1025.08325195312,105798.9921875,36747.3125,3767.52221679688,-0,-0,-0,-0,-0,-0,0.01190185546875,0.00579833984375,0.00396728515625,-0.00576019287109375,-0.0063323974609375,-0.0147247314453125,-0.006103515625,4.99984741210938
31.584740859783,44.2604942321777,-165.161499023438,-1024.01147460938,105555.5703125,36433.8359375,3499.34301757812,-0,-0,-0,-0,-0,-0,0.00030517578125,0.0079345703125,0.00885009765625,-0.0030517578125,0.0052642822265625,-0.0087738037109375,-0.015869140625,4.99984741210938
31.585737243873,47.3374710083008,-170.319961547852,-1023.29705810547,105352.75,36010.66796875,3154.5390625,-0,-0,-0,-0,-0,-0,0.009765625,-0.00335693359375,-0.02655029296875,0.00064849853515625,-0.00652313232421875,-0.0176239013671875,-0.008544921875,4.99984741210938
31.586733627963,46.2514801025391,-169.324462890625,-1021.51086425781,106204.609375,36496.52734375,2158.443359375,-0,-0,-0,-0,-0,-0,0.0054931640625,-0.00244140625,-0.01861572265625,0.01434326171875,-0.00640869140625,-0.0194549560546875,-0.01678466796875,4.99984741210938
31.587730012053,45.1654891967773,-172.220443725586,-1018.65301513672,105231.0546875,36653.25390625,2100.9775390625,-0,-0,-0,-0,-0,-0,-0.0189208984375,-0.0030517578125,0.00213623046875,0.002899169921875,-0.00308990478515625,0.01251220703125,-0.00335693359375,4.99984741210938
31.588726396143,43.4460029602051,-173.125442504883,-1025.08325195312,106306.078125,36762.96484375,2982.13940429688,-0,-0,-0,-0,-0,-0,-0.00213623046875,0.0006103515625,-0.00579833984375,-0.0023651123046875,-0.0240707397460938,-0.0307846069335938,-0.01007080078125,4.99984741210938
31.589722780233,44.5319938659668,-174.573425292969,-1015.43786621094,106265.4609375,35900.9609375,2062.66650390625,-0,-0,-0,-0,-0,-0,0.00518798828125,-0.00518798828125,-0.01922607421875,0.0083160400390625,-0.00598907470703125,-0.027923583984375,0.0018310546875,4.99984741210938
31.590719164323,48.4234619140625,-179.007888793945,-1014.3662109375,106164.09375,37013.75390625,2560.71435546875,-0,-0,-0,-0,-0,-0,-0.00518798828125,-0.00091552734375,-0.01495361328125,-0.0330352783203125,0.00347137451171875,-0.0114822387695312,-0.01312255859375,4.99984741210938
31.591715548413,50.2334480285645,-180.365386962891,-1000.79132080078,105880.09375,37217.50390625,2522.40283203125,-0,-0,-0,-0,-0,-0,0.008544921875,-0.0079345703125,-0.01129150390625,0.0177764892578125,-0.0089263916015625,-0.0426101684570312,0.0042724609375,4.99984741210938
31.592711932503,48.6044616699219,-180.365386962891,-1012.93725585938,105555.5703125,36621.91015625,2215.91040039062,-0,-0,-0,-0,-0,-0,-0.0091552734375,-0.00274658203125,0.02685546875,0.0136184692382812,-0.0304412841796875,-0.0129318237304688,0.02716064453125,4.99984741210938
31.593708316593,49.5094528198242,-183.804351806641,-1019.72467041016,105616.421875,36183.0703125,2139.28759765625,-0,-0,-0,-0,-0,-0,-0.01190185546875,0.0006103515625,-0.0213623046875,-0.0160980224609375,-0.0285720825195312,-0.00274658203125,0.01556396484375,4.99984741210938
31.594704700683,49.4189567565918,-182.537368774414,-1019.36749267578,106224.9453125,36825.65625,2426.623046875,-0,-0,-0,-0,-0,-0,-0.00732421875,-0.00885009765625,-0.00762939453125,0.0193405151367188,0.0048828125,0.0137710571289062,-0.02105712890625,4.99984741210938
31.595701084773,48.8759574890137,-186.790832519531,-1007.57873535156,106610.265625,36590.578125,1373.06030273438,-0,-0,-0,-0,-0,-0,-0.00335693359375,0.0103759765625,0.00732421875,0.00392913818359375,-0.0294113159179688,-0.0045013427734375,0.00457763671875,4.99984741210938
31.596697468863,45.4369850158691,-189.867813110352,-999.719604492188,106326.3359375,36480.875,1085.72583007812,-0,-0,-0,-0,-0,-0,0.00701904296875,0.003662109375,0.01556396484375,0.00362396240234375,-0.0126266479492188,0.0198745727539062,0.02777099609375,4.99984741210938
31.597693852953,51.6814384460449,-188.329315185547,-1001.14849853516,105210.7734375,36527.8984375,1315.59399414062,-0,-0,-0,-0,-0,-0,0.01373291015625,0.00732421875,0.0189208984375,0.005950927734375,0.0063323974609375,0.00438690185546875,-0.02593994140625,4.99984741210938
31.598690237043,46.1609802246094,-189.415313720703,-991.860412597656,105738.1171875,36668.9296875,1124.03637695312,-0,-0,-0,-0,-0,-0,0.001220703125,0.00396728515625,0.028076171875,0.00026702880859375,0.00858306884765625,0.0182723999023438,-0.02685546875,4.99984741210938
31.599686621133,50.5954475402832,-191.315795898438,-997.218933105469,104906.578125,36167.3984375,1085.72583007812,-0,-0,-0,-0,-0,-0,0.0091552734375,0.01861572265625,0.0091552734375,0.0249481201171875,0.0124359130859375,-0.00835418701171875,-0.003662109375,4.99984741210938
31.600683005223,49.5999526977539,-193.84977722168,-1000.79132080078,104906.578125,36590.578125,1085.72583007812,-0,-0,-0,-0,-0,-0,-0.003662109375,0.020751953125,-0.00762939453125,0.0154495239257812,0.0146484375,0.0341033935546875,0.02899169921875,4.99984741210938
31.601679389313,51.9529342651367,-195.478759765625,-997.576171875,104358.90625,35634.5234375,1468.83898925781,-0,-0,-0,-0,-0,-0,-0.00274658203125,0.008544921875,0.0213623046875,-0.0002288818359375,-0.00957489013671875,0.00186920166015625,-0.01678466796875,4.99984741210938
31.602675773403,51.9529342651367,-199.098739624023,-975.427673339844,103486.8125,37154.78515625,319.497833251953,-0,-0,-0,-0,-0,-0,0.0146484375,-0.0006103515625,-0.0006103515625,-0.0060272216796875,0.0157928466796875,0.0095367431640625,-0.0128173828125,4.99984741210938
31.603672157493,50.7764434814453,-195.931259155273,-969.7119140625,104683.4296875,35885.3125,1526.30651855469,-0,-0,-0,-0,-0,-0,0.00518798828125,0.0079345703125,0.00152587890625,0.00133514404296875,0.009002685546875,0.0008392333984375,0.01434326171875,4.99984741210938
31.604668541583,48.3329620361328,-198.012741088867,-983.286804199219,104440.0390625,37060.7734375,913.323852539062,-0,-0,-0,-0,-0,-0,-0.001220703125,0.0091552734375,-0.006103515625,-0.0341415405273438,0.00240325927734375,0.00553131103515625,0.0177001953125,4.99984741210938
31.605664925673,50.0524520874023,-201.632720947266,-982.929565429688,104115.5625,35681.55859375,185.407958984375,-0,-0,-0,-0,-0,-0,0.01495361328125,0.00732421875,0,0.0130844116210938,0.00461578369140625,-0.00766754150390625,0.015869140625,4.99984741210938
31.606661309763,48.4234619140625,-201.089721679688,-958.280456542969,102655.1796875,36465.20703125,-101.927467346191,-0,-0,-0,-0,-0,-0,0.0042724609375,-0.00213623046875,-0.00946044921875,0.00370025634765625,0.00301361083984375,0.0038909912109375,-0.00640869140625,4.99984741210938
31.607657693853,49.3284568786621,-207.424667358398,-976.499389648438,102432.125,36512.19921875,779.234497070312,-0,-0,-0,-0,-0,-0,-0.001220703125,-0.0067138671875,-0.01556396484375,-0.006103515625,-0.0067901611328125,0.0069427490234375,0.02410888671875,4.99984741210938
31.608654077943,49.3284568786621,-207.877166748047,-972.212585449219,102959.46875,35258.3828125,-370.107208251953,-0,-0,-0,-0,-0,-0,-0.01220703125,-0.0067138671875,-0.00946044921875,-0.0252532958984375,-0.0196456909179688,-0.04150390625,-0.029296875,4.99984741210938
31.6096504620329,48.2424659729004,-208.239166259766,-976.499389648438,102858,35462.14453125,-255.173049926758,-0,-0,-0,-0,-0,-0,-0.003662109375,-0.001220703125,-0.0152587890625,0.00591278076171875,-0.03265380859375,-0.00934600830078125,0.015869140625,4.99984741210938
31.6106468461229,49.871452331543,-208.872665405273,-961.138305664062,102168.4453125,35524.8203125,70.4737930297852,-0,-0,-0,-0,-0,-0,0.001220703125,-0.0042724609375,-0.0244140625,0.00705718994140625,-0.01312255859375,-0.0002288818359375,0.0299072265625,4.99984741210938
31.6116432302129,47.4279708862305,-212.945129394531,-968.283020019531,102046.7109375,34835.20703125,-101.927467346191,-0,-0,-0,-0,-0,-0,-0.009765625,-0.00030517578125,-0.0225830078125,-0.0108718872070312,0.00732421875,-0.025177001953125,-0.03662109375,4.99984741210938
31.6126396143029,49.4189567565918,-211.406646728516,-968.283020019531,100687.7734375,35775.6015625,-1155.49011230469,-0,-0,-0,-0,-0,-0,0.0030517578125,-0.0030517578125,-0.00518798828125,0.0078582763671875,-0.0141143798828125,-0.0241470336914062,-0.02593994140625,4.99984741210938
31.6136359983929,43.7174987792969,-212.945129394531,-947.563415527344,100282.125,35509.1640625,-1040.55590820312,-0,-0,-0,-0,-0,-0,0.008544921875,-0.0048828125,-0.00732421875,-0.013427734375,-0.02593994140625,-0.00896453857421875,0.0250244140625,4.99984741210938
31.6146323824829,43.174503326416,-217.922592163086,-953.279174804688,100566.1328125,35180.0078125,-485.041320800781,-0,-0,-0,-0,-0,-0,-0.00335693359375,-0.0030517578125,-0.0018310546875,0.01495361328125,0.00507354736328125,-0.0149917602539062,0.0390625,4.99984741210938
31.6156287665729,46.9754753112793,-216.203109741211,-944.348327636719,100505.28125,35305.41796875,-1557.76025390625,-0,-0,-0,-0,-0,-0,-0.0091552734375,0.0006103515625,0.02655029296875,-0.00240325927734375,-0.0123214721679688,-0.00274658203125,0.01922607421875,4.99984741210938
31.6166251506629,44.8034896850586,-219.189575195312,-932.5595703125,100018.453125,34662.83203125,-1251.26904296875,-0,-0,-0,-0,-0,-0,-0.001220703125,0.01190185546875,-0.00640869140625,0.00713348388671875,0.0032806396484375,0.00019073486328125,0.003662109375,4.99984741210938
31.6176215347529,42.2695083618164,-219.551574707031,-927.91552734375,99430.265625,34772.5390625,-1615.22680664062,-0,-0,-0,-0,-0,-0,0.0048828125,0.008544921875,0.01800537109375,0.0261688232421875,0.0132369995117188,-0.00904083251953125,-0.00518798828125,4.99984741210938
31.6186179188429,44.3509941101074,-222.628555297852,-928.987243652344,99207.1953125,34365.01953125,-2055.80737304688,-0,-0,-0,-0,-0,-0,-0.00946044921875,-0.00244140625,0.01190185546875,0.0121307373046875,0.0060272216796875,-0.0206756591796875,0.0213623046875,4.99984741210938
31.6196143029329,44.8939895629883,-222.99055480957,-927.91552734375,98213.3671875,34866.578125,-2074.96459960938,-0,-0,-0,-0,-0,-0,0.00244140625,0.00579833984375,0.01373291015625,0.0207138061523438,0.00614166259765625,0.011138916015625,0.02166748046875,4.99984741210938
31.6206106870229,43.174503326416,-223.262054443359,-915.769592285156,98010.5390625,34067.26171875,-2822.03637695312,-0,-0,-0,-0,-0,-0,0.0042724609375,0.01220703125,0.001220703125,0.0260543823242188,0.00293731689453125,0.019683837890625,0.02593994140625,4.99984741210938
31.6216070711129,39.6450309753418,-224.348037719727,-904.6953125,96347.375,35133.015625,-3051.90454101562,-0,-0,-0,-0,-0,-0,0.00885009765625,-0.00274658203125,0.00762939453125,0.00957489013671875,0.0115585327148438,0.0244522094726562,-0.00579833984375,4.99984741210938
31.6226034552029,45.7989845275879,-226.701019287109,-889.691467285156,95617.15625,34568.765625,-2745.41333007812,-0,-0,-0,-0,-0,-0,0.01434326171875,0.0030517578125,0.0030517578125,-0.0133514404296875,0.0248336791992188,0.018157958984375,-0.0177001953125,4.99984741210938
31.6235998392929,42.9935035705566,-228.420501708984,-892.906616210938,95434.6640625,33738.109375,-2266.51977539062,-0,-0,-0,-0,-0,-0,0.009765625,0.0067138671875,0.02105712890625,-0.006103515625,0.0163650512695312,0.0258636474609375,0.006103515625,4.99984741210938
31.6245962233829,40.6405220031738,-230.954483032227,-891.834899902344,95252.1171875,34051.56640625,-2592.16796875,-0,-0,-0,-0,-0,-0,-0.00030517578125,0.01007080078125,0.00091552734375,-0.01922607421875,0.0017547607421875,0.001220703125,-0.0189208984375,4.99984741210938
31.6255926074729,43.174503326416,-230.682998657227,-879.68896484375,94684.15625,32907.46875,-3454.173828125,-0,-0,-0,-0,-0,-0,0.001220703125,-0.001220703125,-0.00091552734375,0.01800537109375,0.004425048828125,-0.0209808349609375,0.00213623046875,4.99984741210938
31.6265889915629,37.4730491638184,-228.511001586914,-883.975769042969,93528.109375,32468.630859375,-2783.72485351562,-0,-0,-0,-0,-0,-0,0.02197265625,-0.00579833984375,-0.0054931640625,0.0206756591796875,0.001678466796875,0.006866455078125,0.03082275390625,4.99984741210938
31.6275853756529,41.9075126647949,-235.841445922852,-857.897644042969,92148.8984375,32076.7890625,-2898.65747070312,-0,-0,-0,-0,-0,-0,0.00213623046875,0.00152587890625,-0.00823974609375,-0.01220703125,-0.00362396240234375,-0.0266647338867188,0.02655029296875,4.99984741210938
31.6285817597429,40.369026184082,-232.673980712891,-858.969360351562,91986.5859375,32390.2578125,-3703.19775390625,-0,-0,-0,-0,-0,-0,-0.01922607421875,-0.0079345703125,-0.0225830078125,-0.00904083251953125,-0.0170516967773438,-0.0304412841796875,-0.02349853515625,4.99984741210938
31.6295781438329,37.9255447387695,-233.578964233398,-845.394470214844,91378.109375,31622.275390625,-3435.01806640625,-0,-0,-0,-0,-0,-0,0.003662109375,-0.010986328125,-0.01190185546875,-0.0179290771484375,-0.0111770629882812,0.0084686279296875,0.00274658203125,4.99984741210938
31.6305745279229,34.4865684509277,-232.221481323242,-855.397033691406,89816.359375,31904.400390625,-3454.173828125,-0,-0,-0,-0,-0,-0,0.003662109375,-0.0048828125,-0.01129150390625,-0.002593994140625,-0.021514892578125,0.0194168090820312,-0.00244140625,4.99984741210938
31.6315709120129,39.7355308532715,-233.307464599609,-830.033386230469,89938.0546875,31967.08203125,-4335.3369140625,-0,-0,-0,-0,-0,-0,-0.0042724609375,-0.00396728515625,0.00152587890625,-0.0075531005859375,-0.0119781494140625,-0.004119873046875,0.0244140625,4.99984741210938
31.6325672961029,39.6450309753418,-234.936462402344,-815.744018554688,87747.5625,31841.70703125,-4814.22607421875,-0,-0,-0,-0,-0,-0,0.008544921875,-0.00335693359375,-0.0274658203125,0.0103378295898438,0.00423431396484375,-0.0570297241210938,0.01556396484375,4.99984741210938
31.6335636801929,37.9255447387695,-232.311981201172,-814.67236328125,87078.2734375,30556.5234375,-3549.9521484375,-0,-0,-0,-0,-0,-0,0.0103759765625,0.00335693359375,-0.01434326171875,-0.0219345092773438,-0.0163650512695312,-0.0187301635742188,-0.02288818359375,4.99984741210938
31.6345600642828,33.5815773010254,-234.031463623047,-825.74658203125,87057.9921875,30431.15234375,-4584.36083984375,-0,-0,-0,-0,-0,-0,0.010986328125,0.0042724609375,-0.00396728515625,-0.0150299072265625,-0.010833740234375,0.0077056884765625,0.00518798828125,4.99984741210938
31.6355564483728,33.9435729980469,-232.94548034668,-800.382995605469,85313.6484375,30869.9921875,-4297.025390625,-0,-0,-0,-0,-0,-0,-0.0006103515625,-0.00244140625,-0.00885009765625,-0.0167083740234375,0.0111007690429688,-0.00141143798828125,-0.02288818359375,4.99984741210938
31.6365528324628,31.9525890350342,-233.759963989258,-795.024475097656,85212.28125,29537.80078125,-4546.04931640625,-0,-0,-0,-0,-0,-0,0.003662109375,0.00701904296875,-0.020751953125,0.0257110595703125,-0.006866455078125,-0.009765625,-0.006103515625,4.99984741210938
31.6375492165528,29.5091094970703,-230.592498779297,-777.519958496094,84137.265625,29412.40625,-3971.37744140625,-0,-0,-0,-0,-0,-0,0.01129150390625,0.009765625,-0.00885009765625,-0.0119781494140625,0.0019073486328125,-0.026397705078125,0.010986328125,4.99984741210938
31.6385456006428,29.5996074676514,-233.850463867188,-751.799133300781,83143.421875,28472.046875,-3454.173828125,-0,-0,-0,-0,-0,-0,-0.0042724609375,0.00274658203125,0.020751953125,0.016326904296875,0.00995635986328125,0.00652313232421875,-0.0103759765625,4.99984741210938
31.6395419847328,29.1471118927002,-236.38444519043,-745.011657714844,81926.5234375,28613.091796875,-4775.91455078125,-0,-0,-0,-0,-0,-0,0.0115966796875,-0.0103759765625,0.01953125,0.00057220458984375,-0.00457763671875,0.024871826171875,0.0054931640625,4.99984741210938
31.6405383688228,29.6901073455811,-232.221481323242,-737.152526855469,80567.546875,28330.994140625,-4162.93359375,-0,-0,-0,-0,-0,-0,0.01007080078125,-0.0030517578125,0.02899169921875,-0.0147247314453125,0.0152206420898438,0.0269317626953125,-0.01556396484375,4.99984741210938
31.6415347529128,26.4321327209473,-228.058517456055,-742.15380859375,79898.2734375,27813.77734375,-4469.4267578125,-0,-0,-0,-0,-0,-0,-0.0018310546875,-0.0030517578125,0.020751953125,0.0178146362304688,0.00476837158203125,0.00518798828125,0.01861572265625,4.99984741210938
31.6425311370028,28.5136165618896,-225.615036010742,-736.795288085938,77302.0625,27218.220703125,-3990.53295898438,-0,-0,-0,-0,-0,-0,-0.01251220703125,-0.00244140625,0.008544921875,0.00339508056640625,0.00629425048828125,-0.0022125244140625,-0.0030517578125,4.99984741210938
31.6435275210928,-0,-0,-0,-0,-0,-0,-0,-0,-0,-0,-0,-0,0,0,0,0,0,0,0,0
31.6445239051828,-0,-0,-0,-0,-0,-0,-0,-0,-0,-0,-0,-0,0,0,0,0,0,0,0,0
31.6455202892728,-0,-0,-0,-0,-0,-0,-0,-0,-0,-0,-0,-0,0,0,0,0,0,0,0,0
31.6465166733628,-0,-0,-0,-0,-0,-0,-0,-0,-0,-0,-0,-0,0,0,0,0,0,0,0,0
31.6475130574528,-0,-0,-0,-0,-0,-0,-0,-0,-0,-0,-0,-0,0,0,0,0,0,0,0,0
31.6485094415428,-0,-0,-0,-0,-0,-0,-0,-0,-0,-0,-0,-0,0,0,0,0,0,0,0,0
31.6495058256328,-0,-0,-0,-0,-0,-0,-0,-0,-0,-0,-0,-0,0,0,0,0,0,0,0,0
31.6505022097228,-0,-0,-0,-0,-0,-0,-0,-0,-0,-0,-0,-0,0,0,0,0,0,0,0,0
31.6514985938128,-0,-0,-0,-0,-0,-0,-0,-0,-0,-0,-0,-0,0,0,0,0,0,0,0,0
31.6524949779028,-0,-0,-0,-0,-0,-0,-0,-0,-0,-0,-0,-0,0,0,0,0,0,0,0,0
31.6534913619928,-0,-0,-0,-0,-0,-0,-0,-0,-0,-0,-0,-0,0,0,0,0,0,0,0,0
31.6544877460828,-0,-0,-0,-0,-0,-0,-0,-0,-0,-0,-0,-0,0,0,0,0,0,0,0,0
31.6554841301728,-0,-0,-0,-0,-0,-0,-0,-0,-0,-0,-0,-0,0,0,0,0,0,0,0,0
31.6564805142628,-0,-0,-0,-0,-0,-0,-0,-0,-0,-0,-0,-0,0,0,0,0,0,0,0,0
31.6574768983528,-0,-0,-0,-0,-0,-0,-0,-0,-0,-0,-0,-0,0,0,0,0,0,0,0,0
31.6584732824427,-0,-0,-0,-0,-0,-0,-0,-0,-0,-0,-0,-0,0,0,0,0,0,0,0,0
31.6594696665327,-0,-0,-0,-0,-0,-0,-0,-0,-0,-0,-0,-0,0,0,0,0,0,0,0,0
31.6604660506227,-0,-0,-0,-0,-0,-0,-0,-0,-0,-0,-0,-0,0,0,0,0,0,0,0,0
31.6614624347127,-0,-0,-0,-0,-0,-0,-0,-0,-0,-0,-0,-0,0,0,0,0,0,0,0,0
31.6624588188027,-0,-0,-0,-0,-0,-0,-0,-0,-0,-0,-0,-0,0,0,0,0,0,0,0,0
31.6634552028927,-0,-0,-0,-0,-0,-0,-0,-0,-0,-0,-0,-0,0,0,0,0,0,0,0,0
31.6644515869827,-0,-0,-0,-0,-0,-0,-0,-0,-0,-0,-0,-0,0,0,0,0,0,0,0,0
31.6654479710727,-0,-0,-0,-0,-0,-0,-0,-0,-0,-0,-0,-0,0,0,0,0,0,0,0,0
31.6664443551627,-0,-0,-0,-0,-0,-0,-0,-0,-0,-0,-0,-0,0,0,0,0,0,0,0,0
31.6674407392527,-0,-0,-0,-0,-0,-0,-0,-0,-0,-0,-0,-0,0,0,0,0,0,0,0,0
31.6684371233427,-0,-0,-0,-0,-0,-0,-0,-0,-0,-0,-0,-0,0,0,0,0,0,0,0,0
31.6694335074327,-0,-0,-0,-0,-0,-0,-0,-0,-0,-0,-0,-0,0,0,0,0,0,0,0,0
31.6704298915227,-0,-0,-0,-0,-0,-0,-0,-0,-0,-0,-0,-0,0,0,0,0,0,0,0,0
31.6714262756127,-0,-0,-0,-0,-0,-0,-0,-0,-0,-0,-0,-0,0,0,0,0,0,0,0,0
31.6724226597027,-0,-0,-0,-0,-0,-0,-0,-0,-0,-0,-0,-0,0,0,0,0,0,0,0,0
31.6734190437927,-0,-0,-0,-0,-0,-0,-0,-0,-0,-0,-0,-0,0,0,0,0,0,0,0,0
31.6744154278827,-0,-0,-0,-0,-0,-0,-0,-0,-0,-0,-0,-0,0,0,0,0,0,0,0,0
31.6754118119727,-0,-0,-0,-0,-0,-0,-0,-0,-0,-0,-0,-0,0,0,0,0,0,0,0,0
31.6764081960627,-0,-0,-0,-0,-0,-0,-0,-0,-0,-0,-0,-0,0,0,0,0,0,0,0,0
31.6774045801527,-0,-0,-0,-0,-0,-0,-0,-0,-0,-0,-0,-0,0,0,0,0,0,0,0,0
31.6784009642427,-0,-0,-0,-0,-0,-0,-0,-0,-0,-0,-0,-0,0,0,0,0,0,0,0,0
31.6793973483327,-0,-0,-0,-0,-0,-0,-0,-0,-0,-0,-0,-0,0,0,0,0,0,0,0,0
31.6803937324227,-0,-0,-0,-0,-0,-0,-0,-0,-0,-0,-0,-0,0,0,0,0,0,0,0,0
31.6813901165127,-0,-0,-0,-0,-0,-0,-0,-0,-0,-0,-0,-0,0,0,0,0,0,0,0,0
31.6823865006027,-0,-0,-0,-0,-0,-0,-0,-0,-0,-0,-0,-0,0,0,0,0,0,0,0,0
31.6833828846927,-0,-0,-0,-0,-0,-0,-0,-0,-0,-0,-0,-0,0,0,0,0,0,0,0,0
31.6843792687826,-0,-0,-0,-0,-0,-0,-0,-0,-0,-0,-0,-0,0,0,0,0,0,0,0,0
31.6853756528726,-0,-0,-0,-0,-0,-0,-0,-0,-0,-0,-0,-0,0,0,0,0,0,0,0,0
31.6863720369626,-0,-0,-0,-0,-0,-0,-0,-0,-0,-0,-0,-0,0,0,0,0,0,0,0,0
31.6873684210526,-0,-0,-0,-0,-0,-0,-0,-0,-0,-0,-0,-0,0,0,0,0,0,0,0,0
31.6883648051426,-0,-0,-0,-0,-0,-0,-0,-0,-0,-0,-0,-0,0,0,0,0,0,0,0,0
31.6893611892326,-0,-0,-0,-0,-0,-0,-0,-0,-0,-0,-0,-0,0,0,0,0,0,0,0,0
31.6903575733226,-0,-0,-0,-0,-0,-0,-0,-0,-0,-0,-0,-0,0,0,0,0,0,0,0,0
31.6913539574126,-0,-0,-0,-0,-0,-0,-0,-0,-0,-0,-0,-0,0,0,0,0,0,0,0,0
31.6923503415026,-0,-0,-0,-0,-0,-0,-0,-0,-0,-0,-0,-0,0,0,0,0,0,0,0,0
31.6933467255926,-0,-0,-0,-0,-0,-0,-0,-0,-0,-0,-0,-0,0,0,0,0,0,0,0,0
31.6943431096826,-0,-0,-0,-0,-0,-0,-0,-0,-0,-0,-0,-0,0,0,0,0,0,0,0,0
31.6953394937726,-0,-0,-0,-0,-0,-0,-0,-0,-0,-0,-0,-0,0,0,0,0,0,0,0,0
31.6963358778626,-0,-0,-0,-0,-0,-0,-0,-0,-0,-0,-0,-0,0,0,0,0,0,0,0,0
31.6973322619526,-0,-0,-0,-0,-0,-0,-0,-0,-0,-0,-0,-0,0,0,0,0,0,0,0,0
31.6983286460426,-0,-0,-0,-0,-0,-0,-0,-0,-0,-0,-0,-0,0,0,0,0,0,0,0,0
31.6993250301326,-0,-0,-0,-0,-0,-0,-0,-0,-0,-0,-0,-0,0,0,0,0,0,0,0,0
31.7003214142226,-0,-0,-0,-0,-0,-0,-0,-0,-0,-0,-0,-0,0,0,0,0,0,0,0,0
31.7013177983126,-0,-0,-0,-0,-0,-0,-0,-0,-0,-0,-0,-0,0,0,0,0,0,0,0,0
31.7023141824026,-0,-0,-0,-0,-0,-0,-0,-0,-0,-0,-0,-0,0,0,0,0,0,0,0,0
31.7033105664926,-0,-0,-0,-0,-0,-0,-0,-0,-0,-0,-0,-0,0,0,0,0,0,0,0,0
31.7043069505826,-0,-0,-0,-0,-0,-0,-0,-0,-0,-0,-0,-0,0,0,0,0,0,0,0,0
31.7053033346726,-0,-0,-0,-0,-0,-0,-0,-0,-0,-0,-0,-0,0,0,0,0,0,0,0,0
31.7062997187626,-0,-0,-0,-0,-0,-0,-0,-0,-0,-0,-0,-0,0,0,0,0,0,0,0,0
31.7072961028526,-0,-0,-0,-0,-0,-0,-0,-0,-0,-0,-0,-0,0,0,0,0,0,0,0,0
31.7082924869426,-0,-0,-0,-0,-0,-0,-0,-0,-0,-0,-0,-0,0,0,0,0,0,0,0,0
31.7092888710325,-0,-0,-0,-0,-0,-0,-0,-0,-0,-0,-0,-0,0,0,0,0,0,0,0,0
31.7102852551225,-0,-0,-0,-0,-0,-0,-0,-0,-0,-0,-0,-0,0,0,0,0,0,0,0,0
31.7112816392125,-0,-0,-0,-0,-0,-0,-0,-0,-0,-0,-0,-0,0,0,0,0,0,0,0,0
31.7122780233025,-0,-0,-0,-0,-0,-0,-0,-0,-0,-0,-0,-0,0,0,0,0,0,0,0,0
31.7132744073925,-0,-0,-0,-0,-0,-0,-0,-0,-0,-0,-0,-0,0,0,0,0,0,0,0,0
31.7142707914825,-0,-0,-0,-0,-0,-0,-0,-0,-0,-0,-0,-0,0,0,0,0,0,0,0,0
31.7152671755725,-0,-0,-0,-0,-0,-0,-0,-0,-0,-0,-0,-0,0,0,0,0,0,0,0,0
31.7162635596625,-0,-0,-0,-0,-0,-0,-0,-0,-0,-0,-0,-0,0,0,0,0,0,0,0,0
31.7172599437525,-0,-0,-0,-0,-0,-0,-0,-0,-0,-0,-0,-0,0,0,0,0,0,0,0,0
31.7182563278425,-0,-0,-0,-0,-0,-0,-0,-0,-0,-0,-0,-0,0,0,0,0,0,0,0,0
31.7192527119325,-0,-0,-0,-0,-0,-0,-0,-0,-0,-0,-0,-0,0,0,0,0,0,0,0,0
31.7202490960225,-0,-0,-0,-0,-0,-0,-0,-0,-0,-0,-0,-0,0,0,0,0,0,0,0,0
31.7212454801125,-0,-0,-0,-0,-0,-0,-0,-0,-0,-0,-0,-0,0,0,0,0,0,0,0,0
31.7222418642025,-0,-0,-0,-0,-0,-0,-0,-0,-0,-0,-0,-0,0,0,0,0,0,0,0,0
31.7232382482925,-0,-0,-0,-0,-0,-0,-0,-0,-0,-0,-0,-0,0,0,0,0,0,0,0,0
31.7242346323825,-0,-0,-0,-0,-0,-0,-0,-0,-0,-0,-0,-0,0,0,0,0,0,0,0,0
31.7252310164725,-0,-0,-0,-0,-0,-0,-0,-0,-0,-0,-0,-0,0,0,0,0,0,0,0,0
31.7262274005625,-0,-0,-0,-0,-0,-0,-0,-0,-0,-0,-0,-0,0,0,0,0,0,0,0,0
31.7272237846525,-0,-0,-0,-0,-0,-0,-0,-0,-0,-0,-0,-0,0,0,0,0,0,0,0,0
31.7282201687425,-0,-0,-0,-0,-0,-0,-0,-0,-0,-0,-0,-0,0,0,0,0,0,0,0,0
31.7292165528325,-0,-0,-0,-0,-0,-0,-0,-0,-0,-0,-0,-0,0,0,0,0,0,0,0,0
31.7302129369225,-0,-0,-0,-0,-0,-0,-0,-0,-0,-0,-0,-0,0,0,0,0,0,0,0,0
31.7312093210125,-0,-0,-0,-0,-0,-0,-0,-0,-0,-0,-0,-0,0,0,0,0,0,0,0,0
31.7322057051025,-0,-0,-0,-0,-0,-0,-0,-0,-0,-0,-0,-0,0,0,0,0,0,0,0,0
31.7332020891924,-0,-0,-0,-0,-0,-0,-0,-0,-0,-0,-0,-0,0,0,0,0,0,0,0,0
31.7341984732824,-0,-0,-0,-0,-0,-0,-0,-0,-0,-0,-0,-0,0,0,0,0,0,0,0,0
31.7351948573724,-0,-0,-0,-0,-0,-0,-0,-0,-0,-0,-0,-0,0,0,0,0,0,0,0,0
31.7361912414624,-0,-0,-0,-0,-0,-0,-0,-0,-0,-0,-0,-0,0,0,0,0,0,0,0,0
31.7371876255524,-0,-0,-0,-0,-0,-0,-0,-0,-0,-0,-0,-0,0,0,0,0,0,0,0,0
31.7381840096424,-0,-0,-0,-0,-0,-0,-0,-0,-0,-0,-0,-0,0,0,0,0,0,0,0,0
31.7391803937324,-0,-0,-0,-0,-0,-0,-0,-0,-0,-0,-0,-0,0,0,0,0,0,0,0,0
31.7401767778224,-0,-0,-0,-0,-0,-0,-0,-0,-0,-0,-0,-0,0,0,0,0,0,0,0,0
31.7411731619124,-0,-0,-0,-0,-0,-0,-0,-0,-0,-0,-0,-0,0,0,0,0,0,0,0,0
31.7421695460024,-0,-0,-0,-0,-0,-0,-0,-0,-0,-0,-0,-0,0,0,0,0,0,0,0,0
31.7431659300924,-0,-0,-0,-0,-0,-0,-0,-0,-0,-0,-0,-0,0,0,0,0,0,0,0,0
31.7441623141824,-0,-0,-0,-0,-0,-0,-0,-0,-0,-0,-0,-0,0,0,0,0,0,0,0,0
31.7451586982724,-0,-0,-0,-0,-0,-0,-0,-0,-0,-0,-0,-0,0,0,0,0,0,0,0,0
31.7461550823624,-0,-0,-0,-0,-0,-0,-0,-0,-0,-0,-0,-0,0,0,0,0,0,0,0,0
31.7471514664524,-0,-0,-0,-0,-0,-0,-0,-0,-0,-0,-0,-0,0,0,0,0,0,0,0,0
31.7481478505424,-0,-0,-0,-0,-0,-0,-0,-0,-0,-0,-0,-0,0,0,0,0,0,0,0,0
31.7491442346324,-0,-0,-0,-0,-0,-0,-0,-0,-0,-0,-0,-0,0,0,0,0,0,0,0,0
31.7501406187224,-0,-0,-0,-0,-0,-0,-0,-0,-0,-0,-0,-0,0,0,0,0,0,0,0,0
31.7511370028124,-0,-0,-0,-0,-0,-0,-0,-0,-0,-0,-0,-0,0,0,0,0,0,0,0,0
31.7521333869024,-0,-0,-0,-0,-0,-0,-0,-0,-0,-0,-0,-0,0,0,0,0,0,0,0,0
31.7531297709924,-0,-0,-0,-0,-0,-0,-0,-0,-0,-0,-0,-0,0,0,0,0,0,0,0,0
31.7541261550824,-0,-0,-0,-0,-0,-0,-0,-0,-0,-0,-0,-0,0,0,0,0,0,0,0,0
31.7551225391724,-0,-0,-0,-0,-0,-0,-0,-0,-0,-0,-0,-0,0,0,0,0,0,0,0,0
31.7561189232624,-0,-0,-0,-0,-0,-0,-0,-0,-0,-0,-0,-0,0,0,0,0,0,0,0,0
31.7571153073524,-0,-0,-0,-0,-0,-0,-0,-0,-0,-0,-0,-0,0,0,0,0,0,0,0,0
31.7581116914423,-0,-0,-0,-0,-0,-0,-0,-0,-0,-0,-0,-0,0,0,0,0,0,0,0,0
31.7591080755323,-0,-0,-0,-0,-0,-0,-0,-0,-0,-0,-0,-0,0,0,0,0,0,0,0,0
31.7601044596223,-0,-0,-0,-0,-0,-0,-0,-0,-0,-0,-0,-0,0,0,0,0,0,0,0,0
31.7611008437123,-0,-0,-0,-0,-0,-0,-0,-0,-0,-0,-0,-0,0,0,0,0,0,0,0,0
31.7620972278023,-0,-0,-0,-0,-0,-0,-0,-0,-0,-0,-0,-0,0,0,0,0,0,0,0,0
31.7630936118923,-0,-0,-0,-0,-0,-0,-0,-0,-0,-0,-0,-0,0,0,0,0,0,0,0,0
31.7640899959823,-0,-0,-0,-0,-0,-0,-0,-0,-0,-0,-0,-0,0,0,0,0,0,0,0,0
31.7650863800723,-0,-0,-0,-0,-0,-0,-0,-0,-0,-0,-0,-0,0,0,0,0,0,0,0,0
31.7660827641623,-0,-0,-0,-0,-0,-0,-0,-0,-0,-0,-0,-0,0,0,0,0,0,0,0,0
31.7670791482523,-0,-0,-0,-0,-0,-0,-0,-0,-0,-0,-0,-0,0,0,0,0,0,0,0,0
31.7680755323423,-0,-0,-0,-0,-0,-0,-0,-0,-0,-0,-0,-0,0,0,0,0,0,0,0,0
31.7690719164323,-0,-0,-0,-0,-0,-0,-0,-0,-0,-0,-0,-0,0,0,0,0,0,0,0,0
31.7700683005223,-0,-0,-0,-0,-0,-0,-0,-0,-0,-0,-0,-0,0,0,0,0,0,0,0,0
31.7710646846123,-0,-0,-0,-0,-0,-0,-0,-0,-0,-0,-0,-0,0,0,0,0,0,0,0,0
31.7720610687023,-0,-0,-0,-0,-0,-0,-0,-0,-0,-0,-0,-0,0,0,0,0,0,0,0,0
31.7730574527923,-0,-0,-0,-0,-0,-0,-0,-0,-0,-0,-0,-0,0,0,0,0,0,0,0,0
31.7740538368823,-0,-0,-0,-0,-0,-0,-0,-0,-0,-0,-0,-0,0,0,0,0,0,0,0,0
31.7750502209723,-0,-0,-0,-0,-0,-0,-0,-0,-0,-0,-0,-0,0,0,0,0,0,0,0,0
31.7760466050623,-0,-0,-0,-0,-0,-0,-0,-0,-0,-0,-0,-0,0,0,0,0,0,0,0,0
31.7770429891523,-0,-0,-0,-0,-0,-0,-0,-0,-0,-0,-0,-0,0,0,0,0,0,0,0,0
31.7780393732423,-0,-0,-0,-0,-0,-0,-0,-0,-0,-0,-0,-0,0,0,0,0,0,0,0,0
31.7790357573323,-0,-0,-0,-0,-0,-0,-0,-0,-0,-0,-0,-0,0,0,0,0,0,0,0,0
31.7800321414223,-0,-0,-0,-0,-0,-0,-0,-0,-0,-0,-0,-0,0,0,0,0,0,0,0,0
31.7810285255123,-0,-0,-0,-0,-0,-0,-0,-0,-0,-0,-0,-0,0,0,0,0,0,0,0,0
31.7820249096023,-0,-0,-0,-0,-0,-0,-0,-0,-0,-0,-0,-0,0,0,0,0,0,0,0,0
31.7830212936922,-0,-0,-0,-0,-0,-0,-0,-0,-0,-0,-0,-0,0,0,0,0,0,0,0,0
31.7840176777822,-0,-0,-0,-0,-0,-0,-0,-0,-0,-0,-0,-0,0,0,0,0,0,0,0,0
31.7850140618722,-0,-0,-0,-0,-0,-0,-0,-0,-0,-0,-0,-0,0,0,0,0,0,0,0,0
31.7860104459622,-0,-0,-0,-0,-0,-0,-0,-0,-0,-0,-0,-0,0,0,0,0,0,0,0,0
31.7870068300522,-0,-0,-0,-0,-0,-0,-0,-0,-0,-0,-0,-0,0,0,0,0,0,0,0,0
31.7880032141422,-0,-0,-0,-0,-0,-0,-0,-0,-0,-0,-0,-0,0,0,0,0,0,0,0,0
31.7889995982322,-0,-0,-0,-0,-0,-0,-0,-0,-0,-0,-0,-0,0,0,0,0,0,0,0,0
31.7899959823222,-0,-0,-0,-0,-0,-0,-0,-0,-0,-0,-0,-0,0,0,0,0,0,0,0,0
31.7909923664122,-0,-0,-0,-0,-0,-0,-0,-0,-0,-0,-0,-0,0,0,0,0,0,0,0,0
31.7919887505022,-0,-0,-0,-0,-0,-0,-0,-0,-0,-0,-0,-0,0,0,0,0,0,0,0,0
31.7929851345922,-0,-0,-0,-0,-0,-0,-0,-0,-0,-0,-0,-0,0,0,0,0,0,0,0,0
31.7939815186822,-0,-0,-0,-0,-0,-0,-0,-0,-0,-0,-0,-0,0,0,0,0,0,0,0,0
31.7949779027722,-0,-0,-0,-0,-0,-0,-0,-0,-0,-0,-0,-0,0,0,0,0,0,0,0,0
31.7959742868622,-0,-0,-0,-0,-0,-0,-0,-0,-0,-0,-0,-0,0,0,0,0,0,0,0,0
31.7969706709522,-0,-0,-0,-0,-0,-0,-0,-0,-0,-0,-0,-0,0,0,0,0,0,0,0,0
31.7979670550422,-0,-0,-0,-0,-0,-0,-0,-0,-0,-0,-0,-0,0,0,0,0,0,0,0,0
31.7989634391322,-0,-0,-0,-0,-0,-0,-0,-0,-0,-0,-0,-0,0,0,0,0,0,0,0,0
31.7999598232222,-0,-0,-0,-0,-0,-0,-0,-0,-0,-0,-0,-0,0,0,0,0,0,0,0,0
31.8009562073122,-0,-0,-0,-0,-0,-0,-0,-0,-0,-0,-0,-0,0,0,0,0,0,0,0,0
31.8019525914022,-0,-0,-0,-0,-0,-0,-0,-0,-0,-0,-0,-0,0,0,0,0,0,0,0,0
31.8029489754922,-0,-0,-0,-0,-0,-0,-0,-0,-0,-0,-0,-0,0,0,0,0,0,0,0,0
31.8039453595822,-0,-0,-0,-0,-0,-0,-0,-0,-0,-0,-0,-0,0,0,0,0,0,0,0,0
31.8049417436722,-0,-0,-0,-0,-0,-0,-0,-0,-0,-0,-0,-0,0,0,0,0,0,0,0,0
31.8059381277622,-0,-0,-0,-0,-0,-0,-0,-0,-0,-0,-0,-0,0,0,0,0,0,0,0,0
31.8069345118522,-0,-0,-0,-0,-0,-0,-0,-0,-0,-0,-0,-0,0,0,0,0,0,0,0,0
31.8079308959421,-0,-0,-0,-0,-0,-0,-0,-0,-0,-0,-0,-0,0,0,0,0,0,0,0,0
31.8089272800321,-0,-0,-0,-0,-0,-0,-0,-0,-0,-0,-0,-0,0,0,0,0,0,0,0,0
31.8099236641221,-0,-0,-0,-0,-0,-0,-0,-0,-0,-0,-0,-0,0,0,0,0,0,0,0,0
31.8109200482121,-0,-0,-0,-0,-0,-0,-0,-0,-0,-0,-0,-0,0,0,0,0,0,0,0,0
31.8119164323021,-0,-0,-0,-0,-0,-0,-0,-0,-0,-0,-0,-0,0,0,0,0,0,0,0,0
31.8129128163921,-0,-0,-0,-0,-0,-0,-0,-0,-0,-0,-0,-0,0,0,0,0,0,0,0,0
31.8139092004821,-0,-0,-0,-0,-0,-0,-0,-0,-0,-0,-0,-0,0,0,0,0,0,0,0,0
31.8149055845721,-0,-0,-0,-0,-0,-0,-0,-0,-0,-0,-0,-0,0,0,0,0,0,0,0,0
31.8159019686621,-0,-0,-0,-0,-0,-0,-0,-0,-0,-0,-0,-0,0,0,0,0,0,0,0,0
31.8168983527521,-0,-0,-0,-0,-0,-0,-0,-0,-0,-0,-0,-0,0,0,0,0,0,0,0,0
31.8178947368421,-0,-0,-0,-0,-0,-0,-0,-0,-0,-0,-0,-0,0,0,0,0,0,0,0,0
31.8188911209321,-0,-0,-0,-0,-0,-0,-0,-0,-0,-0,-0,-0,0,0,0,0,0,0,0,0
31.8198875050221,-0,-0,-0,-0,-0,-0,-0,-0,-0,-0,-0,-0,0,0,0,0,0,0,0,0
31.8208838891121,-0,-0,-0,-0,-0,-0,-0,-0,-0,-0,-0,-0,0,0,0,0,0,0,0,0
31.8218802732021,-0,-0,-0,-0,-0,-0,-0,-0,-0,-0,-0,-0,0,0,0,0,0,0,0,0
31.8228766572921,-0,-0,-0,-0,-0,-0,-0,-0,-0,-0,-0,-0,0,0,0,0,0,0,0,0
31.8238730413821,-0,-0,-0,-0,-0,-0,-0,-0,-0,-0,-0,-0,0,0,0,0,0,0,0,0
31.8248694254721,-0,-0,-0,-0,-0,-0,-0,-0,-0,-0,-0,-0,0,0,0,0,0,0,0,0
31.8258658095621,-0,-0,-0,-0,-0,-0,-0,-0,-0,-0,-0,-0,0,0,0,0,0,0,0,0
31.8268621936521,-0,-0,-0,-0,-0,-0,-0,-0,-0,-0,-0,-0,0,0,0,0,0,0,0,0
31.8278585777421,-0,-0,-0,-0,-0,-0,-0,-0,-0,-0,-0,-0,0,0,0,0,0,0,0,0
31.8288549618321,-0,-0,-0,-0,-0,-0,-0,-0,-0,-0,-0,-0,0,0,0,0,0,0,0,0
31.8298513459221,-0,-0,-0,-0,-0,-0,-0,-0,-0,-0,-0,-0,0,0,0,0,0,0,0,0
31.8308477300121,-0,-0,-0,-0,-0,-0,-0,-0,-0,-0,-0,-0,0,0,0,0,0,0,0,0
31.8318441141021,-0,-0,-0,-0,-0,-0,-0,-0,-0,-0,-0,-0,0,0,0,0,0,0,0,0
31.832840498192,-0,-0,-0,-0,-0,-0,-0,-0,-0,-0,-0,-0,0,0,0,0,0,0,0,0
31.833836882282,-0,-0,-0,-0,-0,-0,-0,-0,-0,-0,-0,-0,0,0,0,0,0,0,0,0
31.834833266372,-0,-0,-0,-0,-0,-0,-0,-0,-0,-0,-0,-0,0,0,0,0,0,0,0,0
31.835829650462,-0,-0,-0,-0,-0,-0,-0,-0,-0,-0,-0,-0,0,0,0,0,0,0,0,0
31.836826034552,-0,-0,-0,-0,-0,-0,-0,-0,-0,-0,-0,-0,0,0,0,0,0,0,0,0
31.837822418642,-0,-0,-0,-0,-0,-0,-0,-0,-0,-0,-0,-0,0,0,0,0,0,0,0,0
31.838818802732,-0,-0,-0,-0,-0,-0,-0,-0,-0,-0,-0,-0,0,0,0,0,0,0,0,0
31.839815186822,-0,-0,-0,-0,-0,-0,-0,-0,-0,-0,-0,-0,0,0,0,0,0,0,0,0
31.840811570912,-0,-0,-0,-0,-0,-0,-0,-0,-0,-0,-0,-0,0,0,0,0,0,0,0,0
31.841807955002,-0,-0,-0,-0,-0,-0,-0,-0,-0,-0,-0,-0,0,0,0,0,0,0,0,0
31.842804339092,-0,-0,-0,-0,-0,-0,-0,-0,-0,-0,-0,-0,0,0,0,0,0,0,0,0
31.843800723182,-0,-0,-0,-0,-0,-0,-0,-0,-0,-0,-0,-0,0,0,0,0,0,0,0,0
31.844797107272,-0,-0,-0,-0,-0,-0,-0,-0,-0,-0,-0,-0,0,0,0,0,0,0,0,0
31.845793491362,-0,-0,-0,-0,-0,-0,-0,-0,-0,-0,-0,-0,0,0,0,0,0,0,0,0
31.846789875452,-0,-0,-0,-0,-0,-0,-0,-0,-0,-0,-0,-0,0,0,0,0,0,0,0,0
31.847786259542,-0,-0,-0,-0,-0,-0,-0,-0,-0,-0,-0,-0,0,0,0,0,0,0,0,0
31.848782643632,-0,-0,-0,-0,-0,-0,-0,-0,-0,-0,-0,-0,0,0,0,0,0,0,0,0
31.849779027722,-0,-0,-0,-0,-0,-0,-0,-0,-0,-0,-0,-0,0,0,0,0,0,0,0,0
31.850775411812,-0,-0,-0,-0,-0,-0,-0,-0,-0,-0,-0,-0,0,0,0,0,0,0,0,0
31.851771795902,-0,-0,-0,-0,-0,-0,-0,-0,-0,-0,-0,-0,0,0,0,0,0,0,0,0
31.852768179992,-0,-0,-0,-0,-0,-0,-0,-0,-0,-0,-0,-0,0,0,0,0,0,0,0,0
31.853764564082,-0,-0,-0,-0,-0,-0,-0,-0,-0,-0,-0,-0,0,0,0,0,0,0,0,0
31.854760948172,-0,-0,-0,-0,-0,-0,-0,-0,-0,-0,-0,-0,0,0,0,0,0,0,0,0
31.855757332262,-0,-0,-0,-0,-0,-0,-0,-0,-0,-0,-0,-0,0,0,0,0,0,0,0,0
31.856753716352,-0,-0,-0,-0,-0,-0,-0,-0,-0,-0,-0,-0,0,0,0,0,0,0,0,0
31.8577501004419,-0,-0,-0,-0,-0,-0,-0,-0,-0,-0,-0,-0,0,0,0,0,0,0,0,0
31.8587464845319,-0,-0,-0,-0,-0,-0,-0,-0,-0,-0,-0,-0,0,0,0,0,0,0,0,0
31.8597428686219,-0,-0,-0,-0,-0,-0,-0,-0,-0,-0,-0,-0,0,0,0,0,0,0,0,0
31.8607392527119,-0,-0,-0,-0,-0,-0,-0,-0,-0,-0,-0,-0,0,0,0,0,0,0,0,0
31.8617356368019,-0,-0,-0,-0,-0,-0,-0,-0,-0,-0,-0,-0,0,0,0,0,0,0,0,0
31.8627320208919,-0,-0,-0,-0,-0,-0,-0,-0,-0,-0,-0,-0,0,0,0,0,0,0,0,0
31.8637284049819,-0,-0,-0,-0,-0,-0,-0,-0,-0,-0,-0,-0,0,0,0,0,0,0,0,0
31.8647247890719,-0,-0,-0,-0,-0,-0,-0,-0,-0,-0,-0,-0,0,0,0,0,0,0,0,0
31.8657211731619,-0,-0,-0,-0,-0,-0,-0,-0,-0,-0,-0,-0,0,0,0,0,0,0,0,0
31.8667175572519,-0,-0,-0,-0,-0,-0,-0,-0,-0,-0,-0,-0,0,0,0,0,0,0,0,0
31.8677139413419,-0,-0,-0,-0,-0,-0,-0,-0,-0,-0,-0,-0,0,0,0,0,0,0,0,0
31.8687103254319,-0,-0,-0,-0,-0,-0,-0,-0,-0,-0,-0,-0,0,0,0,0,0,0,0,0
31.8697067095219,-0,-0,-0,-0,-0,-0,-0,-0,-0,-0,-0,-0,0,0,0,0,0,0,0,0
31.8707030936119,-0,-0,-0,-0,-0,-0,-0,-0,-0,-0,-0,-0,0,0,0,0,0,0,0,0
31.8716994777019,-0,-0,-0,-0,-0,-0,-0,-0,-0,-0,-0,-0,0,0,0,0,0,0,0,0
31.8726958617919,-0,-0,-0,-0,-0,-0,-0,-0,-0,-0,-0,-0,0,0,0,0,0,0,0,0
31.8736922458819,-0,-0,-0,-0,-0,-0,-0,-0,-0,-0,-0,-0,0,0,0,0,0,0,0,0
31.8746886299719,-0,-0,-0,-0,-0,-0,-0,-0,-0,-0,-0,-0,0,0,0,0,0,0,0,0
31.8756850140619,-0,-0,-0,-0,-0,-0,-0,-0,-0,-0,-0,-0,0,0,0,0,0,0,0,0
31.8766813981519,-0,-0,-0,-0,-0,-0,-0,-0,-0,-0,-0,-0,0,0,0,0,0,0,0,0
31.8776777822419,-0,-0,-0,-0,-0,-0,-0,-0,-0,-0,-0,-0,0,0,0,0,0,0,0,0
31.8786741663319,-0,-0,-0,-0,-0,-0,-0,-0,-0,-0,-0,-0,0,0,0,0,0,0,0,0
31.8796705504219,-0,-0,-0,-0,-0,-0,-0,-0,-0,-0,-0,-0,0,0,0,0,0,0,0,0
31.8806669345119,-0,-0,-0,-0,-0,-0,-0,-0,-0,-0,-0,-0,0,0,0,0,0,0,0,0
31.8816633186019,-0,-0,-0,-0,-0,-0,-0,-0,-0,-0,-0,-0,0,0,0,0,0,0,0,0
31.8826597026918,-0,-0,-0,-0,-0,-0,-0,-0,-0,-0,-0,-0,0,0,0,0,0,0,0,0
31.8836560867818,-0,-0,-0,-0,-0,-0,-0,-0,-0,-0,-0,-0,0,0,0,0,0,0,0,0
31.8846524708718,-0,-0,-0,-0,-0,-0,-0,-0,-0,-0,-0,-0,0,0,0,0,0,0,0,0
31.8856488549618,-0,-0,-0,-0,-0,-0,-0,-0,-0,-0,-0,-0,0,0,0,0,0,0,0,0
31.8866452390518,-0,-0,-0,-0,-0,-0,-0,-0,-0,-0,-0,-0,0,0,0,0,0,0,0,0
31.8876416231418,-0,-0,-0,-0,-0,-0,-0,-0,-0,-0,-0,-0,0,0,0,0,0,0,0,0
31.8886380072318,-0,-0,-0,-0,-0,-0,-0,-0,-0,-0,-0,-0,0,0,0,0,0,0,0,0
31.8896343913218,-0,-0,-0,-0,-0,-0,-0,-0,-0,-0,-0,-0,0,0,0,0,0,0,0,0
31.8906307754118,-0,-0,-0,-0,-0,-0,-0,-0,-0,-0,-0,-0,0,0,0,0,0,0,0,0
31.8916271595018,-0,-0,-0,-0,-0,-0,-0,-0,-0,-0,-0,-0,0,0,0,0,0,0,0,0
31.8926235435918,-0,-0,-0,-0,-0,-0,-0,-0,-0,-0,-0,-0,0,0,0,0,0,0,0,0
31.8936199276818,-0,-0,-0,-0,-0,-0,-0,-0,-0,-0,-0,-0,0,0,0,0,0,0,0,0
31.8946163117718,-0,-0,-0,-0,-0,-0,-0,-0,-0,-0,-0,-0,0,0,0,0,0,0,0,0
31.8956126958618,-0,-0,-0,-0,-0,-0,-0,-0,-0,-0,-0,-0,0,0,0,0,0,0,0,0
31.8966090799518,-0,-0,-0,-0,-0,-0,-0,-0,-0,-0,-0,-0,0,0,0,0,0,0,0,0
31.8976054640418,-0,-0,-0,-0,-0,-0,-0,-0,-0,-0,-0,-0,0,0,0,0,0,0,0,0
31.8986018481318,-0,-0,-0,-0,-0,-0,-0,-0,-0,-0,-0,-0,0,0,0,0,0,0,0,0
31.8995982322218,-0,-0,-0,-0,-0,-0,-0,-0,-0,-0,-0,-0,0,0,0,0,0,0,0,0
31.9005946163118,-0,-0,-0,-0,-0,-0,-0,-0,-0,-0,-0,-0,0,0,0,0,0,0,0,0
31.9015910004018,-0,-0,-0,-0,-0,-0,-0,-0,-0,-0,-0,-0,0,0,0,0,0,0,0,0
31.9025873844918,-0,-0,-0,-0,-0,-0,-0,-0,-0,-0,-0,-0,0,0,0,0,0,0,0,0
31.9035837685818,-0,-0,-0,-0,-0,-0,-0,-0,-0,-0,-0,-0,0,0,0,0,0,0,0,0
31.9045801526718,-0,-0,-0,-0,-0,-0,-0,-0,-0,-0,-0,-0,0,0,0,0,0,0,0,0
31.9055765367618,-0,-0,-0,-0,-0,-0,-0,-0,-0,-0,-0,-0,0,0,0,0,0,0,0,0
31.9065729208518,-0,-0,-0,-0,-0,-0,-0,-0,-0,-0,-0,-0,0,0,0,0,0,0,0,0
31.9075693049417,-0,-0,-0,-0,-0,-0,-0,-0,-0,-0,-0,-0,0,0,0,0,0,0,0,0
31.9085656890317,-0,-0,-0,-0,-0,-0,-0,-0,-0,-0,-0,-0,0,0,0,0,0,0,0,0
31.9095620731217,-0,-0,-0,-0,-0,-0,-0,-0,-0,-0,-0,-0,0,0,0,0,0,0,0,0
31.9105584572117,-0,-0,-0,-0,-0,-0,-0,-0,-0,-0,-0,-0,0,0,0,0,0,0,0,0
31.9115548413017,-0,-0,-0,-0,-0,-0,-0,-0,-0,-0,-0,-0,0,0,0,0,0,0,0,0
31.9125512253917,-0,-0,-0,-0,-0,-0,-0,-0,-0,-0,-0,-0,0,0,0,0,0,0,0,0
31.9135476094817,-0,-0,-0,-0,-0,-0,-0,-0,-0,-0,-0,-0,0,0,0,0,0,0,0,0
31.9145439935717,-0,-0,-0,-0,-0,-0,-0,-0,-0,-0,-0,-0,0,0,0,0,0,0,0,0
31.9155403776617,-0,-0,-0,-0,-0,-0,-0,-0,-0,-0,-0,-0,0,0,0,0,0,0,0,0
31.9165367617517,-0,-0,-0,-0,-0,-0,-0,-0,-0,-0,-0,-0,0,0,0,0,0,0,0,0
31.9175331458417,-0,-0,-0,-0,-0,-0,-0,-0,-0,-0,-0,-0,0,0,0,0,0,0,0,0
31.9185295299317,-0,-0,-0,-0,-0,-0,-0,-0,-0,-0,-0,-0,0,0,0,0,0,0,0,0
31.9195259140217,-0,-0,-0,-0,-0,-0,-0,-0,-0,-0,-0,-0,0,0,0,0,0,0,0,0
31.9205222981117,-0,-0,-0,-0,-0,-0,-0,-0,-0,-0,-0,-0,0,0,0,0,0,0,0,0
31.9215186822017,-0,-0,-0,-0,-0,-0,-0,-0,-0,-0,-0,-0,0,0,0,0,0,0,0,0
31.9225150662917,-0,-0,-0,-0,-0,-0,-0,-0,-0,-0,-0,-0,0,0,0,0,0,0,0,0
31.9235114503817,-0,-0,-0,-0,-0,-0,-0,-0,-0,-0,-0,-0,0,0,0,0,0,0,0,0
31.9245078344717,-0,-0,-0,-0,-0,-0,-0,-0,-0,-0,-0,-0,0,0,0,0,0,0,0,0
31.9255042185617,-0,-0,-0,-0,-0,-0,-0,-0,-0,-0,-0,-0,0,0,0,0,0,0,0,0
31.9265006026517,-0,-0,-0,-0,-0,-0,-0,-0,-0,-0,-0,-0,0,0,0,0,0,0,0,0
31.9274969867417,-0,-0,-0,-0,-0,-0,-0,-0,-0,-0,-0,-0,0,0,0,0,0,0,0,0
31.9284933708317,-0,-0,-0,-0,-0,-0,-0,-0,-0,-0,-0,-0,0,0,0,0,0,0,0,0
31.9294897549217,-0,-0,-0,-0,-0,-0,-0,-0,-0,-0,-0,-0,0,0,0,0,0,0,0,0
31.9304861390117,-0,-0,-0,-0,-0,-0,-0,-0,-0,-0,-0,-0,0,0,0,0,0,0,0,0
31.9314825231016,-0,-0,-0,-0,-0,-0,-0,-0,-0,-0,-0,-0,0,0,0,0,0,0,0,0
31.9324789071916,-0,-0,-0,-0,-0,-0,-0,-0,-0,-0,-0,-0,0,0,0,0,0,0,0,0
31.9334752912816,-0,-0,-0,-0,-0,-0,-0,-0,-0,-0,-0,-0,0,0,0,0,0,0,0,0
31.9344716753716,-0,-0,-0,-0,-0,-0,-0,-0,-0,-0,-0,-0,0,0,0,0,0,0,0,0
31.9354680594616,-0,-0,-0,-0,-0,-0,-0,-0,-0,-0,-0,-0,0,0,0,0,0,0,0,0
31.9364644435516,-0,-0,-0,-0,-0,-0,-0,-0,-0,-0,-0,-0,0,0,0,0,0,0,0,0
31.9374608276416,-0,-0,-0,-0,-0,-0,-0,-0,-0,-0,-0,-0,0,0,0,0,0,0,0,0
31.9384572117316,-0,-0,-0,-0,-0,-0,-0,-0,-0,-0,-0,-0,0,0,0,0,0,0,0,0
31.9394535958216,-0,-0,-0,-0,-0,-0,-0,-0,-0,-0,-0,-0,0,0,0,0,0,0,0,0
31.9404499799116,-0,-0,-0,-0,-0,-0,-0,-0,-0,-0,-0,-0,0,0,0,0,0,0,0,0
31.9414463640016,-0,-0,-0,-0,-0,-0,-0,-0,-0,-0,-0,-0,0,0,0,0,0,0,0,0
31.9424427480916,-0,-0,-0,-0,-0,-0,-0,-0,-0,-0,-0,-0,0,0,0,0,0,0,0,0
31.9434391321816,-0,-0,-0,-0,-0,-0,-0,-0,-0,-0,-0,-0,0,0,0,0,0,0,0,0
31.9444355162716,-0,-0,-0,-0,-0,-0,-0,-0,-0,-0,-0,-0,0,0,0,0,0,0,0,0
31.9454319003616,-0,-0,-0,-0,-0,-0,-0,-0,-0,-0,-0,-0,0,0,0,0,0,0,0,0
31.9464282844516,-0,-0,-0,-0,-0,-0,-0,-0,-0,-0,-0,-0,0,0,0,0,0,0,0,0
31.9474246685416,-0,-0,-0,-0,-0,-0,-0,-0,-0,-0,-0,-0,0,0,0,0,0,0,0,0
31.9484210526316,-0,-0,-0,-0,-0,-0,-0,-0,-0,-0,-0,-0,0,0,0,0,0,0,0,0
31.9494174367216,-0,-0,-0,-0,-0,-0,-0,-0,-0,-0,-0,-0,0,0,0,0,0,0,0,0
31.9504138208116,-0,-0,-0,-0,-0,-0,-0,-0,-0,-0,-0,-0,0,0,0,0,0,0,0,0
31.9514102049016,-0,-0,-0,-0,-0,-0,-0,-0,-0,-0,-0,-0,0,0,0,0,0,0,0,0
31.9524065889916,-0,-0,-0,-0,-0,-0,-0,-0,-0,-0,-0,-0,0,0,0,0,0,0,0,0
31.9534029730816,-0,-0,-0,-0,-0,-0,-0,-0,-0,-0,-0,-0,0,0,0,0,0,0,0,0
31.9543993571716,-0,-0,-0,-0,-0,-0,-0,-0,-0,-0,-0,-0,0,0,0,0,0,0,0,0
31.9553957412616,-0,-0,-0,-0,-0,-0,-0,-0,-0,-0,-0,-0,0,0,0,0,0,0,0,0
31.9563921253515,-0,-0,-0,-0,-0,-0,-0,-0,-0,-0,-0,-0,0,0,0,0,0,0,0,0
31.9573885094415,-0,-0,-0,-0,-0,-0,-0,-0,-0,-0,-0,-0,0,0,0,0,0,0,0,0
31.9583848935315,-0,-0,-0,-0,-0,-0,-0,-0,-0,-0,-0,-0,0,0,0,0,0,0,0,0
31.9593812776215,-0,-0,-0,-0,-0,-0,-0,-0,-0,-0,-0,-0,0,0,0,0,0,0,0,0
31.9603776617115,-0,-0,-0,-0,-0,-0,-0,-0,-0,-0,-0,-0,0,0,0,0,0,0,0,0
31.9613740458015,-0,-0,-0,-0,-0,-0,-0,-0,-0,-0,-0,-0,0,0,0,0,0,0,0,0
31.9623704298915,-0,-0,-0,-0,-0,-0,-0,-0,-0,-0,-0,-0,0,0,0,0,0,0,0,0
31.9633668139815,-0,-0,-0,-0,-0,-0,-0,-0,-0,-0,-0,-0,0,0,0,0,0,0,0,0
31.9643631980715,-0,-0,-0,-0,-0,-0,-0,-0,-0,-0,-0,-0,0,0,0,0,0,0,0,0
31.9653595821615,-0,-0,-0,-0,-0,-0,-0,-0,-0,-0,-0,-0,0,0,0,0,0,0,0,0
31.9663559662515,-0,-0,-0,-0,-0,-0,-0,-0,-0,-0,-0,-0,0,0,0,0,0,0,0,0
31.9673523503415,-0,-0,-0,-0,-0,-0,-0,-0,-0,-0,-0,-0,0,0,0,0,0,0,0,0
31.9683487344315,-0,-0,-0,-0,-0,-0,-0,-0,-0,-0,-0,-0,0,0,0,0,0,0,0,0
31.9693451185215,-0,-0,-0,-0,-0,-0,-0,-0,-0,-0,-0,-0,0,0,0,0,0,0,0,0
31.9703415026115,-0,-0,-0,-0,-0,-0,-0,-0,-0,-0,-0,-0,0,0,0,0,0,0,0,0
31.9713378867015,-0,-0,-0,-0,-0,-0,-0,-0,-0,-0,-0,-0,0,0,0,0,0,0,0,0
31.9723342707915,-0,-0,-0,-0,-0,-0,-0,-0,-0,-0,-0,-0,0,0,0,0,0,0,0,0
31.9733306548815,-0,-0,-0,-0,-0,-0,-0,-0,-0,-0,-0,-0,0,0,0,0,0,0,0,0
31.9743270389715,-0,-0,-0,-0,-0,-0,-0,-0,-0,-0,-0,-0,0,0,0,0,0,0,0,0
31.9753234230615,-0,-0,-0,-0,-0,-0,-0,-0,-0,-0,-0,-0,0,0,0,0,0,0,0,0
31.9763198071515,-0,-0,-0,-0,-0,-0,-0,-0,-0,-0,-0,-0,0,0,0,0,0,0,0,0
31.9773161912415,-0,-0,-0,-0,-0,-0,-0,-0,-0,-0,-0,-0,0,0,0,0,0,0,0,0
31.9783125753315,-0,-0,-0,-0,-0,-0,-0,-0,-0,-0,-0,-0,0,0,0,0,0,0,0,0
31.9793089594215,-0,-0,-0,-0,-0,-0,-0,-0,-0,-0,-0,-0,0,0,0,0,0,0,0,0
31.9803053435115,-0,-0,-0,-0,-0,-0,-0,-0,-0,-0,-0,-0,0,0,0,0,0,0,0,0
31.9813017276014,-0,-0,-0,-0,-0,-0,-0,-0,-0,-0,-0,-0,0,0,0,0,0,0,0,0
31.9822981116914,-0,-0,-0,-0,-0,-0,-0,-0,-0,-0,-0,-0,0,0,0,0,0,0,0,0
31.9832944957814,-0,-0,-0,-0,-0,-0,-0,-0,-0,-0,-0,-0,0,0,0,0,0,0,0,0
31.9842908798714,-0,-0,-0,-0,-0,-0,-0,-0,-0,-0,-0,-0,0,0,0,0,0,0,0,0
31.9852872639614,-0,-0,-0,-0,-0,-0,-0,-0,-0,-0,-0,-0,0,0,0,0,0,0,0,0
31.9862836480514,-0,-0,-0,-0,-0,-0,-0,-0,-0,-0,-0,-0,0,0,0,0,0,0,0,0
31.9872800321414,-0,-0,-0,-0,-0,-0,-0,-0,-0,-0,-0,-0,0,0,0,0,0,0,0,0
31.9882764162314,-0,-0,-0,-0,-0,-0,-0,-0,-0,-0,-0,-0,0,0,0,0,0,0,0,0
31.9892728003214,-0,-0,-0,-0,-0,-0,-0,-0,-0,-0,-0,-0,0,0,0,0,0,0,0,0
31.9902691844114,-0,-0,-0,-0,-0,-0,-0,-0,-0,-0,-0,-0,0,0,0,0,0,0,0,0
31.9912655685014,-0,-0,-0,-0,-0,-0,-0,-0,-0,-0,-0,-0,0,0,0,0,0,0,0,0
31.9922619525914,-0,-0,-0,-0,-0,-0,-0,-0,-0,-0,-0,-0,0,0,0,0,0,0,0,0
31.9932583366814,-0,-0,-0,-0,-0,-0,-0,-0,-0,-0,-0,-0,0,0,0,0,0,0,0,0
31.9942547207714,-0,-0,-0,-0,-0,-0,-0,-0,-0,-0,-0,-0,0,0,0,0,0,0,0,0
31.9952511048614,-0,-0,-0,-0,-0,-0,-0,-0,-0,-0,-0,-0,0,0,0,0,0,0,0,0
31.9962474889514,-0,-0,-0,-0,-0,-0,-0,-0,-0,-0,-0,-0,0,0,0,0,0,0,0,0
31.9972438730414,-0,-0,-0,-0,-0,-0,-0,-0,-0,-0,-0,-0,0,0,0,0,0,0,0,0
31.9982402571314,-0,-0,-0,-0,-0,-0,-0,-0,-0,-0,-0,-0,0,0,0,0,0,0,0,0
31.9992366412214,-0,-0,-0,-0,-0,-0,-0,-0,-0,-0,-0,-0,0,0,0,0,0,0,0,0
32.0002330253114,-0,-0,-0,-0,-0,-0,-0,-0,-0,-0,-0,-0,0,0,0,0,0,0,0,0
32.0012294094014,-0,-0,-0,-0,-0,-0,-0,-0,-0,-0,-0,-0,0,0,0,0,0,0,0,0
32.0022257934914,-0,-0,-0,-0,-0,-0,-0,-0,-0,-0,-0,-0,0,0,0,0,0,0,0,0
32.0032221775814,-0,-0,-0,-0,-0,-0,-0,-0,-0,-0,-0,-0,0,0,0,0,0,0,0,0
32.0042185616714,-0,-0,-0,-0,-0,-0,-0,-0,-0,-0,-0,-0,0,0,0,0,0,0,0,0
32.0052149457614,-0,-0,-0,-0,-0,-0,-0,-0,-0,-0,-0,-0,0,0,0,0,0,0,0,0
32.0062113298513,-0,-0,-0,-0,-0,-0,-0,-0,-0,-0,-0,-0,0,0,0,0,0,0,0,0
32.0072077139413,-0,-0,-0,-0,-0,-0,-0,-0,-0,-0,-0,-0,0,0,0,0,0,0,0,0
32.0082040980313,-0,-0,-0,-0,-0,-0,-0,-0,-0,-0,-0,-0,0,0,0,0,0,0,0,0
32.0092004821213,-0,-0,-0,-0,-0,-0,-0,-0,-0,-0,-0,-0,0,0,0,0,0,0,0,0
32.0101968662113,-0,-0,-0,-0,-0,-0,-0,-0,-0,-0,-0,-0,0,0,0,0,0,0,0,0
32.0111932503013,-0,-0,-0,-0,-0,-0,-0,-0,-0,-0,-0,-0,0,0,0,0,0,0,0,0
32.0121896343913,-0,-0,-0,-0,-0,-0,-0,-0,-0,-0,-0,-0,0,0,0,0,0,0,0,0
32.0131860184813,-0,-0,-0,-0,-0,-0,-0,-0,-0,-0,-0,-0,0,0,0,0,0,0,0,0
32.0141824025713,-0,-0,-0,-0,-0,-0,-0,-0,-0,-0,-0,-0,0,0,0,0,0,0,0,0
32.0151787866613,-0,-0,-0,-0,-0,-0,-0,-0,-0,-0,-0,-0,0,0,0,0,0,0,0,0
32.0161751707513,-0,-0,-0,-0,-0,-0,-0,-0,-0,-0,-0,-0,0,0,0,0,0,0,0,0
32.0171715548413,-0,-0,-0,-0,-0,-0,-0,-0,-0,-0,-0,-0,0,0,0,0,0,0,0,0
32.0181679389313,-0,-0,-0,-0,-0,-0,-0,-0,-0,-0,-0,-0,0,0,0,0,0,0,0,0
32.0191643230213,-0,-0,-0,-0,-0,-0,-0,-0,-0,-0,-0,-0,0,0,0,0,0,0,0,0
32.0201607071113,-0,-0,-0,-0,-0,-0,-0,-0,-0,-0,-0,-0,0,0,0,0,0,0,0,0
32.0211570912013,-0,-0,-0,-0,-0,-0,-0,-0,-0,-0,-0,-0,0,0,0,0,0,0,0,0
32.0221534752913,-0,-0,-0,-0,-0,-0,-0,-0,-0,-0,-0,-0,0,0,0,0,0,0,0,0
32.0231498593813,-0,-0,-0,-0,-0,-0,-0,-0,-0,-0,-0,-0,0,0,0,0,0,0,0,0
32.0241462434713,-0,-0,-0,-0,-0,-0,-0,-0,-0,-0,-0,-0,0,0,0,0,0,0,0,0
32.0251426275613,-0,-0,-0,-0,-0,-0,-0,-0,-0,-0,-0,-0,0,0,0,0,0,0,0,0
32.0261390116513,-0,-0,-0,-0,-0,-0,-0,-0,-0,-0,-0,-0,0,0,0,0,0,0,0,0
32.0271353957413,-0,-0,-0,-0,-0,-0,-0,-0,-0,-0,-0,-0,0,0,0,0,0,0,0,0
32.0281317798313,-0,-0,-0,-0,-0,-0,-0,-0,-0,-0,-0,-0,0,0,0,0,0,0,0,0
32.0291281639213,-0,-0,-0,-0,-0,-0,-0,-0,-0,-0,-0,-0,0,0,0,0,0,0,0,0
32.0301245480113,-0,-0,-0,-0,-0,-0,-0,-0,-0,-0,-0,-0,0,0,0,0,0,0,0,0
32.0311209321012,-0,-0,-0,-0,-0,-0,-0,-0,-0,-0,-0,-0,0,0,0,0,0,0,0,0
32.0321173161912,-0,-0,-0,-0,-0,-0,-0,-0,-0,-0,-0,-0,0,0,0,0,0,0,0,0
32.0331137002812,-0,-0,-0,-0,-0,-0,-0,-0,-0,-0,-0,-0,0,0,0,0,0,0,0,0
32.0341100843712,-0,-0,-0,-0,-0,-0,-0,-0,-0,-0,-0,-0,0,0,0,0,0,0,0,0
32.0351064684612,-0,-0,-0,-0,-0,-0,-0,-0,-0,-0,-0,-0,0,0,0,0,0,0,0,0
32.0361028525512,-0,-0,-0,-0,-0,-0,-0,-0,-0,-0,-0,-0,0,0,0,0,0,0,0,0
32.0370992366412,-0,-0,-0,-0,-0,-0,-0,-0,-0,-0,-0,-0,0,0,0,0,0,0,0,0
32.0380956207312,-0,-0,-0,-0,-0,-0,-0,-0,-0,-0,-0,-0,0,0,0,0,0,0,0,0
32.0390920048212,-0,-0,-0,-0,-0,-0,-0,-0,-0,-0,-0,-0,0,0,0,0,0,0,0,0
32.0400883889112,-0,-0,-0,-0,-0,-0,-0,-0,-0,-0,-0,-0,0,0,0,0,0,0,0,0
32.0410847730012,-0,-0,-0,-0,-0,-0,-0,-0,-0,-0,-0,-0,0,0,0,0,0,0,0,0
32.0420811570912,-0,-0,-0,-0,-0,-0,-0,-0,-0,-0,-0,-0,0,0,0,0,0,0,0,0
32.0430775411812,-0,-0,-0,-0,-0,-0,-0,-0,-0,-0,-0,-0,0,0,0,0,0,0,0,0
32.0440739252712,-0,-0,-0,-0,-0,-0,-0,-0,-0,-0,-0,-0,0,0,0,0,0,0,0,0
32.0450703093612,-0,-0,-0,-0,-0,-0,-0,-0,-0,-0,-0,-0,0,0,0,0,0,0,0,0
32.0460666934512,-0,-0,-0,-0,-0,-0,-0,-0,-0,-0,-0,-0,0,0,0,0,0,0,0,0
32.0470630775412,-0,-0,-0,-0,-0,-0,-0,-0,-0,-0,-0,-0,0,0,0,0,0,0,0,0
32.0480594616312,-0,-0,-0,-0,-0,-0,-0,-0,-0,-0,-0,-0,0,0,0,0,0,0,0,0
32.0490558457212,-0,-0,-0,-0,-0,-0,-0,-0,-0,-0,-0,-0,0,0,0,0,0,0,0,0
32.0500522298112,-0,-0,-0,-0,-0,-0,-0,-0,-0,-0,-0,-0,0,0,0,0,0,0,0,0
32.0510486139012,-0,-0,-0,-0,-0,-0,-0,-0,-0,-0,-0,-0,0,0,0,0,0,0,0,0
32.0520449979912,-0,-0,-0,-0,-0,-0,-0,-0,-0,-0,-0,-0,0,0,0,0,0,0,0,0
32.0530413820812,-0,-0,-0,-0,-0,-0,-0,-0,-0,-0,-0,-0,0,0,0,0,0,0,0,0
32.0540377661712,-0,-0,-0,-0,-0,-0,-0,-0,-0,-0,-0,-0,0,0,0,0,0,0,0,0
32.0550341502612,-0,-0,-0,-0,-0,-0,-0,-0,-0,-0,-0,-0,0,0,0,0,0,0,0,0
32.0560305343512,-0,-0,-0,-0,-0,-0,-0,-0,-0,-0,-0,-0,0,0,0,0,0,0,0,0
32.0570269184411,-0,-0,-0,-0,-0,-0,-0,-0,-0,-0,-0,-0,0,0,0,0,0,0,0,0
32.0580233025311,-0,-0,-0,-0,-0,-0,-0,-0,-0,-0,-0,-0,0,0,0,0,0,0,0,0
32.0590196866211,-0,-0,-0,-0,-0,-0,-0,-0,-0,-0,-0,-0,0,0,0,0,0,0,0,0
32.0600160707111,-0,-0,-0,-0,-0,-0,-0,-0,-0,-0,-0,-0,0,0,0,0,0,0,0,0
32.0610124548011,-0,-0,-0,-0,-0,-0,-0,-0,-0,-0,-0,-0,0,0,0,0,0,0,0,0
32.0620088388911,-0,-0,-0,-0,-0,-0,-0,-0,-0,-0,-0,-0,0,0,0,0,0,0,0,0
32.0630052229811,-0,-0,-0,-0,-0,-0,-0,-0,-0,-0,-0,-0,0,0,0,0,0,0,0,0
32.0640016070711,-0,-0,-0,-0,-0,-0,-0,-0,-0,-0,-0,-0,0,0,0,0,0,0,0,0
32.0649979911611,-0,-0,-0,-0,-0,-0,-0,-0,-0,-0,-0,-0,0,0,0,0,0,0,0,0
32.0659943752511,-0,-0,-0,-0,-0,-0,-0,-0,-0,-0,-0,-0,0,0,0,0,0,0,0,0
32.0669907593411,-0,-0,-0,-0,-0,-0,-0,-0,-0,-0,-0,-0,0,0,0,0,0,0,0,0
32.0679871434311,-0,-0,-0,-0,-0,-0,-0,-0,-0,-0,-0,-0,0,0,0,0,0,0,0,0
32.0689835275211,-0,-0,-0,-0,-0,-0,-0,-0,-0,-0,-0,-0,0,0,0,0,0,0,0,0
32.0699799116111,-0,-0,-0,-0,-0,-0,-0,-0,-0,-0,-0,-0,0,0,0,0,0,0,0,0
32.0709762957011,-0,-0,-0,-0,-0,-0,-0,-0,-0,-0,-0,-0,0,0,0,0,0,0,0,0
32.0719726797911,-0,-0,-0,-0,-0,-0,-0,-0,-0,-0,-0,-0,0,0,0,0,0,0,0,0
32.0729690638811,-0,-0,-0,-0,-0,-0,-0,-0,-0,-0,-0,-0,0,0,0,0,0,0,0,0
32.0739654479711,-0,-0,-0,-0,-0,-0,-0,-0,-0,-0,-0,-0,0,0,0,0,0,0,0,0
32.0749618320611,-0,-0,-0,-0,-0,-0,-0,-0,-0,-0,-0,-0,0,0,0,0,0,0,0,0
32.0759582161511,-0,-0,-0,-0,-0,-0,-0,-0,-0,-0,-0,-0,0,0,0,0,0,0,0,0
32.0769546002411,-0,-0,-0,-0,-0,-0,-0,-0,-0,-0,-0,-0,0,0,0,0,0,0,0,0
32.0779509843311,-0,-0,-0,-0,-0,-0,-0,-0,-0,-0,-0,-0,0,0,0,0,0,0,0,0
32.0789473684211,-0,-0,-0,-0,-0,-0,-0,-0,-0,-0,-0,-0,0,0,0,0,0,0,0,0
32.079943752511,-0,-0,-0,-0,-0,-0,-0,-0,-0,-0,-0,-0,0,0,0,0,0,0,0,0
32.0809401366011,-0,-0,-0,-0,-0,-0,-0,-0,-0,-0,-0,-0,0,0,0,0,0,0,0,0
32.081936520691,-0,-0,-0,-0,-0,-0,-0,-0,-0,-0,-0,-0,0,0,0,0,0,0,0,0
32.082932904781,-0,-0,-0,-0,-0,-0,-0,-0,-0,-0,-0,-0,0,0,0,0,0,0,0,0
32.083929288871,-0,-0,-0,-0,-0,-0,-0,-0,-0,-0,-0,-0,0,0,0,0,0,0,0,0
32.084925672961,-0,-0,-0,-0,-0,-0,-0,-0,-0,-0,-0,-0,0,0,0,0,0,0,0,0
32.085922057051,-0,-0,-0,-0,-0,-0,-0,-0,-0,-0,-0,-0,0,0,0,0,0,0,0,0
32.086918441141,-0,-0,-0,-0,-0,-0,-0,-0,-0,-0,-0,-0,0,0,0,0,0,0,0,0
32.087914825231,-0,-0,-0,-0,-0,-0,-0,-0,-0,-0,-0,-0,0,0,0,0,0,0,0,0
32.088911209321,-0,-0,-0,-0,-0,-0,-0,-0,-0,-0,-0,-0,0,0,0,0,0,0,0,0
32.089907593411,-0,-0,-0,-0,-0,-0,-0,-0,-0,-0,-0,-0,0,0,0,0,0,0,0,0
32.090903977501,-0,-0,-0,-0,-0,-0,-0,-0,-0,-0,-0,-0,0,0,0,0,0,0,0,0
32.091900361591,-0,-0,-0,-0,-0,-0,-0,-0,-0,-0,-0,-0,0,0,0,0,0,0,0,0
32.092896745681,-0,-0,-0,-0,-0,-0,-0,-0,-0,-0,-0,-0,0,0,0,0,0,0,0,0
32.093893129771,-0,-0,-0,-0,-0,-0,-0,-0,-0,-0,-0,-0,0,0,0,0,0,0,0,0
32.094889513861,-0,-0,-0,-0,-0,-0,-0,-0,-0,-0,-0,-0,0,0,0,0,0,0,0,0
32.095885897951,-0,-0,-0,-0,-0,-0,-0,-0,-0,-0,-0,-0,0,0,0,0,0,0,0,0
32.096882282041,-0,-0,-0,-0,-0,-0,-0,-0,-0,-0,-0,-0,0,0,0,0,0,0,0,0
32.097878666131,-0,-0,-0,-0,-0,-0,-0,-0,-0,-0,-0,-0,0,0,0,0,0,0,0,0
32.098875050221,-0,-0,-0,-0,-0,-0,-0,-0,-0,-0,-0,-0,0,0,0,0,0,0,0,0
32.099871434311,-0,-0,-0,-0,-0,-0,-0,-0,-0,-0,-0,-0,0,0,0,0,0,0,0,0
32.100867818401,-0,-0,-0,-0,-0,-0,-0,-0,-0,-0,-0,-0,0,0,0,0,0,0,0,0
32.101864202491,-0,-0,-0,-0,-0,-0,-0,-0,-0,-0,-0,-0,0,0,0,0,0,0,0,0
32.102860586581,-0,-0,-0,-0,-0,-0,-0,-0,-0,-0,-0,-0,0,0,0,0,0,0,0,0
32.103856970671,-0,-0,-0,-0,-0,-0,-0,-0,-0,-0,-0,-0,0,0,0,0,0,0,0,0
32.1048533547609,-0,-0,-0,-0,-0,-0,-0,-0,-0,-0,-0,-0,0,0,0,0,0,0,0,0
32.1058497388509,-0,-0,-0,-0,-0,-0,-0,-0,-0,-0,-0,-0,0,0,0,0,0,0,0,0
32.1068461229409,-0,-0,-0,-0,-0,-0,-0,-0,-0,-0,-0,-0,0,0,0,0,0,0,0,0
32.1078425070309,-0,-0,-0,-0,-0,-0,-0,-0,-0,-0,-0,-0,0,0,0,0,0,0,0,0
32.1088388911209,-0,-0,-0,-0,-0,-0,-0,-0,-0,-0,-0,-0,0,0,0,0,0,0,0,0
32.1098352752109,-0,-0,-0,-0,-0,-0,-0,-0,-0,-0,-0,-0,0,0,0,0,0,0,0,0
32.1108316593009,-0,-0,-0,-0,-0,-0,-0,-0,-0,-0,-0,-0,0,0,0,0,0,0,0,0
32.1118280433909,-0,-0,-0,-0,-0,-0,-0,-0,-0,-0,-0,-0,0,0,0,0,0,0,0,0
32.1128244274809,-0,-0,-0,-0,-0,-0,-0,-0,-0,-0,-0,-0,0,0,0,0,0,0,0,0
32.1138208115709,-0,-0,-0,-0,-0,-0,-0,-0,-0,-0,-0,-0,0,0,0,0,0,0,0,0
32.1148171956609,-0,-0,-0,-0,-0,-0,-0,-0,-0,-0,-0,-0,0,0,0,0,0,0,0,0
32.1158135797509,-0,-0,-0,-0,-0,-0,-0,-0,-0,-0,-0,-0,0,0,0,0,0,0,0,0
32.1168099638409,-0,-0,-0,-0,-0,-0,-0,-0,-0,-0,-0,-0,0,0,0,0,0,0,0,0
32.1178063479309,-0,-0,-0,-0,-0,-0,-0,-0,-0,-0,-0,-0,0,0,0,0,0,0,0,0
32.1188027320209,-0,-0,-0,-0,-0,-0,-0,-0,-0,-0,-0,-0,0,0,0,0,0,0,0,0
32.1197991161109,-0,-0,-0,-0,-0,-0,-0,-0,-0,-0,-0,-0,0,0,0,0,0,0,0,0
32.1207955002009,-0,-0,-0,-0,-0,-0,-0,-0,-0,-0,-0,-0,0,0,0,0,0,0,0,0
32.1217918842909,-0,-0,-0,-0,-0,-0,-0,-0,-0,-0,-0,-0,0,0,0,0,0,0,0,0
32.1227882683809,-0,-0,-0,-0,-0,-0,-0,-0,-0,-0,-0,-0,0,0,0,0,0,0,0,0
32.1237846524709,-0,-0,-0,-0,-0,-0,-0,-0,-0,-0,-0,-0,0,0,0,0,0,0,0,0
32.1247810365609,-0,-0,-0,-0,-0,-0,-0,-0,-0,-0,-0,-0,0,0,0,0,0,0,0,0
32.1257774206509,-0,-0,-0,-0,-0,-0,-0,-0,-0,-0,-0,-0,0,0,0,0,0,0,0,0
32.1267738047409,-0,-0,-0,-0,-0,-0,-0,-0,-0,-0,-0,-0,0,0,0,0,0,0,0,0
32.1277701888309,-0,-0,-0,-0,-0,-0,-0,-0,-0,-0,-0,-0,0,0,0,0,0,0,0,0
32.1287665729209,-0,-0,-0,-0,-0,-0,-0,-0,-0,-0,-0,-0,0,0,0,0,0,0,0,0
32.1297629570109,-0,-0,-0,-0,-0,-0,-0,-0,-0,-0,-0,-0,0,0,0,0,0,0,0,0
32.1307593411008,-0,-0,-0,-0,-0,-0,-0,-0,-0,-0,-0,-0,0,0,0,0,0,0,0,0
32.1317557251908,-0,-0,-0,-0,-0,-0,-0,-0,-0,-0,-0,-0,0,0,0,0,0,0,0,0
32.1327521092808,-0,-0,-0,-0,-0,-0,-0,-0,-0,-0,-0,-0,0,0,0,0,0,0,0,0
32.1337484933708,-0,-0,-0,-0,-0,-0,-0,-0,-0,-0,-0,-0,0,0,0,0,0,0,0,0
32.1347448774608,-0,-0,-0,-0,-0,-0,-0,-0,-0,-0,-0,-0,0,0,0,0,0,0,0,0
32.1357412615508,-0,-0,-0,-0,-0,-0,-0,-0,-0,-0,-0,-0,0,0,0,0,0,0,0,0
32.1367376456408,-0,-0,-0,-0,-0,-0,-0,-0,-0,-0,-0,-0,0,0,0,0,0,0,0,0
32.1377340297308,-0,-0,-0,-0,-0,-0,-0,-0,-0,-0,-0,-0,0,0,0,0,0,0,0,0
32.1387304138208,-0,-0,-0,-0,-0,-0,-0,-0,-0,-0,-0,-0,0,0,0,0,0,0,0,0
32.1397267979108,-0,-0,-0,-0,-0,-0,-0,-0,-0,-0,-0,-0,0,0,0,0,0,0,0,0
32.1407231820008,-0,-0,-0,-0,-0,-0,-0,-0,-0,-0,-0,-0,0,0,0,0,0,0,0,0
32.1417195660908,-0,-0,-0,-0,-0,-0,-0,-0,-0,-0,-0,-0,0,0,0,0,0,0,0,0
32.1427159501808,-0,-0,-0,-0,-0,-0,-0,-0,-0,-0,-0,-0,0,0,0,0,0,0,0,0
32.1437123342708,-0,-0,-0,-0,-0,-0,-0,-0,-0,-0,-0,-0,0,0,0,0,0,0,0,0
32.1447087183608,-0,-0,-0,-0,-0,-0,-0,-0,-0,-0,-0,-0,0,0,0,0,0,0,0,0
32.1457051024508,-0,-0,-0,-0,-0,-0,-0,-0,-0,-0,-0,-0,0,0,0,0,0,0,0,0
32.1467014865408,-0,-0,-0,-0,-0,-0,-0,-0,-0,-0,-0,-0,0,0,0,0,0,0,0,0
32.1476978706308,-0,-0,-0,-0,-0,-0,-0,-0,-0,-0,-0,-0,0,0,0,0,0,0,0,0
32.1486942547208,-0,-0,-0,-0,-0,-0,-0,-0,-0,-0,-0,-0,0,0,0,0,0,0,0,0
32.1496906388108,-0,-0,-0,-0,-0,-0,-0,-0,-0,-0,-0,-0,0,0,0,0,0,0,0,0
32.1506870229008,-0,-0,-0,-0,-0,-0,-0,-0,-0,-0,-0,-0,0,0,0,0,0,0,0,0
32.1516834069908,-0,-0,-0,-0,-0,-0,-0,-0,-0,-0,-0,-0,0,0,0,0,0,0,0,0
32.1526797910808,-0,-0,-0,-0,-0,-0,-0,-0,-0,-0,-0,-0,0,0,0,0,0,0,0,0
32.1536761751708,-0,-0,-0,-0,-0,-0,-0,-0,-0,-0,-0,-0,0,0,0,0,0,0,0,0
32.1546725592608,-0,-0,-0,-0,-0,-0,-0,-0,-0,-0,-0,-0,0,0,0,0,0,0,0,0
32.1556689433507,-0,-0,-0,-0,-0,-0,-0,-0,-0,-0,-0,-0,0,0,0,0,0,0,0,0
32.1566653274407,-0,-0,-0,-0,-0,-0,-0,-0,-0,-0,-0,-0,0,0,0,0,0,0,0,0
32.1576617115307,-0,-0,-0,-0,-0,-0,-0,-0,-0,-0,-0,-0,0,0,0,0,0,0,0,0
32.1586580956207,-0,-0,-0,-0,-0,-0,-0,-0,-0,-0,-0,-0,0,0,0,0,0,0,0,0
32.1596544797107,-0,-0,-0,-0,-0,-0,-0,-0,-0,-0,-0,-0,0,0,0,0,0,0,0,0
32.1606508638007,-0,-0,-0,-0,-0,-0,-0,-0,-0,-0,-0,-0,0,0,0,0,0,0,0,0
32.1616472478907,-0,-0,-0,-0,-0,-0,-0,-0,-0,-0,-0,-0,0,0,0,0,0,0,0,0
32.1626436319807,-0,-0,-0,-0,-0,-0,-0,-0,-0,-0,-0,-0,0,0,0,0,0,0,0,0
32.1636400160707,-0,-0,-0,-0,-0,-0,-0,-0,-0,-0,-0,-0,0,0,0,0,0,0,0,0
32.1646364001607,-0,-0,-0,-0,-0,-0,-0,-0,-0,-0,-0,-0,0,0,0,0,0,0,0,0
32.1656327842507,-0,-0,-0,-0,-0,-0,-0,-0,-0,-0,-0,-0,0,0,0,0,0,0,0,0
32.1666291683407,-0,-0,-0,-0,-0,-0,-0,-0,-0,-0,-0,-0,0,0,0,0,0,0,0,0
32.1676255524307,-0,-0,-0,-0,-0,-0,-0,-0,-0,-0,-0,-0,0,0,0,0,0,0,0,0
32.1686219365207,-0,-0,-0,-0,-0,-0,-0,-0,-0,-0,-0,-0,0,0,0,0,0,0,0,0
32.1696183206107,-0,-0,-0,-0,-0,-0,-0,-0,-0,-0,-0,-0,0,0,0,0,0,0,0,0
32.1706147047007,-0,-0,-0,-0,-0,-0,-0,-0,-0,-0,-0,-0,0,0,0,0,0,0,0,0
32.1716110887907,-0,-0,-0,-0,-0,-0,-0,-0,-0,-0,-0,-0,0,0,0,0,0,0,0,0
32.1726074728807,-0,-0,-0,-0,-0,-0,-0,-0,-0,-0,-0,-0,0,0,0,0,0,0,0,0
32.1736038569707,-0,-0,-0,-0,-0,-0,-0,-0,-0,-0,-0,-0,0,0,0,0,0,0,0,0
32.1746002410607,-0,-0,-0,-0,-0,-0,-0,-0,-0,-0,-0,-0,0,0,0,0,0,0,0,0
32.1755966251507,-0,-0,-0,-0,-0,-0,-0,-0,-0,-0,-0,-0,0,0,0,0,0,0,0,0
32.1765930092407,-0,-0,-0,-0,-0,-0,-0,-0,-0,-0,-0,-0,0,0,0,0,0,0,0,0
32.1775893933307,-0,-0,-0,-0,-0,-0,-0,-0,-0,-0,-0,-0,0,0,0,0,0,0,0,0
32.1785857774207,-0,-0,-0,-0,-0,-0,-0,-0,-0,-0,-0,-0,0,0,0,0,0,0,0,0
32.1795821615107,-0,-0,-0,-0,-0,-0,-0,-0,-0,-0,-0,-0,0,0,0,0,0,0,0,0
32.1805785456006,-0,-0,-0,-0,-0,-0,-0,-0,-0,-0,-0,-0,0,0,0,0,0,0,0,0
32.1815749296906,-0,-0,-0,-0,-0,-0,-0,-0,-0,-0,-0,-0,0,0,0,0,0,0,0,0
32.1825713137806,-0,-0,-0,-0,-0,-0,-0,-0,-0,-0,-0,-0,0,0,0,0,0,0,0,0
32.1835676978706,-0,-0,-0,-0,-0,-0,-0,-0,-0,-0,-0,-0,0,0,0,0,0,0,0,0
32.1845640819606,-0,-0,-0,-0,-0,-0,-0,-0,-0,-0,-0,-0,0,0,0,0,0,0,0,0
32.1855604660506,-0,-0,-0,-0,-0,-0,-0,-0,-0,-0,-0,-0,0,0,0,0,0,0,0,0
32.1865568501406,-0,-0,-0,-0,-0,-0,-0,-0,-0,-0,-0,-0,0,0,0,0,0,0,0,0
32.1875532342306,-0,-0,-0,-0,-0,-0,-0,-0,-0,-0,-0,-0,0,0,0,0,0,0,0,0
32.1885496183206,-0,-0,-0,-0,-0,-0,-0,-0,-0,-0,-0,-0,0,0,0,0,0,0,0,0
32.1895460024106,-0,-0,-0,-0,-0,-0,-0,-0,-0,-0,-0,-0,0,0,0,0,0,0,0,0
32.1905423865006,-0,-0,-0,-0,-0,-0,-0,-0,-0,-0,-0,-0,0,0,0,0,0,0,0,0
32.1915387705906,-0,-0,-0,-0,-0,-0,-0,-0,-0,-0,-0,-0,0,0,0,0,0,0,0,0
32.1925351546806,-0,-0,-0,-0,-0,-0,-0,-0,-0,-0,-0,-0,0,0,0,0,0,0,0,0
32.1935315387706,-0,-0,-0,-0,-0,-0,-0,-0,-0,-0,-0,-0,0,0,0,0,0,0,0,0
32.1945279228606,-0,-0,-0,-0,-0,-0,-0,-0,-0,-0,-0,-0,0,0,0,0,0,0,0,0
32.1955243069506,-0,-0,-0,-0,-0,-0,-0,-0,-0,-0,-0,-0,0,0,0,0,0,0,0,0
32.1965206910406,-0,-0,-0,-0,-0,-0,-0,-0,-0,-0,-0,-0,0,0,0,0,0,0,0,0
32.1975170751306,-0,-0,-0,-0,-0,-0,-0,-0,-0,-0,-0,-0,0,0,0,0,0,0,0,0
32.1985134592206,-0,-0,-0,-0,-0,-0,-0,-0,-0,-0,-0,-0,0,0,0,0,0,0,0,0
32.1995098433106,-0,-0,-0,-0,-0,-0,-0,-0,-0,-0,-0,-0,0,0,0,0,0,0,0,0
32.2005062274006,-0,-0,-0,-0,-0,-0,-0,-0,-0,-0,-0,-0,0,0,0,0,0,0,0,0
32.2015026114906,-0,-0,-0,-0,-0,-0,-0,-0,-0,-0,-0,-0,0,0,0,0,0,0,0,0
32.2024989955806,-0,-0,-0,-0,-0,-0,-0,-0,-0,-0,-0,-0,0,0,0,0,0,0,0,0
32.2034953796706,-0,-0,-0,-0,-0,-0,-0,-0,-0,-0,-0,-0,0,0,0,0,0,0,0,0
32.2044917637606,-0,-0,-0,-0,-0,-0,-0,-0,-0,-0,-0,-0,0,0,0,0,0,0,0,0
32.2054881478505,-0,-0,-0,-0,-0,-0,-0,-0,-0,-0,-0,-0,0,0,0,0,0,0,0,0
32.2064845319405,-0,-0,-0,-0,-0,-0,-0,-0,-0,-0,-0,-0,0,0,0,0,0,0,0,0
32.2074809160305,-0,-0,-0,-0,-0,-0,-0,-0,-0,-0,-0,-0,0,0,0,0,0,0,0,0
32.2084773001205,-0,-0,-0,-0,-0,-0,-0,-0,-0,-0,-0,-0,0,0,0,0,0,0,0,0
32.2094736842105,-0,-0,-0,-0,-0,-0,-0,-0,-0,-0,-0,-0,0,0,0,0,0,0,0,0
32.2104700683005,-0,-0,-0,-0,-0,-0,-0,-0,-0,-0,-0,-0,0,0,0,0,0,0,0,0
32.2114664523905,-0,-0,-0,-0,-0,-0,-0,-0,-0,-0,-0,-0,0,0,0,0,0,0,0,0
32.2124628364805,-0,-0,-0,-0,-0,-0,-0,-0,-0,-0,-0,-0,0,0,0,0,0,0,0,0
32.2134592205705,-0,-0,-0,-0,-0,-0,-0,-0,-0,-0,-0,-0,0,0,0,0,0,0,0,0
32.2144556046605,-0,-0,-0,-0,-0,-0,-0,-0,-0,-0,-0,-0,0,0,0,0,0,0,0,0
32.2154519887505,-0,-0,-0,-0,-0,-0,-0,-0,-0,-0,-0,-0,0,0,0,0,0,0,0,0
32.2164483728405,-0,-0,-0,-0,-0,-0,-0,-0,-0,-0,-0,-0,0,0,0,0,0,0,0,0
32.2174447569305,-0,-0,-0,-0,-0,-0,-0,-0,-0,-0,-0,-0,0,0,0,0,0,0,0,0
32.2184411410205,-0,-0,-0,-0,-0,-0,-0,-0,-0,-0,-0,-0,0,0,0,0,0,0,0,0
32.2194375251105,-0,-0,-0,-0,-0,-0,-0,-0,-0,-0,-0,-0,0,0,0,0,0,0,0,0
32.2204339092005,-0,-0,-0,-0,-0,-0,-0,-0,-0,-0,-0,-0,0,0,0,0,0,0,0,0
32.2214302932905,-0,-0,-0,-0,-0,-0,-0,-0,-0,-0,-0,-0,0,0,0,0,0,0,0,0
32.2224266773805,-0,-0,-0,-0,-0,-0,-0,-0,-0,-0,-0,-0,0,0,0,0,0,0,0,0
32.2234230614705,-0,-0,-0,-0,-0,-0,-0,-0,-0,-0,-0,-0,0,0,0,0,0,0,0,0
32.2244194455605,-0,-0,-0,-0,-0,-0,-0,-0,-0,-0,-0,-0,0,0,0,0,0,0,0,0
32.2254158296505,-0,-0,-0,-0,-0,-0,-0,-0,-0,-0,-0,-0,0,0,0,0,0,0,0,0
32.2264122137405,-0,-0,-0,-0,-0,-0,-0,-0,-0,-0,-0,-0,0,0,0,0,0,0,0,0
32.2274085978305,-0,-0,-0,-0,-0,-0,-0,-0,-0,-0,-0,-0,0,0,0,0,0,0,0,0
32.2284049819205,-0,-0,-0,-0,-0,-0,-0,-0,-0,-0,-0,-0,0,0,0,0,0,0,0,0
32.2294013660104,-0,-0,-0,-0,-0,-0,-0,-0,-0,-0,-0,-0,0,0,0,0,0,0,0,0
32.2303977501004,-0,-0,-0,-0,-0,-0,-0,-0,-0,-0,-0,-0,0,0,0,0,0,0,0,0
32.2313941341904,-0,-0,-0,-0,-0,-0,-0,-0,-0,-0,-0,-0,0,0,0,0,0,0,0,0
32.2323905182804,-0,-0,-0,-0,-0,-0,-0,-0,-0,-0,-0,-0,0,0,0,0,0,0,0,0
32.2333869023704,-0,-0,-0,-0,-0,-0,-0,-0,-0,-0,-0,-0,0,0,0,0,0,0,0,0
32.2343832864604,-0,-0,-0,-0,-0,-0,-0,-0,-0,-0,-0,-0,0,0,0,0,0,0,0,0
32.2353796705504,-0,-0,-0,-0,-0,-0,-0,-0,-0,-0,-0,-0,0,0,0,0,0,0,0,0
32.2363760546404,-0,-0,-0,-0,-0,-0,-0,-0,-0,-0,-0,-0,0,0,0,0,0,0,0,0
32.2373724387304,-0,-0,-0,-0,-0,-0,-0,-0,-0,-0,-0,-0,0,0,0,0,0,0,0,0
32.2383688228204,-0,-0,-0,-0,-0,-0,-0,-0,-0,-0,-0,-0,0,0,0,0,0,0,0,0
32.2393652069104,-0,-0,-0,-0,-0,-0,-0,-0,-0,-0,-0,-0,0,0,0,0,0,0,0,0
32.2403615910004,-0,-0,-0,-0,-0,-0,-0,-0,-0,-0,-0,-0,0,0,0,0,0,0,0,0
32.2413579750904,-0,-0,-0,-0,-0,-0,-0,-0,-0,-0,-0,-0,0,0,0,0,0,0,0,0
32.2423543591804,-0,-0,-0,-0,-0,-0,-0,-0,-0,-0,-0,-0,0,0,0,0,0,0,0,0
32.2433507432704,-0,-0,-0,-0,-0,-0,-0,-0,-0,-0,-0,-0,0,0,0,0,0,0,0,0
32.2443471273604,-0,-0,-0,-0,-0,-0,-0,-0,-0,-0,-0,-0,0,0,0,0,0,0,0,0
32.2453435114504,-0,-0,-0,-0,-0,-0,-0,-0,-0,-0,-0,-0,0,0,0,0,0,0,0,0
32.2463398955404,-0,-0,-0,-0,-0,-0,-0,-0,-0,-0,-0,-0,0,0,0,0,0,0,0,0
32.2473362796304,-0,-0,-0,-0,-0,-0,-0,-0,-0,-0,-0,-0,0,0,0,0,0,0,0,0
32.2483326637204,-0,-0,-0,-0,-0,-0,-0,-0,-0,-0,-0,-0,0,0,0,0,0,0,0,0
32.2493290478104,-0,-0,-0,-0,-0,-0,-0,-0,-0,-0,-0,-0,0,0,0,0,0,0,0,0
32.2503254319004,-0,-0,-0,-0,-0,-0,-0,-0,-0,-0,-0,-0,0,0,0,0,0,0,0,0
32.2513218159904,-0,-0,-0,-0,-0,-0,-0,-0,-0,-0,-0,-0,0,0,0,0,0,0,0,0
32.2523182000804,-0,-0,-0,-0,-0,-0,-0,-0,-0,-0,-0,-0,0,0,0,0,0,0,0,0
32.2533145841704,-0,-0,-0,-0,-0,-0,-0,-0,-0,-0,-0,-0,0,0,0,0,0,0,0,0
32.2543109682603,-0,-0,-0,-0,-0,-0,-0,-0,-0,-0,-0,-0,0,0,0,0,0,0,0,0
32.2553073523503,-0,-0,-0,-0,-0,-0,-0,-0,-0,-0,-0,-0,0,0,0,0,0,0,0,0
32.2563037364403,-0,-0,-0,-0,-0,-0,-0,-0,-0,-0,-0,-0,0,0,0,0,0,0,0,0
32.2573001205303,-0,-0,-0,-0,-0,-0,-0,-0,-0,-0,-0,-0,0,0,0,0,0,0,0,0
32.2582965046203,-0,-0,-0,-0,-0,-0,-0,-0,-0,-0,-0,-0,0,0,0,0,0,0,0,0
32.2592928887103,-0,-0,-0,-0,-0,-0,-0,-0,-0,-0,-0,-0,0,0,0,0,0,0,0,0
32.2602892728003,-0,-0,-0,-0,-0,-0,-0,-0,-0,-0,-0,-0,0,0,0,0,0,0,0,0
32.2612856568903,-0,-0,-0,-0,-0,-0,-0,-0,-0,-0,-0,-0,0,0,0,0,0,0,0,0
32.2622820409803,-0,-0,-0,-0,-0,-0,-0,-0,-0,-0,-0,-0,0,0,0,0,0,0,0,0
32.2632784250703,-0,-0,-0,-0,-0,-0,-0,-0,-0,-0,-0,-0,0,0,0,0,0,0,0,0
32.2642748091603,-0,-0,-0,-0,-0,-0,-0,-0,-0,-0,-0,-0,0,0,0,0,0,0,0,0
32.2652711932503,-0,-0,-0,-0,-0,-0,-0,-0,-0,-0,-0,-0,0,0,0,0,0,0,0,0
32.2662675773403,-0,-0,-0,-0,-0,-0,-0,-0,-0,-0,-0,-0,0,0,0,0,0,0,0,0
32.2672639614303,-0,-0,-0,-0,-0,-0,-0,-0,-0,-0,-0,-0,0,0,0,0,0,0,0,0
32.2682603455203,-0,-0,-0,-0,-0,-0,-0,-0,-0,-0,-0,-0,0,0,0,0,0,0,0,0
32.2692567296103,-0,-0,-0,-0,-0,-0,-0,-0,-0,-0,-0,-0,0,0,0,0,0,0,0,0
32.2702531137003,-0,-0,-0,-0,-0,-0,-0,-0,-0,-0,-0,-0,0,0,0,0,0,0,0,0
32.2712494977903,-0,-0,-0,-0,-0,-0,-0,-0,-0,-0,-0,-0,0,0,0,0,0,0,0,0
32.2722458818803,-0,-0,-0,-0,-0,-0,-0,-0,-0,-0,-0,-0,0,0,0,0,0,0,0,0
32.2732422659703,-0,-0,-0,-0,-0,-0,-0,-0,-0,-0,-0,-0,0,0,0,0,0,0,0,0
32.2742386500603,-0,-0,-0,-0,-0,-0,-0,-0,-0,-0,-0,-0,0,0,0,0,0,0,0,0
32.2752350341503,-0,-0,-0,-0,-0,-0,-0,-0,-0,-0,-0,-0,0,0,0,0,0,0,0,0
32.2762314182403,-0,-0,-0,-0,-0,-0,-0,-0,-0,-0,-0,-0,0,0,0,0,0,0,0,0
32.2772278023303,-0,-0,-0,-0,-0,-0,-0,-0,-0,-0,-0,-0,0,0,0,0,0,0,0,0
32.2782241864203,-0,-0,-0,-0,-0,-0,-0,-0,-0,-0,-0,-0,0,0,0,0,0,0,0,0
32.2792205705102,-0,-0,-0,-0,-0,-0,-0,-0,-0,-0,-0,-0,0,0,0,0,0,0,0,0
32.2802169546002,-0,-0,-0,-0,-0,-0,-0,-0,-0,-0,-0,-0,0,0,0,0,0,0,0,0
32.2812133386902,-0,-0,-0,-0,-0,-0,-0,-0,-0,-0,-0,-0,0,0,0,0,0,0,0,0
32.2822097227802,-0,-0,-0,-0,-0,-0,-0,-0,-0,-0,-0,-0,0,0,0,0,0,0,0,0
32.2832061068702,-0,-0,-0,-0,-0,-0,-0,-0,-0,-0,-0,-0,0,0,0,0,0,0,0,0
32.2842024909602,-0,-0,-0,-0,-0,-0,-0,-0,-0,-0,-0,-0,0,0,0,0,0,0,0,0
32.2851988750502,-0,-0,-0,-0,-0,-0,-0,-0,-0,-0,-0,-0,0,0,0,0,0,0,0,0
32.2861952591402,-0,-0,-0,-0,-0,-0,-0,-0,-0,-0,-0,-0,0,0,0,0,0,0,0,0
32.2871916432302,-0,-0,-0,-0,-0,-0,-0,-0,-0,-0,-0,-0,0,0,0,0,0,0,0,0
32.2881880273202,-0,-0,-0,-0,-0,-0,-0,-0,-0,-0,-0,-0,0,0,0,0,0,0,0,0
32.2891844114102,-0,-0,-0,-0,-0,-0,-0,-0,-0,-0,-0,-0,0,0,0,0,0,0,0,0
32.2901807955002,-0,-0,-0,-0,-0,-0,-0,-0,-0,-0,-0,-0,0,0,0,0,0,0,0,0
32.2911771795902,-0,-0,-0,-0,-0,-0,-0,-0,-0,-0,-0,-0,0,0,0,0,0,0,0,0
32.2921735636802,-0,-0,-0,-0,-0,-0,-0,-0,-0,-0,-0,-0,0,0,0,0,0,0,0,0
32.2931699477702,-0,-0,-0,-0,-0,-0,-0,-0,-0,-0,-0,-0,0,0,0,0,0,0,0,0
32.2941663318602,-0,-0,-0,-0,-0,-0,-0,-0,-0,-0,-0,-0,0,0,0,0,0,0,0,0
32.2951627159502,-0,-0,-0,-0,-0,-0,-0,-0,-0,-0,-0,-0,0,0,0,0,0,0,0,0
32.2961591000402,-0,-0,-0,-0,-0,-0,-0,-0,-0,-0,-0,-0,0,0,0,0,0,0,0,0
32.2971554841302,-0,-0,-0,-0,-0,-0,-0,-0,-0,-0,-0,-0,0,0,0,0,0,0,0,0
32.2981518682202,-0,-0,-0,-0,-0,-0,-0,-0,-0,-0,-0,-0,0,0,0,0,0,0,0,0
32.2991482523102,-0,-0,-0,-0,-0,-0,-0,-0,-0,-0,-0,-0,0,0,0,0,0,0,0,0
32.3001446364002,-0,-0,-0,-0,-0,-0,-0,-0,-0,-0,-0,-0,0,0,0,0,0,0,0,0
32.3011410204902,-0,-0,-0,-0,-0,-0,-0,-0,-0,-0,-0,-0,0,0,0,0,0,0,0,0
32.3021374045802,-0,-0,-0,-0,-0,-0,-0,-0,-0,-0,-0,-0,0,0,0,0,0,0,0,0
32.3031337886702,-0,-0,-0,-0,-0,-0,-0,-0,-0,-0,-0,-0,0,0,0,0,0,0,0,0
32.3041301727601,-0,-0,-0,-0,-0,-0,-0,-0,-0,-0,-0,-0,0,0,0,0,0,0,0,0
32.3051265568501,-0,-0,-0,-0,-0,-0,-0,-0,-0,-0,-0,-0,0,0,0,0,0,0,0,0
32.3061229409401,-0,-0,-0,-0,-0,-0,-0,-0,-0,-0,-0,-0,0,0,0,0,0,0,0,0
32.3071193250301,-0,-0,-0,-0,-0,-0,-0,-0,-0,-0,-0,-0,0,0,0,0,0,0,0,0
32.3081157091201,-0,-0,-0,-0,-0,-0,-0,-0,-0,-0,-0,-0,0,0,0,0,0,0,0,0
32.3091120932101,-0,-0,-0,-0,-0,-0,-0,-0,-0,-0,-0,-0,0,0,0,0,0,0,0,0
32.3101084773001,-0,-0,-0,-0,-0,-0,-0,-0,-0,-0,-0,-0,0,0,0,0,0,0,0,0
32.3111048613901,-0,-0,-0,-0,-0,-0,-0,-0,-0,-0,-0,-0,0,0,0,0,0,0,0,0
32.3121012454801,-0,-0,-0,-0,-0,-0,-0,-0,-0,-0,-0,-0,0,0,0,0,0,0,0,0
32.3130976295701,-0,-0,-0,-0,-0,-0,-0,-0,-0,-0,-0,-0,0,0,0,0,0,0,0,0
32.3140940136601,-0,-0,-0,-0,-0,-0,-0,-0,-0,-0,-0,-0,0,0,0,0,0,0,0,0
32.3150903977501,-0,-0,-0,-0,-0,-0,-0,-0,-0,-0,-0,-0,0,0,0,0,0,0,0,0
32.3160867818401,-0,-0,-0,-0,-0,-0,-0,-0,-0,-0,-0,-0,0,0,0,0,0,0,0,0
32.3170831659301,-0,-0,-0,-0,-0,-0,-0,-0,-0,-0,-0,-0,0,0,0,0,0,0,0,0
32.3180795500201,-0,-0,-0,-0,-0,-0,-0,-0,-0,-0,-0,-0,0,0,0,0,0,0,0,0
32.3190759341101,-0,-0,-0,-0,-0,-0,-0,-0,-0,-0,-0,-0,0,0,0,0,0,0,0,0
32.3200723182001,-0,-0,-0,-0,-0,-0,-0,-0,-0,-0,-0,-0,0,0,0,0,0,0,0,0
32.3210687022901,-0,-0,-0,-0,-0,-0,-0,-0,-0,-0,-0,-0,0,0,0,0,0,0,0,0
32.3220650863801,-0,-0,-0,-0,-0,-0,-0,-0,-0,-0,-0,-0,0,0,0,0,0,0,0,0
32.3230614704701,-0,-0,-0,-0,-0,-0,-0,-0,-0,-0,-0,-0,0,0,0,0,0,0,0,0
32.3240578545601,-0,-0,-0,-0,-0,-0,-0,-0,-0,-0,-0,-0,0,0,0,0,0,0,0,0
32.3250542386501,-0,-0,-0,-0,-0,-0,-0,-0,-0,-0,-0,-0,0,0,0,0,0,0,0,0
32.3260506227401,-0,-0,-0,-0,-0,-0,-0,-0,-0,-0,-0,-0,0,0,0,0,0,0,0,0
32.3270470068301,-0,-0,-0,-0,-0,-0,-0,-0,-0,-0,-0,-0,0,0,0,0,0,0,0,0
32.3280433909201,-0,-0,-0,-0,-0,-0,-0,-0,-0,-0,-0,-0,0,0,0,0,0,0,0,0
32.32903977501,-0,-0,-0,-0,-0,-0,-0,-0,-0,-0,-0,-0,0,0,0,0,0,0,0,0
32.3300361591,-0,-0,-0,-0,-0,-0,-0,-0,-0,-0,-0,-0,0,0,0,0,0,0,0,0
32.33103254319,-0,-0,-0,-0,-0,-0,-0,-0,-0,-0,-0,-0,0,0,0,0,0,0,0,0
32.33202892728,-0,-0,-0,-0,-0,-0,-0,-0,-0,-0,-0,-0,0,0,0,0,0,0,0,0
32.33302531137,-0,-0,-0,-0,-0,-0,-0,-0,-0,-0,-0,-0,0,0,0,0,0,0,0,0
32.33402169546,-0,-0,-0,-0,-0,-0,-0,-0,-0,-0,-0,-0,0,0,0,0,0,0,0,0
32.33501807955,-0,-0,-0,-0,-0,-0,-0,-0,-0,-0,-0,-0,0,0,0,0,0,0,0,0
32.33601446364,-0,-0,-0,-0,-0,-0,-0,-0,-0,-0,-0,-0,0,0,0,0,0,0,0,0
32.33701084773,-0,-0,-0,-0,-0,-0,-0,-0,-0,-0,-0,-0,0,0,0,0,0,0,0,0
32.33800723182,-0,-0,-0,-0,-0,-0,-0,-0,-0,-0,-0,-0,0,0,0,0,0,0,0,0
32.33900361591,-0,-0,-0,-0,-0,-0,-0,-0,-0,-0,-0,-0,0,0,0,0,0,0,0,0
32.34,-0,-0,-0,-0,-0,-0,-0,-0,-0,-0,-0,-0,0,0,0,0,0,0,0,0
